                                                                                                                                                  
                                                                                                                                                  
                                                               *******************************                                                    
                                                                 DOWNWARD LONGWAVE RADIATION                                                      
                                                               *******************************                                                    
                                                                                                                  COUNTRY = JAPAN                 
                                                                                                                                                  
                                                                                                                                                  
                                                                     UNIT  = 0.01 MJ/m**2                                                         
                        STATION    : Tateno                                                                                                       
                        STATION NO.: 47646                                                                                                        
                        LOCATION   : 140ﾟ08' E                                                                                                    
                                      36ﾟ03' N                                                                                                    
                        ALTITUDE   :   25.2  m                                                                                                    
                        YEAR/MONTH : 1993/09                                                                                                      
                                                                                                                                                  
              DATE   -01  -02  -03  -04  -05  -06  -07  -08  -09  -10  -11  -12  -13  -14  -15  -16  -17  -18  -19  -20  -21  -22  -23  -24  TOTAL
                                                                                                                                                  
               9 1   153  153  152  152  152  153  153  153  154  154  152  151  153  154  155  151  150  152  156  154  153  153  151  146   3660
               9 2   153  156  155  155  154  149  153  152  152  151  151  149  147  142  141  148  150  147  144  144  144  144  143  145   3569
               9 3   145  145  145  145  148  148  148  148  148  148  149  148  149  149  148  149  145  148  149  149  148  149  148  148   3544
               9 4   149  149  150  151  153  153  155  156  154  159  161  161  161  155  150  147  145  144  141  140  138  137  136  134   3579
               9 5   133  133  132  131  130  130  131  132  136  142  143  138  138  142  140  136  135  132  132  131  130  142  143  143   3255
               9 6   142  138  137  137  134  137  141  140  139  142  145  146  148  148  147  150  150  146  145  147  147  147  147  147   3447
               9 7   147  147  147  148  148  147  147  147  148  148  148  149  148  148  148  148  148  147  148  147  147  147  147  146   3540
               9 8   146  146  147  147  146  146  146  147  148  148  148  148  149  148  148  148  147  147  147  148  148  148  148  148   3537
               9 9   146  146  146  146  146  146  145  146  145  145  146  146  146  145  146  147  148  148  148  146  137  131  130  129   3450
               910   129  131  132  131  128  128  129  132  134  138  140  143  148  150  147  146  145  148  155  153  151  151  150  150   3389
               911   149  147  146  138  134  128  134  136  136  146  142  148  148  143  142  139  141  142  140  141  143  145  145  145   3398
               912   145  146  145  145  144  144  146  146  146  147  147  147  144  144  141  144  138  145  140  137  142  146  141  145   3455
               913   148  147  147  143  143  145  143  142  142  148  147  148  147  147  150  151  148  151  149  150  148  149  148  149   3530
               914   148  144  140  138  139  139  139  149  151  152  154  156  150  148  154  152  149  151  145  143  141  136  126  125   3469
               915   124  124  124  123  122  121  121  125  131  132  136  137  139  136  137  138  130  128  126  126  130  134  136  132   3112
               916   132  131  134  135  132  127  128  128  129  135  141  144  144  140  135  136  134  133  133  133  133  131  130  128   3206
               917   128  128  126  127  129  130  132  133  135  140  142  147  150  151  152  149  148  149  148  144  147  146  145  145   3371
               918   139  142  150  146  144  142  137  140  142  143  146  153  154  155  155  154  150  150  147  149  143  142  141  140   3504
               919   137  147  150  147  144  147  147  144  145  143  145  142  146  144  145  144  141  141  140  142  141  143  144  145   3454
               920   147  145  138  141  143  133  139  139  133  134  140  141  132  133  132  133  136  138  140  138  137  135  140  138   3305
               921   137  138  140  141  143  138  140  141  139  141  142  141  140  135  133  132  132  130  130  128  123  124  127  123   3238
               922   115  114  122  119  124  124  126  128  131  132  135  136  134  133  135  135  134  134  134  135  136  136  137  138   3127
               923   139  139  139  139  140  140  140  140  143  142  142  142  142  142  142  143  143  144  145  144  144  143  137  138   3392
               924   139  134  135  139  140  141  143  144  146  145  145  143  147  148  147  148  142  139  139  137  135  135  140  138   3389
               925   138  138  137  140  139  139  138  141  140  140  140  139  140  139  135  130  127  125  124  123  123  134  139  142   3250
               926   129  132  139  140  133  127  130  131  129  130  128  125  130  130  126  126  125  120  124  119  116  115  114  114   3032
               927   114  113  110  109  108  107  108  110  113  116  119  122  120  120  120  121  120  119  117  116  115  113  113  113   2756
               928   111  110  110  110  109  109  110  110  113  116  119  122  123  125  124  124  125  125  124  123  128  130  121  119   2840
               929   120  122  121  122  118  120  125  127  136  136  141  141  142  138  141  141  143  147  148  147  143  142  141  140   3242
               930   141  141  139  133  134  141  140  135  141  140  139  138  139  139  142  139  142  141  141  146  151  152  145  142   3381
              ------------------------------------------------------------------------------------------------------------------------------------
              TOTAL 4123 4126 4135 4118 4101 4079 4114 4142 4179 4233 4273 4291 4298 4271 4258 4249 4211 4211 4199 4180 4162 4180 4153 4135 100421
              MEAN   137  138  138  137  137  136  137  138  139  141  142  143  143  142  142  142  140  140  140  139  139  139  138  138   3347
              MAX    153  156  155  155  154  153  155  156  154  159  161  161  161  155  155  154  150  152  156  154  153  153  151  150   3660
                N     30   30   30   30   30   30   30   30   30   30   30   30   30   30   30   30   30   30   30   30   30   30   30   30     30
              NOTE                                                                                                                                
                                                                                                                                                  
                   *): WITH MISSING DATA; TOTAL,MEAN,MAXIMUM ESTIMATED                                                                            
                                                                                                                                                  
                                                                                                                                                  
                                                                                                                                                  
