                                                                                                                                                  
                                                                                                                                                  
                                                               *******************************                                                    
                                                                 DOWNWARD LONGWAVE RADIATION                                                      
                                                               *******************************                                                    
                                                                                                                  COUNTRY = JAPAN                 
                                                                                                                                                  
                                                                                                                                                  
                                                                     UNIT  = 0.01 MJ/m**2                                                         
                        STATION    : Tateno                                                                                                       
                        STATION NO.: 47646                                                                                                        
                        LOCATION   : 140ﾟ08' E                                                                                                    
                                      36ﾟ03' N                                                                                                    
                        ALTITUDE   :   25.2  m                                                                                                    
                        YEAR/MONTH : 1993/07                                                                                                      
                                                                                                                                                  
              DATE   -01  -02  -03  -04  -05  -06  -07  -08  -09  -10  -11  -12  -13  -14  -15  -16  -17  -18  -19  -20  -21  -22  -23  -24  TOTAL
                                                                                                                                                  
               7 1   140  140  141  141  140  140  140  140  139  139  140  142  143  143  143  142  142  143  143  136  126  125  136  136   3340
               7 2   137  137  137  135  131  138  139  141  138  139  142  144  143  143  143  142  143  142  142  142  142  142  142  142   3366
               7 3   143  143  144  146  147  149  149  149  150  151  150  150  149  149  145  151  141  137  137  142  144  127  127  126   3446
               7 4   124  122  122  120  119  119  130  124  125  128  131  132  132  134  134  135  134  132  131  130  129  131  133  136   3087
               7 5   138  140  141  141  143  145  146  146  145  144  146  146  145  143  142  140  141  140  139  139  131  120  117  115   3333
               7 6   114  113  113  113  113  113  115  116  118  122  125  127  126  125  126  126  125  125  124  122  121  119  121  120   2882
               7 7   129  135  138  139  139  139  138  138  139  140  141  141  142  143  143  143  142  141  144  143  142  141  139  137   3356
               7 8   139  134  142  141  141  140  141  140  132  133  141  142  141  144  140  143  141  135  131  135  135  137  136  138   3322
               7 9   139  130  129  122  128  124  131  126  137  137  139  139  140  139  141  140  140  140  139  138  137  139  139  140   3253
               710   141  141  141  140  142  139  138  140  140  140  141  141  145  145  145  145  145  144  145  144  144  143  141  138   3408
               711   143  143  142  137  141  137  145  147  147  148  149  149  145  151  148  151  150  151  150  149  143  139  132  131   3468
               712   131  136  133  137  145  143  141  145  146  148  149  151  150  151  151  152  152  152  149  148  147  148  149  147   3501
               713   146  145  146  144  148  146  147  147  146  150  152  151  152  153  154  154  152  151  150  150  152  149  150  147   3582
               714   149  148  148  147  147  147  148  148  149  147  146  144  148  149  153  151  149  147  150  151  151  152  151  153   3573
               715   148  149  153  153  152  151  148  150  150  152  152  153  150  148  147  143  143  145  145  146  145  144  144  144   3555
               716   145  144  144  142  142  142  141  142  142  143  143  141  137  137  135  134  132  135  132  130  138  134  131  131   3317
               717   127  129  133  141  146  145  146  145  144  145  147  149  149  151  152  151  151  153  151  149  149  149  149  148   3499
               718   148  148  148  148  148  148  148  147  146  146  146  146  147  146  146  146  146  146  146  145  145  144  144  143   3511
               719   143  143  143  143  143  143  143  143  144  144  144  144  145  145  144  143  143  142  143  142  141  141  141  139   3429
               720   141  138  139  139  139  141  140  140  140  141  141  141  142  142  142  142  142  141  140  140  140  139  140  141   3371
               721   143  142  141  141  142  142  142  143  143  143  144  145  145  145  146  145  145  145  143  144  144  144  144  144   3445
               722   144  143  143  142  143  143  143  146  146  143  144  146  139  147  140  132  129  131  128  139  142  142  136  135   3366
               723   138  141  143  142  142  142  142  143  143  144  144  144  146  145  145  145  139  130  128  127  125  125  136  128   3327
               724   126  136  141  139  141  142  143  144  145  145  147  147  148  148  149  151  149  148  149  149  149  149  149  149   3483
               725   149  150  150  151  152  155  158  155  153  154  155  156  155  156  157  156  155  158  156  152  148  150  154  150   3685
               726   150  150  154  156  150  150  150  149  149  150  152  154  153  151  151  151  150  147  152  149  147  153  153  153   3624
               727   152  154  147  150  151  150  152  151  152  155  156  156  158  154  154  151  150  144  143  139  141  149  150  150   3609
               728   150  150  150  150  151  148  150  150  143  142  146  148  148  146  144  144  143  146  143  144  146  148  150  150   3530
               729   150  149  148  149  148  148  149  150  152  152  153  152  149  151  149  144  143  146  144  151  145  146  145  149   3562
               730   146  146  149  149  149  149  150  150  151  151  152  153  153  154  153  154  153  153  153  154  155  156  158  158   3649
               731   158  156  155  154  154  154  151  140  142  145  148  151  152  154  155  157  158  155  156  158  150  144  144  148   3639
              ------------------------------------------------------------------------------------------------------------------------------------
              TOTAL 4371 4375 4398 4392 4417 4412 4444 4435 4436 4461 4506 4525 4517 4532 4517 4504 4468 4445 4426 4427 4394 4369 4381 4366 106518
              MEAN   141  141  142  142  142  142  143  143  143  144  145  146  146  146  146  145  144  143  143  143  142  141  141  141   3436
              MAX    158  156  155  156  154  155  158  155  153  155  156  156  158  156  157  157  158  158  156  158  155  156  158  158   3685
                N     31   31   31   31   31   31   31   31   31   31   31   31   31   31   31   31   31   31   31   31   31   31   31   31     31
              NOTE                                                                                                                                
                                                                                                                                                  
                   *): WITH MISSING DATA; TOTAL,MEAN,MAXIMUM ESTIMATED                                                                            
                                                                                                                                                  
                                                                                                                                                  
