                                                                                                                                                  
                                                                                                                                                  
                                                               *******************************                                                    
                                                                 DOWNWARD LONGWAVE RADIATION                                                      
                                                               *******************************                                                    
                                                                                                                  COUNTRY = JAPAN                 
                                                                                                                                                  
                                                                                                                                                  
                                                                     UNIT  = 0.01 MJ/m**2                                                         
                        STATION    : Tateno                                                                                                       
                        STATION NO.: 47646                                                                                                        
                        LOCATION   : 140ﾟ08' E                                                                                                    
                                      36ﾟ03' N                                                                                                    
                        ALTITUDE   :   25.2  m                                                                                                    
                        YEAR/MONTH : 1993/01                                                                                                      
                                                                                                                                                  
              DATE   -01  -02  -03  -04  -05  -06  -07  -08  -09  -10  -11  -12  -13  -14  -15  -16  -17  -18  -19  -20  -21  -22  -23  -24  TOTAL
                                                                                                                                                  
               1 1    81   81   80   80   80   80   79   80   82   84   85   86   88   88   88   87   87   86   86   86   86   86   86   87   2019
               1 2    88  101  107   98   92   98   99  107  115  117  118  119  120  121  114  105   95   99  108   95   93   91   90   89   2479
               1 3    87   87   86   86   86   87   87   89   92   93   95   96   97   96   96   96   94   94   95   97   94   94  102   98   2224
               1 4   101  101  105  105   94   91   90   93   93   94   95   98  114  109  113  118  118  118  117  117  116  116  115  115   2546
               1 5   114  114  114   91   86   85   82   80   82   84   86   89   89   88   87   87   87   84   82   81   80   79   79   79   2109
               1 6    79   79   79   79   79   78   78   78   82   85   91  100   97  102  105  112  107  102  109  107  110  114  114  119   2285
               1 7   120  115  120  120  117  117  118  123  123  121  121  120  120  122  121  124  125  124  125  125  125  125  127  126   2924
               1 8   124  121  122  113  120  115  116  102   97   96   96   95   94   93   92   89   86   85   85   85   87   85   85   85   2368
               1 9    84   88  105  110  111  111  110  109  113  114  114  113  114  115  115  116  116  115  114  115  116  116  115  103   2652
               110   112  113  113  109  113  112  113  115  116  116  114  116  114  116  116  110   99   97   97   99  112  119  118  117   2676
               111   117  116  116  116  115  114  114  113  114  114  114  114  114  116  116  116  116  115  114  114  115  113  113  113   2752
               112   111  108   91   87   86   85   84   84   86   89   89   89   90   91   94   90   89   89   88   87   87   87   86   86   2153
               113    90   89   93  110  109  108  111  109  109  110  101  109  101  106  111   98   98  104  118  118  118  119  121  121   2581
               114   121  121  120  120  119  119  119  120  120  120  119  119  119  119  119  119  119  119  119  119  119  119  119  119   2865
               115   119  119  118  118  117  117  118  117  118  119  118  118  119  118  119  118  118  117  117  116  116  118  117  117   2826
               116   116  116  116  116  116  116  117  116  118  118  119  118  119  118  118  118  118  117  117  117  117  117  117  116   2811
               117   115   93  115  116   98   97   97  105   95   95   93   93   91   91   90   87   86   82   82   82   82   79   77   80   2221
               118    82   84   90   99   93   95   94   90  106  110  113  112  114  117  119  118  119  117  119  118  118  119  104   90   2540
               119    89   91   87   89   88   87   86   85   88   89   90   92   92   93   94   92   90   88   88   85   92   87   91   88   2141
               120    87   85   85   86   84   83   81   81   83   86   86   88   90   91   91   89   89   86   84   86   90   85   89   90   2075
               121    82   79   79   77   78   78   78   78   80   82   82   85   86   87   86   85   81   80   79   80   79   79   80   79   1939
               122    79   79   79   79   79   78   78   78   80   81   83   85   85   87   86   87   84   84   82   82   81   81   81   84   1962
               123    80   80   80   81   83   88   86   83   85   88   96  110  112  112  110  112  112  113  112  113  113  112  113  112   2386
               124   113  113  113  113  113  112  112  112  113  113  113  114  114  115  115  115  115  115  115  115  113  114  114  115   2729
               125   115  115  115  115  116  116  117  118  118  120  120  121  122  122  122  123  123  123  121  120  120  119  118  119   2858
               126   118  117  116  116  116  116  115  116  115  116  116  117  118  119  118  117  116  116  117  116  114  110  111  109   2775
               127    92   91   94  106  110  107  101   89   94  101  103  104  105  108  110  113  109  101  107  110  109  111  113  115   2503
               128   117  116  117  116  116  116  116  114  100  112  109   99   95   97   91   82   78   78   77   77   78   77   77   77   2332
               129    76   77   77   77   77   77   77   78   79   81   82   85   86   86   85   85   84   83   82   82   81   81   81   82   1941
               130    83   86   83   84   92   95   98   90   86   85   89   92   93   94   93   92   91   93   89   86   85   85   84   84   2132
               131    84   83   83   83   83   82   82   83   85   88   91   94   94   95   95   95   93   93   92   91   89   89   88   87   2122
              ------------------------------------------------------------------------------------------------------------------------------------
              TOTAL 3076 3058 3098 3095 3066 3060 3053 3035 3067 3121 3141 3190 3206 3232 3229 3195 3142 3117 3137 3121 3135 3126 3125 3101  74926
              MEAN    99   99  100  100   99   99   98   98   99  101  101  103  103  104  104  103  101  101  101  101  101  101  101  100   2417
              MAX    124  121  122  120  120  119  119  123  123  121  121  121  122  122  122  124  125  124  125  125  125  125  127  126   2924
                N     31   31   31   31   31   31   31   31   31   31   31   31   31   31   31   31   31   31   31   31   31   31   31   31     31
              NOTE                                                                                                                                
                                                                                                                                                  
                   *): WITH MISSING DATA; TOTAL,MEAN,MAXIMUM ESTIMATED                                                                            
                                                                                                                                                  
                                                                                                                                                  
