                                                                                                                                                  
                                                                                                                                                  
                                                               *******************************                                                    
                                                                 DOWNWARD LONGWAVE RADIATION                                                      
                                                               *******************************                                                    
                                                                                                                  COUNTRY = JAPAN                 
                                                                                                                                                  
                                                                                                                                                  
                                                                     UNIT  = 0.01 MJ/m**2                                                         
                        STATION    : Tateno                                                                                                       
                        STATION NO.: 47646                                                                                                        
                        LOCATION   : 140ﾟ08' E                                                                                                    
                                      36ﾟ03' N                                                                                                    
                        ALTITUDE   :   25.2  m                                                                                                    
                        YEAR/MONTH : 1993/05                                                                                                      
                                                                                                                                                  
              DATE   -01  -02  -03  -04  -05  -06  -07  -08  -09  -10  -11  -12  -13  -14  -15  -16  -17  -18  -19  -20  -21  -22  -23  -24  TOTAL
                                                                                                                                                  
               5 1   124  122  122  120  121  117  105  116  119  116  119  122  121  111  111  103   98   96   94   93   93   92   94  108   2637
               5 2   109  105  108  111  112  114  114  116  118  120  121  121  121  124  124  126  126  127  128  129  128  128  128  129   2887
               5 3   128  128  127  126  126  127  127  124  127  126  125  123  126  127  124  123  124  123  122  125  120  117  113  106   2964
               5 4   102  102   99   97   96   96   97   98  101  104  108  112  111  110  109  106  106  105  105  101   99   99  104  102   2469
               5 5   114  111  111   98   96   96   99  106  107  113  118  116  122  127  125  127  125  122  115  117  125  116  108  111   2725
               5 6   118  115  124  104  103  103  108  112  116  124  131  134  133  126  127  127  128  128  126  126  126  127  127  128   2921
               5 7   129  115  110  109  108  108  108  110  114  119  123  124  120  120  118  115  113  109  111  113  116  127  127  126   2792
               5 8   126  126  126  126  126  126  127  127  128  130  126  129  119  118  120  118  129  133  132  133  133  133  133  133   3057
               5 9   130  126  130  121  112  130  133  134  135  136  137  138  138  137  138  135  132  131  132  133  133  133  134  134   3172
               510   134  135  135  135  135  135  135  135  136  136  137  138  137  137  137  137  137  137  136  136  136  135  134  133   3258
               511   133  133  131  130  131  129  125  120  114  111  113  115  118  118  119  133  120  118  116  115  114  114  116  119   2905
               512   117  115  113  112  112  112  111  113  117  120  123  126  129  131  128  127  128  127  128  125  124  123  123  122   2906
               513   122  122  122  121  122  120  123  128  131  133  137  140  142  143  142  140  138  136  135  132  128  127  126  125   3135
               514   132  141  140  139  138  135  133  133  133  133  132  132  133  131  130  131  130  126  124  123  121  105   97   96   3068
               515    95   94   94   92  105  111  100   96  101  103  107  111  115  115  116  112  108  107  104  101  101  102  114  112   2516
               516   101   96   96   96   95   94   97  100  103  104  106  108  109  110  112  115  120  114  106  104  103  102  101  101   2493
               517   101  102  102  102  101  101  106  110  117  122  127  128  129  130  131  131  129  129  130  131  131  132  132  133   2887
               518   133  132  132  133  135  134  134  133  134  134  131  132  134  133  135  138  133  130  125  120  115  113  111  109   3093
               519   109  108  111  107  121  126  128  126  110  116  120  123  124  124  122  121  121  122  119  121  121  120  122  121   2863
               520   121  122  122  121  119  117  120  121  121  121  123  129  130  134  138  138  135  138  137  126  113  110  108  107   2971
               521   107  106  105  103  103  103  105  108  110  113  116  117  118  118  117  117  115  114  114  114  114  112  110  110   2669
               522   117  122  118  113  116  118  121  126  129  133  135  136  136  137  140  141  141  139  135  136  136  137  137  137   3136
               523   137  137  137  137  138  138  135  124  122  122  124  128  129  130  131  131  128  129  119  116  115  115  114  112   3048
               524   114  118  131  125  122  126  125  127  132  136  138  139  138  140  137  136  136  132  129  128  128  124  121  118   3100
               525   116  115  113  113  112  111  112  114  115  118  122  125  126  126  134  131  126  120  121  125  124  126  121  120   2886
               526   118  119  121  123  116  112  115  117  118  122  124  123  128  127  125  122  121  120  117  117  116  114  112  110   2857
               527   110  109  107  105  104  102  106  109  111  113  116  116  116  115  116  117  119  120  117  115  114  112  110  109   2688
               528   108  108  107  106  105  106  109  112  115  118  122  127  130  130  132  129  127  123  123  120  116  115  115  115   2818
               529   126  129  128  132  130  131  136  138  140  141  133  140  139  136  132  132  134  130  129  123  122  125  131  130   3167
               530   129  130  134  136  133  133  133  129  134  134  136  138  139  138  137  142  140  131  131  135  134  135  135  134   3230
               531   131  130  129  131  126  124  127  123  128  131  136  135  135  137  136  127  125  122  123  127  118  114  116  133   3064
              ------------------------------------------------------------------------------------------------------------------------------------
              TOTAL 3691 3673 3685 3624 3619 3635 3654 3685 3736 3802 3866 3925 3945 3940 3943 3928 3892 3838 3783 3760 3717 3684 3674 3683  90382
              MEAN   119  118  119  117  117  117  118  119  121  123  125  127  127  127  127  127  126  124  122  121  120  119  119  119   2916
              MAX    137  141  140  139  138  138  136  138  140  141  138  140  142  143  142  142  141  139  137  136  136  137  137  137   3258
                N     31   31   31   31   31   31   31   31   31   31   31   31   31   31   31   31   31   31   31   31   31   31   31   31     31
              NOTE                                                                                                                                
                                                                                                                                                  
                   *): WITH MISSING DATA; TOTAL,MEAN,MAXIMUM ESTIMATED                                                                            
                                                                                                                                                  
                                                                                                                                                  
