                                                                                                                                                  
                                                                                                                                                  
                                                               *******************************                                                    
                                                                 DOWNWARD LONGWAVE RADIATION                                                      
                                                               *******************************                                                    
                                                                                                                  COUNTRY = JAPAN                 
                                                                                                                                                  
                                                                                                                                                  
                                                                     UNIT  = 0.01 MJ/m**2                                                         
                        STATION    : Tateno                                                                                                       
                        STATION NO.: 47646                                                                                                        
                        LOCATION   : 140ﾟ08' E                                                                                                    
                                      36ﾟ03' N                                                                                                    
                        ALTITUDE   :   25.2  m                                                                                                    
                        YEAR/MONTH : 1993/12                                                                                                      
                                                                                                                                                  
              DATE   -01  -02  -03  -04  -05  -06  -07  -08  -09  -10  -11  -12  -13  -14  -15  -16  -17  -18  -19  -20  -21  -22  -23  -24  TOTAL
                                                                                                                                                  
              12 1   116  113  108  113  117  119  117  118  123  127  125  125  124  124  124  124  124  123  119  118  114  109  104  106   2834
              12 2   110  111  108  106  112  117  112  118  102  101  103  104  106  111  118  118  113  112  110  123  117  102  101  100   2635
              12 3   100   99  100  104  104  103  105  106  105  105  108  110  113  115  113  117  115  127  129  131  130  125  122  127   2713
              12 4   129  129  127  126  127  117  102  102  104  115  123  122  122  122  121  121  120  118  116  116  115  111   94   96   2795
              12 5    92   90   96   95   90   91   90   89   86   89   91   95  106  101   97   96   94   94   95   92   91   90   89   89   2228
              12 6    89   95  109  112  115  116  116  117  117  117  117  117  117  116  116  116  115  116  117  118  117  116  103  101   2705
              12 7   100   94   96   89   88   87   86   87   88   90   93   93   95   95   95   93   92   91   91   91   92   92   94  100   2212
              12 8   102   98   96   98  107  112  110  116  117  117  117  118  119  119  119  120  119  119  119  118  119  118  113  109   2719
              12 9   102   95   94   92   91   89   95  104   95   91   93   96   97   99   98   97   94   93   96   93   92   91   92   94   2273
              1210    92  101  110  114  116  116  109  117  118  119  117  112  112  118  114  119  125  124  125  125  123  122  122  123   2793
              1211   124  124  122  120  121  120  105  100   99  100  104  118  121  120  117  114   92   88   88   87   86   86   85   85   2526
              1212    85   84   85   85   85   85   86   86   87   89   90   94   95   96  102  119  120  113  115  103  109  117  120  121   2371
              1213   117  122  117  119   99   90   90   89   91   93   95   96   97   98   98   98   98  100  107  102   96  100  100  105   2417
              1214   107  109  113  109  102  113  114  119  119  120  121  122  125  126  121  118  122  121  120  117  114  113  113  110   2788
              1215   111  111  110  110  109  105  106  101   99   98   96  105  105   92   84   81   80   80   80   79   78   78   78   78   2254
              1216    77   77   77   77   76   76   75   76   78   80   82   83   85   85   86   86   88   98  111  114  114  116  115  115   2147
              1217   115  115  115  115  112   97   94   89   87   89   91   93   94   95   92   91   89  101   89   83   81   79   78   78   2262
              1218    78   78   78   78   78   78   78   79   81   82   84   85   86   88   88   88   86   85   84   84   83   83   83   83   1978
              1219    82   82   82   82   82   81   86   93  104  111  112  113  114  114  115  106  102   97   90  104  107  108  105  105   2377
              1220   111  112  115  114  114  113  112  107  109  107  106  119  119  120  120  120  120  119  119  119  120  120  119  120   2774
              1221   120  120  120  118  119  116  122  122  122  122  125  125  124  123  108  107  107  107  111  100   99  114  114  103   2768
              1222   101   89   80   80   79   78   78   79   80   82   84   85   86   87   87   85   83   85   85   86   94  105  107   98   2083
              1223    94   82   76   76   75   75   75   74   76   77   80   81   83   84   83   82   82   81   81   80   81   82   82   82   1924
              1224    82   82   83   83   83   82   83   84   86   88   89   91   92   92   92   91   90   90   89   89   90   89   87   88   2095
              1225    97  112  108  111  111  108   97  101  108  109  105   95   97   97   96   97   95   94   93   93   93   92   92   91   2392
              1226    90   89   89   99  103  102   92  102  108  102   97   97   98   99   98   96   96   95   94   95   95   98  113  120   2367
              1227   119  118  120  123  119  107  104   98   91   93   95   96   97   97   96   93   90   89   88   87   87   88   88   88   2371
              1228    88   88   87   87   86   85   84   86   90   88   89   90   89   88   86   84   83   82   82   82   82   82   82   81   2051
              1229    82   81   81   80   79   79   79   80   82   84   85   87   87   88   89   88   86   85   85   84   84   83   82   80   2000
              1230    80   80   80   80   80   79   79   84   99   87   89   97   98  105  105  115  110  119  118  106  106  106  107  107   2316
              1231   106  105  104  103  102  101  101  101  103  106  109  115  121  127  124  122  117  117  118  118  116  114  112  103   2665
              ------------------------------------------------------------------------------------------------------------------------------------
              TOTAL 3098 3085 3086 3098 3081 3037 2982 3024 3054 3078 3115 3179 3224 3241 3202 3202 3147 3163 3164 3137 3125 3129 3096 3086  74833
              MEAN   100  100  100  100   99   98   96   98   99   99  100  103  104  105  103  103  102  102  102  101  101  101  100  100   2414
              MAX    129  129  127  126  127  120  122  122  123  127  125  125  125  127  124  124  125  127  129  131  130  125  122  127   2834
                N     31   31   31   31   31   31   31   31   31   31   31   31   31   31   31   31   31   31   31   31   31   31   31   31     31
              NOTE                                                                                                                                
                                                                                                                                                  
                   *): WITH MISSING DATA; TOTAL,MEAN,MAXIMUM ESTIMATED                                                                            
                                                                                                                                                  
                                                                                                                                                  
