                                                                                                                                                  
                                                                                                                                                  
                                                               *******************************                                                    
                                                                 DOWNWARD LONGWAVE RADIATION                                                      
                                                               *******************************                                                    
                                                                                                                  COUNTRY = JAPAN                 
                                                                                                                                                  
                                                                                                                                                  
                                                                     UNIT  = 0.01 MJ/m**2                                                         
                        STATION    : Tateno                                                                                                       
                        STATION NO.: 47646                                                                                                        
                        LOCATION   : 140ﾟ08' E                                                                                                    
                                      36ﾟ03' N                                                                                                    
                        ALTITUDE   :   25.2  m                                                                                                    
                        YEAR/MONTH : 1993/06                                                                                                      
                                                                                                                                                  
              DATE   -01  -02  -03  -04  -05  -06  -07  -08  -09  -10  -11  -12  -13  -14  -15  -16  -17  -18  -19  -20  -21  -22  -23  -24  TOTAL
                                                                                                                                                  
               6 1   137  131  136  126  133  130  136  137  139  138  128  123  122  122  120  120  119  117  119  117  121  129  134  126   3060
               6 2   132  128  129  133  134  135  134  132  127  133  133  133  135  135  135  134  137  136  137  139  140  141  142  143   3237
               6 3   143  144  145  145  142  143  144  145  145  145  145  142  131  127  126  126  125  124  122  132  135  138  138  137   3289
               6 4   136  135  132  130  130  128  127  119  120  122  128  133  132  132  139  133  137  134  137  136  134  132  126  116   3128
               6 5   114  114  115  115  116  119  131  133  135  135  137  138  140  140  139  139  139  137  136  133  134  138  140  138   3155
               6 6   136  137  137  139  136  135  135  136  136  137  136  138  137  130  131  131  137  137  135  127  134  134  132  130   3233
               6 7   128  133  133  133  134  134  134  134  134  135  137  137  139  139  137  138  139  139  138  139  139  137  132  137   3259
               6 8   138  137  124  130  137  138  138  136  134  135  141  135  137  133  134  134  138  142  136  135  135  134  133  132   3246
               6 9   133  135  136  136  136  136  136  137  137  136  136  137  138  137  135  135  131  121  121  117  114  113  113  111   3117
               610   110  110  110  110  110  111  113  115  117  121  125  127  128  127  126  127  129  139  138  136  131  126  126  119   2931
               611   122  117  127  132  129  119  120  121  122  124  128  130  131  128  126  135  129  122  133  131  134  124  116  117   3017
               612   132  123  116  130  126  131  130  128  129  132  132  140  140  138  140  141  134  126  122  129  123  122  123  125   3112
               613   124  123  123  122  123  126  123  126  136  140  135  140  140  138  144  145  144  143  142  142  144  144  143  142   3252
               614   142  145  143  145  146  146  147  148  149  149  150  150  151  150  151  152  145  143  145  143  142  149  149  150   3530
               615   151  150  151  151  151  148  143  135  138  139  147  145  146  149  150  150  151  150  148  149  148  148  147  147   3532
               616   148  149  149  148  145  145  147  147  135  139  141  145  146  146  149  150  147  139  139  143  139  146  150  146   3478
               617   140  139  142  142  138  141  138  136  137  136  137  138  140  139  137  137  138  135  133  129  128  132  135  133   3280
               618   140  140  133  126  139  141  139  129  141  139  142  144  137  142  140  146  146  145  145  145  145  145  145  145   3379
               619   145  144  145  146  145  145  143  146  147  146  147  147  147  147  148  149  151  151  152  152  151  152  152  151   3549
               620   150  150  150  150  150  151  150  XXX  XXX  146  147  152  144  143  141  139  137  139  137  141  138  145  142  145   XXXX
               621   145  142  141  143  137  139  128  133  137  143  146  149  147  143  144  144  140  140  142  138  135  127  125  135   3343
               622   138  131  125  122  124  125  128  132  134  138  138  142  144  144  137  134  133  132  133  133  133  134  136  139   3209
               623   139  141  143  147  143  141  142  144  146  146  146  145  145  144  145  145  145  145  144  144  144  143  143  143   3453
               624   143  143  143  141  139  135  138  138  145  144  146  146  146  140  134  137  139  145  145  145  145  145  145  144   3411
               625   131  133  141  138  132  131  138  141  145  144  147  147  149  149  149  149  147  141  140  142  144  145  144  141   3408
               626   143  143  143  139  139  140  143  144  145  148  149  149  150  151  151  149  151  151  151  149  145  135  139  144   3491
               627   146  147  148  140  138  139  148  148  136  139  139  140  141  143  145  147  145  140  145  145  136  136  141  135   3407
               628   133  133  133  130  129  130  133  133  134  135  137  139  140  139  141  140  147  144  146  142  142  144  145  144   3313
               629   137  138  138  139  139  136  138  140  141  141  142  141  143  144  143  144  145  145  145  145  145  144  143  143   3399
               630   144  144  144  143  144  143  143  143  143  145  145  145  144  143  142  143  143  142  142  140  141  141  141  140   3428
              ------------------------------------------------------------------------------------------------------------------------------------
              TOTAL 4100 4079 4075 4071 4064 4061 4087 4071 4101 4150 4187 4217 4210 4182 4179 4193 4188 4144 4148 4138 4119 4123 4120 4098  98943
              MEAN   137  136  136  136  135  135  136  136  137  138  140  141  140  139  139  140  140  138  138  138  137  137  137  137   3298
              MAX    151  150  151  151  151  151  150  148  149  149  150  152  151  151  151  152  151  151  152  152  151  152  152  151   3549
                N     30   30   30   30   30   30   30   29   29   30   30   30   30   30   30   30   30   30   30   30   30   30   30   30     29
              NOTE                                       *)   *)                                                                                *)
                                                                                                                                                  
                   *): WITH MISSING DATA; TOTAL,MEAN,MAXIMUM ESTIMATED                                                                            
                                                                                                                                                  
                                                                                                                                                  
                                                                                                                                                  
