                                                                                                                                                  
                                                                                                                                                  
                                                               *******************************                                                    
                                                                 DOWNWARD LONGWAVE RADIATION                                                      
                                                               *******************************                                                    
                                                                                                                  COUNTRY = JAPAN                 
                                                                                                                                                  
                                                                                                                                                  
                                                                     UNIT  = 0.01 MJ/m**2                                                         
                        STATION    : Tateno                                                                                                       
                        STATION NO.: 47646                                                                                                        
                        LOCATION   : 140ﾟ08' E                                                                                                    
                                      36ﾟ03' N                                                                                                    
                        ALTITUDE   :   25.2  m                                                                                                    
                        YEAR/MONTH : 1993/04                                                                                                      
                                                                                                                                                  
              DATE   -01  -02  -03  -04  -05  -06  -07  -08  -09  -10  -11  -12  -13  -14  -15  -16  -17  -18  -19  -20  -21  -22  -23  -24  TOTAL
                                                                                                                                                  
               4 1   128  128  129  127  127  126  128  125  119  131  131  125  115  117  126  130  126  120  118  112  102   95   95   93   2873
               4 2    92   91   93   93   93   92   93   97  100  104  107  108  109  110  109  110  108  105  103  102  102  101  100   99   2421
               4 3   100   99   96   96   96   95   96  101  111  110  111  118  122  127  129  122  116  110  112  121  122  116  111  113   2650
               4 4   114  107  114  122  122  123  124  127  127  125  123  129  128  124  124  126  122  122  122  123  122  121  120  119   2930
               4 5   118  116  117  117  115  112  110  111  109  108  103   98   96   96   95   94   93   91   90   88   87   85   83   82   2414
               4 6    82   81   82   84   86   84   89   94   95  102  102  108  113  101  117  117  103   97   95   94   93   98   93   92   2302
               4 7    90   90   88   86   85   85   87   89   93   97  102  108  109  110  116  116  118  113  103   98   98  104  114  110   2409
               4 8   112  110   99   85   84   84   87   91   94   98   99  100  108  117  117  108  104   91   88   86   88   97   86   84   2317
               4 9    84   82   82   82   81   82   85   85   90   93   96   97   98  103  111  116  117  117  115  101   96  103   92   88   2296
               410    91   86   85   85   84   83   84   86   89   94  102  104  105  106  106  114   99  102  103   87   83   83   83   82   2226
               411    81   80   80   80   79   79   81   84   88   89   93   94   97   98  102  103  105  109  118  114  116  115  113  114   2312
               412   115  115  116  116  117  116  114  112  109  106  103  108  112  106  111  112  108  107   92   95   91   93   96   90   2560
               413    91   93  102  103  106  111  113  115  115  114  112  118  110  105  104  104  104  108  116  119  107  103   93   98   2564
               414    93   90   88   87   87   87   88   90   93   96   98   99  101  101  100  101  100   96   95   95   95   95   93   92   2260
               415    90   88   87   87   86   87   88   91   96  102  106  107  110  115  115  116  124  120  117  104  100  102  100   98   2436
               416    96   95   95   95   96   95   94   97  100  104  108  109  109  112  113  109  106  102  104  107  102  101  102  106   2457
               417   105  109  104  101   99   96   99  105  107  114  122  124  129  129  119  118  128  128  116  101  100   99   99   98   2649
               418    98   97   96   96   96   96   98  102  108  113  117  120  120  121  120  117  115  112  111  109  107  105  104  102   2580
               419   101   99   98   98   97   95   96   99   99  100  101  103  104  103  102  101   99   98   98   97  103  122  122  122   2457
               420   122  122  122  122  122  122  123  124  124  124  125  124  124  122  122  121  119  119  120  119  118  118  119  119   2916
               421   119  119  119  119  119  119  119  119  120  121  123  123  124  126  124  124  126  125  125  126  127  126  127  127   2946
               422   128  127  127  128  127  127  127  127  130  131  128  130  133  135  136  136  136  135  134  130  127  129  130  133   3131
               423   133  130  130  130  133  131  130  133  133  127  127  128  124  125  127  128  127  126  126  123  124  123  124  123   3065
               424   122  125  127  128  128  133  135  136  135  135  131  133  133  132  133  136  135  135  124  119  118  116  116  118   3083
               425   117  118  119  123  127  123  126  127  129  131  139  138  133  135  130  128  125  122  119  112   98   94   93   92   2898
               426    92   92   93   91   90   90   90   94   99  102  105  109  109  111  110  111  106  100   99  100   99  100   99  102   2393
               427   103  112  111  102  103  103  105  109  113  115  121  128  129  126  126  125  123  121  121  117  113  112  110  108   2756
               428   108  107  106  105  105  105  106  107  111  113  122  125  125  119  124  127  127  127  125  124  123  123  122  123   2809
               429   123  123  123  123  123  123  124  122  123  124  124  124  124  124  123  123  122  122  122  121  121  122  122  122   2947
               430   121  121  121  120  122  122  122  124  124  125  125  126  127  127  127  127  128  115  117  127  126  126  124  124   2968
              ------------------------------------------------------------------------------------------------------------------------------------
              TOTAL 3169 3152 3149 3131 3135 3126 3161 3223 3283 3348 3406 3465 3480 3483 3518 3520 3469 3395 3348 3271 3208 3227 3185 3173  79025
              MEAN   106  105  105  104  105  104  105  107  109  112  114  116  116  116  117  117  116  113  112  109  107  108  106  106   2634
              MAX    133  130  130  130  133  133  135  136  135  135  139  138  133  135  136  136  136  135  134  130  127  129  130  133   3131
                N     30   30   30   30   30   30   30   30   30   30   30   30   30   30   30   30   30   30   30   30   30   30   30   30     30
              NOTE                                                                                                                                
                                                                                                                                                  
                   *): WITH MISSING DATA; TOTAL,MEAN,MAXIMUM ESTIMATED                                                                            
                                                                                                                                                  
                                                                                                                                                  
                                                                                                                                                  
