                                                                                                                                                  
                                                                                                                                                  
                                                               *******************************                                                    
                                                                 DOWNWARD LONGWAVE RADIATION                                                      
                                                               *******************************                                                    
                                                                                                                  COUNTRY = JAPAN                 
                                                                                                                                                  
                                                                                                                                                  
                                                                     UNIT  = 0.01 MJ/m**2                                                         
                        STATION    : Tateno                                                                                                       
                        STATION NO.: 47646                                                                                                        
                        LOCATION   : 140ﾟ08' E                                                                                                    
                                      36ﾟ03' N                                                                                                    
                        ALTITUDE   :   25.2  m                                                                                                    
                        YEAR/MONTH : 1993/11                                                                                                      
                                                                                                                                                  
              DATE   -01  -02  -03  -04  -05  -06  -07  -08  -09  -10  -11  -12  -13  -14  -15  -16  -17  -18  -19  -20  -21  -22  -23  -24  TOTAL
                                                                                                                                                  
              11 1    96   94   94   93   93   93   93   95   99  101  104  105  106  107  107  107  106  106  106  104  102  101   99   99   2410
              11 2    98   97   96   96   96   97   98  100  105  108  110  111  118  121  122  123  123  125  125  125  124  123  123  121   2685
              11 3   122  121  121  118  116  116  114  115  116  116  117  118  116  117  115  114  111  111  110  111  112  109  108  107   2751
              11 4   105  104  103  102  101  101  101  106  107  107  109  112  114  111  111  111  110  108  107  105  104  104  103  101   2547
              11 5    99   98   97  100  105  105  109  105   96   99  103  105  108  110  110  110  108  109  108  107  107  106  106  105   2515
              11 6   105  103  102  102  102  104  105  106  110  112  119  124  127  129  130  130  132  132  132  133  130  126  126  126   2847
              11 7   127  127  127  128  126  127  128  129  129  123  119  119  117  127  115  114  113  119  119  118  121  124  125  125   2946
              11 8   125  125  124  121  124  126  126  125  125  125  125  126  126  126  126  127  127  127  127  127  127  127  128  127   3019
              11 9   127  125  124  104   99   98   99   96   96   99  101  103  104  105  105  102  101  100  100   99  115  123  112  101   2538
              1110   112  111  114  118  116  111  104  102   98   99  105  110  107  118  108  105  109  106  103  105  105  110  110  111   2597
              1111   106  106  112  119  123  119  121  122  125  125  128  130  130  130  130  130  128  126  128  132  131  130  130  123   2984
              1112   124  127  130  129  129  130  133  133  131  132  133  133  134  128  128  134  129  120  118  118  115  116  127  124   3055
              1113   133  133  133  134  135  137  135  137  138  139  139  140  140  140  141  141  140  143  145  145  146  147  147  146   3354
              1114   146  146  146  147  147  147  146  146  146  147  145  145  146  144  146  143  140  130  123  117  116  115  114  111   3299
              1115   109  109  109  109  108  108  106  107  110  111  113  114  114  114  116  116  114  113  110  109  109  109  108  107   2652
              1116   106  105  102   99   99   99   98  100  103  105  108  109  109  110  109  108  107  104  104  103  103  104  104  104   2502
              1117   103  102  102  101  102  102  101  101  103  106  115  126  119  112  107  108  107  105  105  107  117  123  132  130   2636
              1118   130  115  116  118  116  120  123  121  127  126  130  131  127  128  128  129  129  134  136  137  134  126  122  112   3015
              1119   109  108  107  107  106  107  106  104  104  108  110  112  112  112  115  115  119  108  114  116  116  114  124  125   2678
              1120   125  125  126  125  122  114  124  124  127  127  128  128  128  128  128  128  127  127  127  125  125  127  126  126   3017
              1121   126  126  131  132  132  133  133  132  132  133  135  136  136  136  128  124  133  140  141  138  131  134  137  137   3196
              1122   135  126  130  130  128  127  125  123  120  120  104   99  105  109  120  119  120  121  122  122  119  119  120  109   2872
              1123   103  112  112  118  113  112  117  105  108  105  102  103  107  107  105  104  102  101  101  105  104  106  107  102   2561
              1124    98  101  102  103  101   90   86   87   88   89   89   90   90   89   89   88   87   86   85   86   86   87   85   85   2167
              1125    85   86   88  105  101   89   84   84   86   89   91   93   96   96   97   97   97   95   99  100  101  101  102  100   2262
              1126    95   97   99  101   97   91   89   89   90   93   96   98  100  100  104  108  109  104  109  117  120  120  117  110   2453
              1127   109  106  107  106  107  110  111  111  112  112  113  114  115  116  115  114  112  108  100   98  103   96   95   93   2583
              1128    92   93   93   93   94   95   94   92   94   97  101  103  105  101   96   94   89   89   87   87   86   86   86   85   2232
              1129    85   85   84   84   84   84   83   85   87   91   94   97   99   97   98  105  104  111  115  115  115  117  118  116   2353
              1130   114  106   95   98  101  102   94  105  100  103  115  119  124  113  111  109  113  108  121  114  123  125  123  121   2657
              ------------------------------------------------------------------------------------------------------------------------------------
              TOTAL 3349 3319 3326 3340 3323 3294 3286 3287 3312 3347 3401 3453 3479 3481 3460 3457 3446 3416 3427 3425 3447 3455 3464 3389  81383
              MEAN   112  111  111  111  111  110  110  110  110  112  113  115  116  116  115  115  115  114  114  114  115  115  115  113   2713
              MAX    146  146  146  147  147  147  146  146  146  147  145  145  146  144  146  143  140  143  145  145  146  147  147  146   3354
                N     30   30   30   30   30   30   30   30   30   30   30   30   30   30   30   30   30   30   30   30   30   30   30   30     30
              NOTE                                                                                                                                
                                                                                                                                                  
                   *): WITH MISSING DATA; TOTAL,MEAN,MAXIMUM ESTIMATED                                                                            
                                                                                                                                                  
                                                                                                                                                  
                                                                                                                                                  
