                                                                                                                                                  
                                                                                                                                                  
                                                               *******************************                                                    
                                                                 DOWNWARD LONGWAVE RADIATION                                                      
                                                               *******************************                                                    
                                                                                                                  COUNTRY = JAPAN                 
                                                                                                                                                  
                                                                                                                                                  
                                                                     UNIT  = 0.01 MJ/m**2                                                         
                        STATION    : Tateno                                                                                                       
                        STATION NO.: 47646                                                                                                        
                        LOCATION   : 140ﾟ08' E                                                                                                    
                                      36ﾟ03' N                                                                                                    
                        ALTITUDE   :   25.2  m                                                                                                    
                        YEAR/MONTH : 1993/08                                                                                                      
                                                                                                                                                  
              DATE   -01  -02  -03  -04  -05  -06  -07  -08  -09  -10  -11  -12  -13  -14  -15  -16  -17  -18  -19  -20  -21  -22  -23  -24  TOTAL
                                                                                                                                                  
               8 1   149  149  143  138  141  142  140  141  144  145  149  150  149  150  151  154  155  149  148  146  147  149  147  147   3523
               8 2   143  138  143  145  135  138  147  147  148  148  148  148  148  147  146  145  145  144  144  144  144  144  143  143   3465
               8 3   143  143  142  142  143  142  142  142  142  143  143  143  143  142  142  143  143  142  142  142  142  142  142  141   3416
               8 4   142  142  141  140  138  140  139  135  143  144  144  145  142  144  146  146  146  145  144  145  144  144  144  144   3427
               8 5   143  143  143  144  144  143  144  144  145  146  144  142  147  146  141  138  134  138  139  140  135  133  135  135   3386
               8 6   139  137  139  141  142  143  143  144  144  144  145  144  143  144  144  145  146  146  147  147  148  145  143  147   3450
               8 7   146  146  145  142  142  143  143  138  137  145  146  147  148  149  149  146  140  133  131  137  140  137  139  145   3414
               8 8   145  145  145  145  146  145  145  145  145  146  147  147  147  147  147  147  146  143  142  145  146  145  144  143   3488
               8 9   143  143  143  143  142  143  144  144  144  145  146  146  147  146  147  147  146  146  144  143  144  144  144  144   3468
               810   138  139  143  144  144  144  145  146  146  147  148  149  149  150  150  151  151  151  152  152  152  152  149  150   3542
               811   152  152  152  153  155  155  156  157  158  151  147  149  151  150  149  148  147  146  145  142  140  137  136  135   3563
               812   132  129  128  126  125  125  125  128  130  134  137  139  140  143  142  143  142  140  138  139  144  141  137  132   3239
               813   144  135  136  128  128  127  128  131  135  145  149  149  151  150  147  143  144  150  148  148  145  145  145  150   3401
               814   149  149  149  150  152  151  151  152  151  152  155  153  153  155  155  153  151  150  153  150  149  149  150  151   3633
               815   150  147  147  147  144  145  146  148  149  150  148  156  157  157  157  156  151  150  152  154  153  151  154  154   3623
               816   154  154  154  153  153  152  151  150  149  149  150  149  149  149  149  148  148  148  147  147  147  148  148  148   3594
               817   148  148  148  148  148  148  148  149  150  150  151  152  152  152  152  153  153  152  152  153  153  152  152  150   3614
               818   150  148  147  151  150  153  145  149  154  153  153  153  153  149  152  152  154  153  153  153  151  151  151  151   3629
               819   151  151  151  151  152  151  152  151  151  151  151  151  148  144  147  147  143  152  154  152  153  153  154  154   3615
               820   154  154  152  152  150  141  149  155  153  147  150  157  158  159  159  161  157  155  153  152  151  153  148  145   3665
               821   144  146  148  151  152  156  156  156  155  152  152  155  152  154  150  148  151  153  152  152  152  151  151  152   3641
               822   152  152  153  153  153  153  151  150  153  155  152  157  152  150  150  149  147  145  144  142  142  141  141  141   3578
               823   141  141  143  142  142  145  144  149  152  154  154  157  156  159  160  155  150  148  146  145  148  151  148  151   3581
               824   154  149  147  150  148  150  146  140  147  153  150  151  150  150  151  151  147  145  141  140  138  136  135  135   3504
               825   134  134  135  137  139  140  142  150  158  158  158  158  160  158  160  156  151  148  144  140  140  139  139  138   3516
               826   138  139  143  143  143  138  149  149  151  153  153  157  157  157  157  155  155  155  156  157  157  158  159  157   3636
               827   156  156  156  158  159  158  157  155  156  156  156  158  158  159  158  159  156  154  154  154  153  155  151  147   3739
               828   143  140  138  137  138  137  138  140  142  146  147  149  150  150  148  146  144  142  141  140  138  138  142  134   3408
               829   134  135  129  128  135  128  128  129  131  133  135  137  138  138  138  138  135  136  140  137  138  136  141  148   3245
               830   149  149  148  148  149  148  148  148  148  150  152  154  153  149  147  152  149  143  149  152  149  151  146  141   3572
               831   141  142  143  149  152  152  147  145  148  152  155  152  148  147  145  147  147  154  154  154  150  148  153  153   3578
              ------------------------------------------------------------------------------------------------------------------------------------
              TOTAL 4501 4475 4474 4479 4484 4476 4489 4507 4559 4597 4615 4654 4649 4644 4636 4622 4574 4556 4549 4544 4533 4519 4511 4506 109153
              MEAN   145  144  144  144  145  144  145  145  147  148  149  150  150  150  150  149  148  147  147  147  146  146  146  145   3521
              MAX    156  156  156  158  159  158  157  157  158  158  158  158  160  159  160  161  157  155  156  157  157  158  159  157   3739
                N     31   31   31   31   31   31   31   31   31   31   31   31   31   31   31   31   31   31   31   31   31   31   31   31     31
              NOTE                                                                                                                                
                                                                                                                                                  
                   *): WITH MISSING DATA; TOTAL,MEAN,MAXIMUM ESTIMATED                                                                            
                                                                                                                                                  
                                                                                                                                                  
