                                                                                                                                                  
                                                                                                                                                  
                                                               *******************************                                                    
                                                                 DOWNWARD LONGWAVE RADIATION                                                      
                                                               *******************************                                                    
                                                                                                                  COUNTRY = JAPAN                 
                                                                                                                                                  
                                                                                                                                                  
                                                                     UNIT  = 0.01 MJ/m**2                                                         
                        STATION    : Tateno                                                                                                       
                        STATION NO.: 47646                                                                                                        
                        LOCATION   : 140ﾟ08' E                                                                                                    
                                      36ﾟ03' N                                                                                                    
                        ALTITUDE   :   25.2  m                                                                                                    
                        YEAR/MONTH : 1993/03                                                                                                      
                                                                                                                                                  
              DATE   -01  -02  -03  -04  -05  -06  -07  -08  -09  -10  -11  -12  -13  -14  -15  -16  -17  -18  -19  -20  -21  -22  -23  -24  TOTAL
                                                                                                                                                  
               3 1    97   92  101  108   88   85   84   86   88   94   95  108  109  113  111  113  114  116  114  113  113  112  109  106   2469
               3 2   107  106  100   90   86   90   89   80   81   82   89   87   91   89   88   85   83   82   80   80   79   79   79   79   2081
               3 3    79   77   77   78   78   77   78   79   81   84   86   87   89   90   92   90   90   89   89   89   91   90   90   88   2038
               3 4    87   87   87   87   88   91   94   97  102  104   95  109  104   98   96   94   93   91   91   91  101   96   88   87   2258
               3 5    86   84   83   83   83   82   83   84   87   90   94   96   97   99   98   98   96   96   96   96   94   93   92   91   2181
               3 6    90   89   88   86   88   87   84   86   89   94  100  102  102  103  106  111  108  106  109  109  109  110  105  110   2371
               3 7   113  112  110  108  111  112  113  116  115  118  121  122  122  117  122  124  123  122  123  122  121  120  118  115   2820
               3 8   115  113  112  107   99  103  105  106  105  100   99  112  114  114  108  110  111  111  110  109  103   99   86   81   2532
               3 9    82   82   80   80   81   79   80   82   83   85   86   91   95   96   96   91   88   88   90   89  107  110  111  111   2163
               310   110   99  107  111  112  112  112  113  113  113  114  114  115  114  111  108  115  112  113  110  109   92   88   86   2603
               311    86   85   84   85   93  104  103  101   92   92   91  101  107   95   97   97   98  102   98   96   99  100  102  109   2317
               312   111  111  111  111  110  110  111  110  111  111  111  112  112  110  113  111  110  110  109  107  109  107  106  104   2638
               313   104  100   99   95   92   89   84   81   82   84   87   89   92   92   93   93   92   84   81   80   80   80   80   81   2114
               314    80   81   80   79   79   79   79   79   81   83   86   88   90   89   89   90   90   90   90   89   89   89   95  111   2075
               315   106  103   91   98  106  109  110  110  113  114  113  113  114  114  114  114  114  113  112  111  110  111  111  111   2635
               316   111  111  110  109  108  106   94   82   86   89   91   91   91   99  111  110  109  106  105  103  103  102   99   91   2417
               317    79   74   74   74   74   74   75   77   78   81   85   87   88   90   89   90   90   96   89   84   82   81   80   79   1970
               318    78   78   80   89   78   77   78   81   82   86   89   91   92   92   93   96   90  104  110  109  110  112  113  112   2220
               319   111  110  111  105  104   84   84   86   92  103  110  111  109  109  102   93   89   91  106  108  106  105  108  108   2445
               320   107  109  108  107  108  107  107  109  110  105  108  108  105  101   94  101   91   87   87   87   88  103  110   96   2443
               321    84   89   83   81   80   80   81   82   84   85   88   90   92   92   92   91   90   89   88   87   87  105  112  113   2145
               322   110   98   99  102   97   90   86   89   95  105  103  106  101  100   99   99   98   95   94   93   93   92   91   91   2326
               323    90   89   87   87   87   87   88   90   94   97  100  102  103  104  105  104  102  102  100  102   99   99   99  101   2318
               324   100   98   99   97   95   94   94   97  101  107  122  120  116  121  128  129  129  129  129  130  130  128  128  127   2748
               325   127  127  120  104  110  115  120  119  111  109  109  109  108  108  109  105  102  100   99   99  101  104  102  103   2620
               326   106  103  101  102  100  101  103  102  108  109  110  110  113  112  116  115  112  107  108  107  107  117  113  111   2593
               327   105  101  101  107  100  100  100  103  102  105  107  109  109  109  109  109  107  104  104  105  107  122  105  104   2534
               328   104  113  115  113  114  112  114  119  120  124  124  124  125  124  123  123  123  122  121  120  119  119  119  118   2852
               329   117  117  116  110   94   92   93  101   95   94   94  109  118  118  117  114  107   98   88   90   89   87   85   93   2436
               330    84   80   79   78   77   77   77   79   81   84   87   91   93   95   96   98  101  100  107  108  108  107  105  110   2202
               331   108  111  114  119  119  121  122  124  124  123  125  127  128  128  128  128  127  126  126  126  127  127  127  128   2963
              ------------------------------------------------------------------------------------------------------------------------------------
              TOTAL 3074 3029 3007 2990 2939 2926 2925 2950 2986 3054 3119 3216 3244 3235 3245 3234 3192 3168 3166 3149 3170 3198 3156 3155  74527
              MEAN    99   98   97   96   95   94   94   95   96   99  101  104  105  104  105  104  103  102  102  102  102  103  102  102   2404
              MAX    127  127  120  119  119  121  122  124  124  124  125  127  128  128  128  129  129  129  129  130  130  128  128  128   2963
                N     31   31   31   31   31   31   31   31   31   31   31   31   31   31   31   31   31   31   31   31   31   31   31   31     31
              NOTE                                                                                                                                
                                                                                                                                                  
                   *): WITH MISSING DATA; TOTAL,MEAN,MAXIMUM ESTIMATED                                                                            
                                                                                                                                                  
                                                                                                                                                  
