                                                                                                                                                  
                                                                                                                                                  
                                                               *******************************                                                    
                                                                 DOWNWARD LONGWAVE RADIATION                                                      
                                                               *******************************                                                    
                                                                                                                  COUNTRY = JAPAN                 
                                                                                                                                                  
                                                                                                                                                  
                                                                     UNIT  = 0.01 MJ/m**2                                                         
                        STATION    : Tateno                                                                                                       
                        STATION NO.: 47646                                                                                                        
                        LOCATION   : 140ﾟ08' E                                                                                                    
                                      36ﾟ03' N                                                                                                    
                        ALTITUDE   :   25.2  m                                                                                                    
                        YEAR/MONTH : 1993/02                                                                                                      
                                                                                                                                                  
              DATE   -01  -02  -03  -04  -05  -06  -07  -08  -09  -10  -11  -12  -13  -14  -15  -16  -17  -18  -19  -20  -21  -22  -23  -24  TOTAL
                                                                                                                                                  
               2 1    85   85   85   85   95   89   89   96  100  111  113  111   93   91   88   83   80   79   78   79   78   78   78   77   2126
               2 2    77   77   77   77   76   76   76   76   78   80   81   82   86   95   91   86   85   83   81   80   81   80   80   80   1941
               2 3    78   78   78   78   78   78   78   79   80   83   85   87   88   89   91   90   89   88   87   86   87   89   91   94   2029
               2 4    92   87   85   85   85   84   84   85   87   89   93   96   98   98   98   98   95   93   91   88   88   86   84   84   2153
               2 5    83   81   81   80   81   83   96  105  108  110  108  108  107  113  102   93   90   89   89   88   87   87   86   86   2241
               2 6    85   84   84   83   83   82   82   83   85   88   92   96  100  103  105  106  105  101   99  101  100   98   97   97   2239
               2 7    97   99   98   98  101  102  102  106  112  114  118  121  121  120  121  126  136  135  133  129  126  113  120  118   2766
               2 8   115  106   96   83   82   82   80   79   80   81   83   85   86   83   82   80   77   77   76   75   75   75   76   76   1990
               2 9    76   77   77   83   80   88   85   83   83   93   98  101  104   98   95   96   90   92   96   95   85   80   79   79   2113
               210    78   78   78   78   77   77   76   78   81   83   84   86   89   90   89   87   85   84   83   82   80   79   79   79   1960
               211    79   79   80   79   79   80   91  101  106  105  101  105  108  104  103  104   99   94   96   94   87   85   84   84   2227
               212    83   82   82   82   82   81   81   81   85   85   86   88   89   90  110  111  110  105   87   83   84   81   81   83   2112
               213    82   81   81   80   79   78   78   78   82   83   84   87   87   87   88   90   88   88   89   89   87   85   84   83   2018
               214    83   82   83   99  103   97   82   79   81   82   85   86   85   85   85   81   80   78   78   78   78   79   77   75   2001
               215    75   74   73   74   75   76   77   87   83   83   86   86   86   87   89   89   89   86   85   86   87   87   86   85   1991
               216    86   85   85   84   83   83   84   85   92   95   98   98  107  110  104  107  116  115  110  115  116  116  119  120   2413
               217   119  118  118  117  121  122  122  123  123  124  126  127  127  124  120  110  104   97   96   96   96   95   94   94   2713
               218    92   90   89   90   89   88   87   86   89   91   93   93   95   96   96  106  113  113  110  110  106  113  114  115   2364
               219   116  115  115  114  112  110  111   95   86   86   88   88   97  108   93   85   81   79   78   77   78   79   79   78   2248
               220    78   78   78   78   78   78   78   79   81   83   84   86   87   87   88   88   86   85   84   83   82   84   84   84   1981
               221    88  106  110  109  111  111  112  113  114  115  111  112  113  114  116  116  116  117  117  118  117  117  116  118   2707
               222   119  120  120  118  116  109  101  116  121  122  124  122  127  117  119  124  117  126  127  126  124  123  123  121   2882
               223   121  121  121  120  120  119  117  116  113  111  108   97   94   92   89   87   85   85   83   82   82   82   80   80   2405
               224    79   79   79   78   78   78   78   80   81   83   84   86   86   88   96   98   86   83   80   79   78   77   77   77   1968
               225    77   78   77   77   77   76   77   79   79   83   85   91   95   90   92   98   95   85   81   79   80   82   78   77   1988
               226    77   76   76   76   75   75   76   78   79   83   86   88   90   89   90   90   88   88   88   95   95   90   97  110   2055
               227   111  109  111  104   93   96   99   94  102   95   97  100  101  105  102  108  106  101  107  110  108  100  102  107   2468
               228   109  113  114  117  117  117  118  118  119  119  117  121  120  122  122  118  111  116  114  102   93   95   96   94   2702
              ------------------------------------------------------------------------------------------------------------------------------------
              TOTAL 2540 2538 2531 2526 2526 2515 2517 2558 2610 2660 2698 2734 2766 2775 2764 2755 2702 2662 2623 2605 2565 2535 2541 2555  62801
              MEAN    91   91   90   90   90   90   90   91   93   95   96   98   99   99   99   98   97   95   94   93   92   91   91   91   2243
              MAX    121  121  121  120  121  122  122  123  123  124  126  127  127  124  122  126  136  135  133  129  126  123  123  121   2882
                N     28   28   28   28   28   28   28   28   28   28   28   28   28   28   28   28   28   28   28   28   28   28   28   28     28
              NOTE                                                                                                                                
                                                                                                                                                  
                   *): WITH MISSING DATA; TOTAL,MEAN,MAXIMUM ESTIMATED                                                                            
                                                                                                                                                  
                                                                                                                                                  
                                                                                                                                                  
                                                                                                                                                  
                                                                                                                                                  
