                                                                                                                                                  
                                                                                                                                                  
                                                               *******************************                                                    
                                                                 DOWNWARD LONGWAVE RADIATION                                                      
                                                               *******************************                                                    
                                                                                                                  COUNTRY = JAPAN                 
                                                                                                                                                  
                                                                                                                                                  
                                                                     UNIT  = 0.01 MJ/m**2                                                         
                        STATION    : Tateno                                                                                                       
                        STATION NO.: 47646                                                                                                        
                        LOCATION   : 140ﾟ08' E                                                                                                    
                                      36ﾟ03' N                                                                                                    
                        ALTITUDE   :   25.2  m                                                                                                    
                        YEAR/MONTH : 1993/10                                                                                                      
                                                                                                                                                  
              DATE   -01  -02  -03  -04  -05  -06  -07  -08  -09  -10  -11  -12  -13  -14  -15  -16  -17  -18  -19  -20  -21  -22  -23  -24  TOTAL
                                                                                                                                                  
              10 1   144  143  139  140  139  141  140  141  142  141  142  141  140  140  137  136  136  139  135  139  139  138  131  126   3329
              10 2   125  125  128  123  116  131  128  114  113  114  121  119  118  119  120  124  121  117  117  115  118  121  122  122   2891
              10 3   124  118  130  121  113  115  111  116  115  121  124  128  132  133  134  135  134  134  134  134  134  134  137  137   3048
              10 4   137  137  137  136  136  135  133  136  135  131  120  124  126  125  127  125  125  122  125  124  120  120  119  118   3073
              10 5   120  130  137  137  134  138  134  139  140  132  133  134  133  133  134  133  130  129  128  128  132  127  128  120   3163
              10 6   115  112  110  112  108  107  110  107  109  115  114  116  120  122  122  114  117  120  120  118  116  109  110  117   2740
              10 7   117  119  121  122  127  125  126  131  131  130  131  136  135  138  139  139  139  140  139  140  140  141  140  139   3185
              10 8   140  140  139  139  139  139  139  139  139  140  141  141  140  140  140  138  139  139  137  136  136  136  135  135   3326
              10 9   129  117  115  113  111  109  109  109  112  115  117  118  119  120  120  118  117  116  115  114  113  114  114  113   2767
              1010   113  114  117  128  124  121  128  120  122  128  130  138  148  148  139  133  129  127  125  127  125  124  123  124   3055
              1011   122  130  136  118  112  110  108  108  110  110  110  111  112  113  111  110  109  108  108  108  108  107  107  107   2693
              1012   108  109  116  126  130  130  129  128  127  116  119  119  121  122  122  121  121  121  121  121  120  119  119  120   2905
              1013   128  130  128  123  124  126  121  121  120  130  139  137  137  138  138  138  138  137  136  136  136  136  136  136   3169
              1014   136  135  135  134  134  133  132  133  134  134  134  134  132  132  132  131  131  131  130  129  130  130  130  130   3176
              1015   128  124  127  128  128  128  127  121  113  124  119  126  128  112  113  116  114  119  120  129  129  126  126  128   2953
              1016   125  123  126  129  127  126  125  126  125  128  132  134  134  132  131  129  129  130  129  134  137  138  137  137   3123
              1017   137  138  137  137  137  138  137  137  138  139  139  140  140  140  141  142  141  138  141  137  135  134  134  133   3310
              1018   132  136  138  137  135  127  129  135  133  123  130  133  132  135  135  134  134  133  130  128  127  130  135  131   3172
              1019   126  122  126  116  123  133  133  132  132  133  133  134  133  132  132  126  123  126  121  115  115  122  125  127   3040
              1020   125  108  111  105  105  104  104  105  108  110  112  113  114  119  124  124  116  117  125  124  126  129  130  128   2786
              1021   130  132  134  136  134  134  133  134  134  135  138  137  138  139  138  138  134  133  128  127  132  118  118  128   3182
              1022   130  122  117  131  132  123  112  125  122  132  137  129  132  128  123  119  116  115  114  114  113  113  122  131   2952
              1023   132  129  119  114  117  127  108  113  121  116  118  125  121  118  116  115  116  131  128  117  100   99   99   98   2797
              1024    98   98   96   95   96   96   96   97  100  102  103  106  106  109  108  105  103  100  100  100   99   98   98   97   2406
              1025    97   98   96   96   96   97   97   99  102  105  107  108  108  109  109  109  109  106  107  108  110  109  104  101   2487
              1026   100   98   97   96   96   95   94   96   97  100  103  105  106  105  106  107  113  115  116  115  111  116  117  104   2508
              1027    99  102  106  105  103   99   96   96   97  101  103  104  105  105  106  106  102  100  100   99   97   96   96   95   2418
              1028    93   92   92   93   92   91   90   93   95   97  100  101  101  100  103  104  103  102  101  100   99   99   99   99   2339
              1029    97   97   96   95   95   95   97  101  102  105  108  113  123  132  132  121  121  130  134  134  132  136  133  134   2763
              1030   131  131  133  131  132  130  133  136  136  141  142  142  143  144  146  148  147  147  140  136  133  136  137  138   3313
              1031   140  138  135  133  124  131  129  129  126  124  125  125  119  119  115  118  120  121  117  128  117  101   98   97   2929
              ------------------------------------------------------------------------------------------------------------------------------------
              TOTAL 3778 3747 3774 3749 3719 3734 3688 3717 3730 3772 3824 3871 3896 3901 3893 3856 3827 3843 3821 3814 3779 3756 3759 3750  90998
              MEAN   122  121  122  121  120  120  119  120  120  122  123  125  126  126  126  124  123  124  123  123  122  121  121  121   2935
              MAX    144  143  139  140  139  141  140  141  142  141  142  142  148  148  146  148  147  147  141  140  140  141  140  139   3329
                N     31   31   31   31   31   31   31   31   31   31   31   31   31   31   31   31   31   31   31   31   31   31   31   31     31
              NOTE                                                                                                                                
                                                                                                                                                  
                   *): WITH MISSING DATA; TOTAL,MEAN,MAXIMUM ESTIMATED                                                                            
                                                                                                                                                  
                                                                                                                                                  
