                                                                                                                                                  
                                                                                                                                                  
                                                               *******************************                                                    
                                                                 DOWNWARD LONGWAVE RADIATION                                                      
                                                               *******************************                                                    
                                                                                                                  COUNTRY = JAPAN                 
                                                                                                                                                  
                                                                                                                                                  
                                                                     UNIT  = 0.01 MJ/m**2                                                         
                        STATION    : Tateno                                                                                                       
                        STATION NO.: 47646                                                                                                        
                        LOCATION   : 140ﾟ08' E                                                                                                    
                                      36ﾟ03' N                                                                                                    
                        ALTITUDE   :   25.2  m                                                                                                    
                        YEAR/MONTH : 1994/01                                                                                                      
                                                                                                                                                  
              DATE   -01  -02  -03  -04  -05  -06  -07  -08  -09  -10  -11  -12  -13  -14  -15  -16  -17  -18  -19  -20  -21  -22  -23  -24  TOTAL
                                                                                                                                                  
               1 1    97   86   85   91   82   81   82   82   84   85   87   87   88   87   87   86   84   83   82   84   87   92   87   85   2061
               1 2    95  103  110  112  111  112  112  112  114  115  111  100   98   94   95   94   92   92   91   91   90   89   89   88   2410
               1 3    86   85   85   85   91   95   95   94   96   98  100  101  101  102  104   93  106  110  101   98   99  107   94   91   2317
               1 4    91   91   89   89   88   87   87   87   89   91   92   93   94   95   95   95   94   93   93   95  101   92   88   87   2196
               1 5    86   85   85   85   85   87   86   85   88   95   97   94   97   92   95   88   87   86   90  107  109  107  108  110   2234
               1 6   113  113  113  113  113  113  112  112  105  113  116  111  107   99   96   93   92   91   91   91   90   89   89   89   2464
               1 7    88   88   89   88   88   87   87   87   88   90   91   90   86   85   83   81   79   77   77   76   76   76   77   95   2029
               1 8   101  102  104  107  108  105  108  105  105  107  108  109  112  113  114  114  114  114  114  114  113  113  113  110   2627
               1 9   110  102   90   87   86   85   84   84   86   88   91   92   93   94   95   94   93   93   92   91   91   90   89   88   2188
               110    89   90   90   91   90   96  107  107  111  114  113  108  120  122  123  122  121  118  119  119  119  118  118  118   2643
               111   119  119  120  119  119  118  119  119  119  120  121  122  121  119  119  119  114  114  117  116  113  110  109  106   2811
               112   103  104   95   90   99   90   89   89   91   92   94   95   95   95   95   96  109  115  114  114  117  117  118  113   2429
               113   113  114  108   99  111  110  101  112  113  110  113  113  113  116  115  115  115  115  115  115  118  118  118  118   2708
               114   119  118  117  116  115  115  115  116  117  117  117  117  114  111  113  112  113  110  100  101  109   90   84   84   2640
               115    81   81   80   80   79   79   78   79   81   82   84   85   86   87   86   86   84   83   83   83   82   82   82   82   1975
               116    87   97  109  106   90   84   84   89   98   92   98   93   92   92   93   93   92   92   96   97  101   97   92   90   2254
               117    89   87   91   90   87   85   90   91   91   95  108  113  116  115  110  120  121  133  133  132  136  137  138  130   2638
               118   129  127  121  118  121  123  122  121  121  120  120  119  118  118  117  117  118  117  115  114  114  113  114  114   2851
               119   114  113  113  113  112  111  107  100   83   88   84   82   83   84   86   85   83   83   84   85   81   79   78   77   2208
               120    79   79   86   87   85   84   77   76   77   79   82   87   92   93   90   87   85   88   88   87   85   85   88   89   2035
               121    91   93  100  106  103  105  107  106  109  113  105   98  112  114  106  104   98  105  112  113  112  104   90  101   2507
               122    84   80   80   79   79   79   79   79   80   82   84   85   88   93   92  101  106   92   86   86   86   84   83   82   2049
               123    80   80   80   79   79   78   78   78   79   81   83   85   86   88   89  101  113   94   96   83   82   81   82   81   2036
               124    85   86   78   78   77   75   74   75   76   78   80   81   82   83   83   83   82   82   81   81   81   83   89   87   1940
               125    82   84   81   80   80   79   84   82   82   84   87   88   90   92   93   92   91   90   89   89   88   88   88   87   2070
               126    86   86   86   85   85   84   84   84   86   89   92   94   95   96   97   98   97   98   97   95   93   93   93   91   2184
               127    92   92   91   90   89   88   87   87   88   89   92   93   94   94   92   91   90   93   94   85   84   86   88   89   2158
               128    92   93  100  103  104  110  110  110  111  111  112  112  112  112  113  113  113  113  114  114  114  114  113  112   2625
               129   112  112  112  113  111  111  111  110  110  110  110  111  111  106   93   85   85   84   84   98   83   78   77   76   2393
               130    75   75   76   75   75   75   75   76   78   79   80   81   81   84   82   80   78   79   79   77   76   75   75   75   1861
               131    75   74   74   74   77   86   90   78   77   78   80   82   83   84   85   85   84   85   89  108  103   97   92   93   2033
              ------------------------------------------------------------------------------------------------------------------------------------
              TOTAL 2943 2939 2938 2928 2919 2917 2921 2912 2933 2985 3032 3021 3060 3059 3036 3023 3033 3022 3016 3039 3033 2984 2943 2938  71574
              MEAN    95   95   95   94   94   94   94   94   95   96   98   97   99   99   98   98   98   97   97   98   98   96   95   95   2309
              MAX    129  127  121  119  121  123  122  121  121  120  121  122  121  122  123  122  121  133  133  132  136  137  138  130   2851
                N     31   31   31   31   31   31   31   31   31   31   31   31   31   31   31   31   31   31   31   31   31   31   31   31     31
              NOTE                                                                                                                                
                                                                                                                                                  
                   *): WITH MISSING DATA; TOTAL,MEAN,MAXIMUM ESTIMATED                                                                            
                                                                                                                                                  
                                                                                                                                                  
