                                                                                                                                                  
                                                                                                                                                  
                                                               *******************************                                                    
                                                                 DOWNWARD LONGWAVE RADIATION                                                      
                                                               *******************************                                                    
                                                                                                                  COUNTRY = JAPAN                 
                                                                                                                                                  
                                                                                                                                                  
                                                                     UNIT  = 0.01 MJ/m**2                                                         
                        STATION    : Tateno                                                                                                       
                        STATION NO.: 47646                                                                                                        
                        LOCATION   : 140ﾟ08' E                                                                                                    
                                      36ﾟ03' N                                                                                                    
                        ALTITUDE   :   25.2  m                                                                                                    
                        YEAR/MONTH : 1994/03                                                                                                      
                                                                                                                                                  
              DATE   -01  -02  -03  -04  -05  -06  -07  -08  -09  -10  -11  -12  -13  -14  -15  -16  -17  -18  -19  -20  -21  -22  -23  -24  TOTAL
                                                                                                                                                  
               3 1   101  111  115  117  116  113  114  111  104   98   98  109  112  108   99  100  107  104   99  101  103  119  116  112   2587
               3 2   112  113  112  116  116  116  115  115  114  114  114  112  107   99   92   91   94   97  106  111  111  106  106  107   2596
               3 3   104  100   99   96  104   96   84   83   84   87   92   98  102  109  110  111  114  116  115  114  112  108  100  110   2448
               3 4   115  114  116  118  118  118  117  114  113  105   98   97  101   95   94   93   92   91   91  106  112  107   93   88   2506
               3 5    86   85   85   83   82   82   86   83   84   87   89   98  102  104  102  111  116  115  112  114  112  103   92   87   2300
               3 6    86   85   82   80   79   79   79   81   83   85   89   91   93   91   91   91   88   86   86   85   85   85   85   85   2050
               3 7    85   84   84   85   84   85  103  111  112  114  115  116  112  108  105  107  114  120  120  118  114  121  122  122   2561
               3 8   122  121  120  122  122  122  122  123  124  124  123  123  124  125  125  124  125  125  124  124  123  122  124  126   2959
               3 9   126  126  127  127  129  128  127  124  110  120  130  132  132  132  134  134  134  131  129  127  125  125  125  124   3058
               310   123  122  122  119  119  118  118  118  118  118  117  116  117  117  115  115  113  111  110  103   94   89   85   86   2683
               311    86   87   88   95  108  108  105  107   97   98   99   97   93   94   96   96   95   94  100   94   94   96   91   89   2307
               312    88   88   88   87   89  101  105  109  111  109  114  108  111  114  119  119  120  119  118  106   99   97   95   94   2508
               313    94   94   93   95   94   96   97  106  112  114  114  113  104   96   99   99  105  107  106  110  111  110  113  113   2495
               314   113  112  113  114  113  113  109   98   88   90   94  109  111  106   91   90   89   96  100   94   98   95   87   90   2413
               315   101  108   98   86   87   90   85   88   90  108  106  110  107   98  101  106  107   90   87   97   98  101   90   84   2323
               316    84   84   83   82   82   81   81   83   85   88   90   91   96  102  103  109  108  105   98   96  108  111  112  114   2276
               317   114  114  102   90   89   87   85   87   89   93   95   96   98   98   98   98  100  107   99   92   91   90   88   86   2286
               318    86   85   85   84   86   90  103  106  108  101   99   96   94   94   94   93   92   93   99  111  117  117  117  116   2366
               319   116  116  116  115  114  114  113  115  116  111  118  116  113  105   99   98   96   95   95   95   95  103  104  102   2580
               320   103  100  101  102  102  104  106  106  106  110  111  115  117  113  107  106  104  103  103  104  103  108  116  115   2565
               321   115  113  103   94   87   84   85   85   87   89   91   95   95   93   92   92   90   90   90   85   84   82   82   87   2190
               322    89   89   84   84   86   86   91  105   96   98  100  100  101  103  104  107  111  116  117  118  118  119  118  118   2458
               323   118  118  118  119  120  121  121  121  122  121  122  122  122  123  124  124  124  125  124  124  124  124  124  125   2930
               324   126  128  127  124  116  110  104  105  112  117  115  121  116  127  127  128  125  122  113  107   98   94  113  105   2780
               325    95  113  114  108   96   93   90   90   92   94   96   98   96   96   95   95   94   90   90   88   86   85   84   83   2261
               326    83   82   82   82   81   81   81   83   85   86   88   90   91   92   93  104  105  111  108  113  114  113  111  113   2272
               327   115  112  103  106   88   85   84   85   87   89   92   93   94   94   94   93   92   92   91   90   90   92   92   93   2246
               328    92   91   90   90   89   88   88   90   93   97  104  110  111  113  115  115  117  114  103  109  115  110  114  112   2470
               329   108  106  110  109  110  106  108  106  104  102  104  109  120  114  122  122  119  107  100   99   91   89   88   90   2543
               330    89   88   92   86   85   86   93  102   98   92   95   96   98   99  100  102  107  104  121  121  120  121  120  118   2433
               331   117  111  102  107  112   94   93   94   96   98  101  103  105  107  106  104  102  100  100  100   98   98   99   99   2446
              ------------------------------------------------------------------------------------------------------------------------------------
              TOTAL 3192 3200 3154 3122 3103 3075 3092 3134 3120 3157 3213 3280 3295 3269 3246 3277 3299 3276 3254 3256 3243 3240 3206 3193  76896
              MEAN   103  103  102  101  100   99  100  101  101  102  104  106  106  105  105  106  106  106  105  105  105  105  103  103   2481
              MAX    126  128  127  127  129  128  127  124  124  124  130  132  132  132  134  134  134  131  129  127  125  125  125  126   3058
                N     31   31   31   31   31   31   31   31   31   31   31   31   31   31   31   31   31   31   31   31   31   31   31   31     31
              NOTE                                                                                                                                
                                                                                                                                                  
                   *): WITH MISSING DATA; TOTAL,MEAN,MAXIMUM ESTIMATED                                                                            
                                                                                                                                                  
                                                                                                                                                  
