                                                                                                                                                  
                                                                                                                                                  
                                                               *******************************                                                    
                                                                 DOWNWARD LONGWAVE RADIATION                                                      
                                                               *******************************                                                    
                                                                                                                  COUNTRY = JAPAN                 
                                                                                                                                                  
                                                                                                                                                  
                                                                     UNIT  = 0.01 MJ/m**2                                                         
                        STATION    : Tateno                                                                                                       
                        STATION NO.: 47646                                                                                                        
                        LOCATION   : 140ﾟ08' E                                                                                                    
                                      36ﾟ03' N                                                                                                    
                        ALTITUDE   :   25.2  m                                                                                                    
                        YEAR/MONTH : 1994/02                                                                                                      
                                                                                                                                                  
              DATE   -01  -02  -03  -04  -05  -06  -07  -08  -09  -10  -11  -12  -13  -14  -15  -16  -17  -18  -19  -20  -21  -22  -23  -24  TOTAL
                                                                                                                                                  
               2 1   XXX  XXX  XXX  XXX  XXX  XXX  XXX  XXX  XXX  108  109  113  114  113  115  116  117  116  117  114  102   96   95   96   XXXX
               2 2    99   92  100   86   83   82   80   80   80   82   83   83   84   84   83   82   80   78   78   77   77   77   78   77   1985
               2 3    77   76   76   76   75   75   76   77   78   81   83   85   84   84   86   83   81   80   79   78   77   77   76   77   1897
               2 4    77   77   77   78   78   77   78   78   81   83   86   88   89   90   92   94   97   92   85   86   92   98   96   93   2062
               2 5    90   87   85   84   83   82   82   82   84   86   87   88   89   90   91   92   90   89   89   91   92   94   92   91   2110
               2 6    90   91   89   88   87   87   86   86   88   89   92   94   97   97   97   96   94   94   94   96   95   94   96   99   2216
               2 7   105  103  110  113  111  113  116  113  114  121  121  105  105  101   98   97   96   92   90   91   92   91   90   90   2478
               2 8    88   88   87   86   85   85   85   86   90   96  113  118  119  116  115  119  116  118  116  107   96  103  118  121   2471
               2 9   121  113  118  119  120  120  120  119  103  103   97   98  100  104  119  109  111  107  107   94   91   90   94   94   2571
               210    92   93   92   91   90   87   92   85   88   90   89   93   91   89   89   85   84   83   82   82   82   81   80   80   2090
               211    80   79   78   77   76   77   77   78   80   82   84   85   86   86   85   85   85   88   90   94   95   94   90  103   2034
               212   109  111  111  111  111  111  110  111  112  112  113  113  113  113  112  112  112  112  111  109  109  110  109  108   2665
               213   104  100   88   79   78   77   76   77   78   79   80   82   81   81   81   81   79   78   78   77   76   76   76   76   1938
               214    75   75   74   74   75   75   76   77   79   81   83   85   85   86   86   86   84   83   82   81   81   79   79   78   1919
               215    79   79   79   80   82   81   81   82   84   88   91   94   99  100   96  105  111  111  110  112  111  113  114  115   2297
               216   112  113  116  116  114  111  109   99   91   92   93   93   94   95   95   94   94   91   93   92   94   97   95   95   2388
               217    87   90   91   92   89   81   80   81   84   85   87   88   88   88   87   86   85   83   84   83   82   82   82   82   2047
               218    81   80   80   80   80   79   79   80   82   84   86   89   91   92   93   94   94   93   93   94   92   88   89   94   2087
               219    93   92   87   85   83   79   79   80   84   88   91   91   95   96   97   95   94   94   94   92   92   92   91   92   2156
               220    92   92   90   89   90   89   89   90   92   95   98  100  101  104  107  105  105  103  100  102  110  120  126  126   2415
               221   124  121  119  123  125  126  126  127  128  128  129  130  128  128  127  126  125  124  118  108  111  113  112   93   2919
               222    87   86   85   84   82   81   81   81   82   83   85   86   86   86   86   84   83   82   82   82   82   82   82   81   2001
               223    81   82   82   85   88   83   82   83   85   88   92   94   95   88   87   85   82   80   79   78   77   77   78   78   2009
               224    78   79   78   78   78   78   79   80   82   85   86   88   89   88   89   88   87   85   84   83   82   82   82   82   1990
               225    81   81   82   82   82   82   83   84   86   89   91   94  103  111  113  113  111  108  111  113  103   97   87   87   2274
               226    90   88   87   86   84   84   84   86   88   91   92   92   96  107  110  107  111  111   92   89   97  XXX   87   93   XXXX
               227    92   84   85   84   83   82   81   83   85   87   90   92   95  104  111  109  102  108  113  108   91   87   86   85   2227
               228    84   84   83   83   83   83   86   89   92   92   95   97  100   99  100   99  101   98   92   91   96   96  111  114   2248
              ------------------------------------------------------------------------------------------------------------------------------------
              TOTAL 2559 2526 2520 2498 2484 2456 2461 2461 2489 2568 2626 2658 2697 2720 2747 2727 2711 2681 2643 2604 2577 2579 2591 2600  61916
              MEAN    91   90   90   89   89   88   88   88   89   92   94   95   96   97   98   97   97   96   94   93   92   92   93   93   2211
              MAX    124  121  119  123  125  126  126  127  128  128  129  130  128  128  127  126  125  124  118  114  111  120  126  126   2919
                N     27   27   27   27   27   27   27   27   27   28   28   28   28   28   28   28   28   28   28   28   28   27   28   28     26
              NOTE    *)   *)   *)   *)   *)   *)   *)   *)   *)                                                               *)               *)
                                                                                                                                                  
                   *): WITH MISSING DATA; TOTAL,MEAN,MAXIMUM ESTIMATED                                                                            
                                                                                                                                                  
                                                                                                                                                  
                                                                                                                                                  
                                                                                                                                                  
                                                                                                                                                  
