                                                                                                                                                  
                                                                                                                                                  
                                                               *******************************                                                    
                                                                 DOWNWARD LONGWAVE RADIATION                                                      
                                                               *******************************                                                    
                                                                                                                  COUNTRY = JAPAN                 
                                                                                                                                                  
                                                                                                                                                  
                                                                     UNIT  = 0.01 MJ/m**2                                                         
                        STATION    : Tateno                                                                                                       
                        STATION NO.: 47646                                                                                                        
                        LOCATION   : 140ﾟ08' E                                                                                                    
                                      36ﾟ03' N                                                                                                    
                        ALTITUDE   :   25.2  m                                                                                                    
                        YEAR/MONTH : 1994/08                                                                                                      
                                                                                                                                                  
              DATE   -01  -02  -03  -04  -05  -06  -07  -08  -09  -10  -11  -12  -13  -14  -15  -16  -17  -18  -19  -20  -21  -22  -23  -24  TOTAL
                                                                                                                                                  
               8 1   151  153  154  151  148  147  148  151  153  155  159  161  163  164  165  166  164  163  162  160  159  156  154  153   3760
               8 2   153  153  152  150  149  149  149  150  153  157  160  161  163  166  164  164  163  163  XXX  XXX  XXX  XXX  XXX  XXX   XXXX
               8 3   XXX  XXX  XXX  XXX  XXX  XXX  XXX  XXX  XXX  XXX  XXX  XXX  XXX  XXX  XXX  XXX  XXX  XXX  XXX  XXX  XXX  XXX  XXX  XXX   XXXX
               8 4   XXX  XXX  XXX  XXX  XXX  XXX  XXX  XXX  XXX  XXX  XXX  161  164  165  166  166  168  166  162  158  160  154  154  153   XXXX
               8 5   152  152  153  151  152  152  158  160  160  163  161  165  163  162  165  165  159  156  154  158  153  148  152  148   3762
               8 6   146  153  150  146  146  147  149  151  155  160  162  161  163  164  161  159  159  157  155  154  153  153  152  151   3707
               8 7   151  150  149  148  148  148  150  155  159  158  157  160  164  165  165  165  160  157  154  152  150  148  148  149   3710
               8 8   148  150  148  147  148  148  149  153  160  158  159  161  162  163  164  165  160  157  155  151  150  149  148  147   3700
               8 9   146  146  146  150  159  154  152  156  153  155  158  159  159  164  163  159  155  152  149  146  144  142  141  142   3650
               810   141  141  140  141  142  144  144  147  150  XXX  XXX  158  159  162  157  155  151  149  147  146  145  146  146  145   XXXX
               811   145  143  142  146  152  158  150  150  156  154  155  160  162  159  156  154  152  148  147  147  147  146  145  144   3618
               812   145  153  145  154  155  149  154  153  155  159  163  158  163  164  161  157  156  152  150  149  147  146  146  145   3679
               813   145  145  144  143  143  142  144  146  149  151  154  157  157  156  154  154  152  151  149  147  147  147  147  147   3571
               814   147  146  146  145  145  145  147  157  156  155  154  154  153  152  151  150  149  147  145  145  144  143  143  143   3562
               815   143  143  144  144  144  144  145  147  150  152  155  158  159  160  158  157  156  154  150  147  146  145  144  143   3588
               816   141  140  139  138  136  136  137  140  143  147  150  153  155  154  155  156  153  151  149  146  144  142  142  141   3488
               817   141  140  138  138  138  139  140  143  148  150  155  158  158  159  160  158  153  150  146  145  144  143  143  142   3529
               818   142  141  140  139  138  137  136  139  144  147  150  155  160  155  155  152  150  146  145  146  143  141  140  140   3481
               819   141  142  141  142  144  149  146  151  156  154  155  157  156  150  152  151  153  153  152  147  147  144  141  140   3564
               820   140  143  142  154  153  153  154  149  155  155  155  157  153  153  155  153  153  151  149  149  147  149  149  151   3622
               821   151  151  152  152  151  151  151  151  152  152  152  153  152  152  153  154  153  149  150  148  144  145  148  148   3615
               822   150  147  147  148  150  150  144  147  152  154  153  153  153  150  153  155  153  153  153  144  136  134  134  133   3546
               823   134  133  134  134  138  148  150  145  145  148  154  153  150  148  145  146  144  140  139  138  137  137  136  136   3412
               824   136  140  136  135  134  134  135  138  145  145  149  150  149  147  146  145  145  143  140  140  141  145  147  148   3413
               825   151  153  147  138  138  138  142  146  148  152  157  157  157  157  149  146  144  143  146  146  143  143  148  143   3532
               826   145  153  148  144  140  139  142  142  146  149  154  156  157  156  155  158  154  149  147  145  143  142  142  141   3547
               827   140  139  140  139  138  138  139  142  154  150  154  155  151  150  148  146  143  141  139  139  139  138  137  136   3435
               828   136  137  137  138  137  138  146  142  143  146  150  152  154  157  154  152  150  150  150  147  145  145  144  143   3493
               829   142  146  153  142  147  147  140  142  149  149  150  157  157  155  153  152  152  149  147  145  144  143  144  144   3549
               830   146  145  152  153  146  146  145  149  152  153  156  158  159  160  158  159  159  157  154  151  152  151  153  148   3662
               831   145  144  143  141  141  142  144  142  145  147  150  153  155  154  154  152  153  152  149  146  146  146  146  145   3535
              ------------------------------------------------------------------------------------------------------------------------------------
              TOTAL 4483 4514 4492 4480 4489 4501 4523 4579 4687 4734 4805 4867 4889 4879 4852 4827 4771 4700 4631 4579 4532 4501 4504 4476 111061
              MEAN   145  146  145  145  145  145  146  148  151  153  155  157  158  157  157  156  154  152  149  148  146  145  145  144   3583
              MAX    153  153  154  154  159  158  158  160  160  163  163  165  164  166  166  166  168  166  162  160  160  156  154  153   3762
                N     29   29   29   29   29   29   29   29   29   28   28   30   30   30   30   30   30   30   29   29   29   29   29   29     27
              NOTE    *)   *)   *)   *)   *)   *)   *)   *)   *)   *)   *)   *)   *)   *)   *)   *)   *)   *)   *)   *)   *)   *)   *)   *)     *)
                                                                                                                                                  
                   *): WITH MISSING DATA; TOTAL,MEAN,MAXIMUM ESTIMATED                                                                            
                                                                                                                                                  
                                                                                                                                                  
