                                                                                                                                                  
                                                                                                                                                  
                                                               *******************************                                                    
                                                                 DOWNWARD LONGWAVE RADIATION                                                      
                                                               *******************************                                                    
                                                                                                                  COUNTRY = JAPAN                 
                                                                                                                                                  
                                                                                                                                                  
                                                                     UNIT  = 0.01 MJ/m**2                                                         
                        STATION    : Tateno                                                                                                       
                        STATION NO.: 47646                                                                                                        
                        LOCATION   : 140ﾟ08' E                                                                                                    
                                      36ﾟ03' N                                                                                                    
                        ALTITUDE   :   25.2  m                                                                                                    
                        YEAR/MONTH : 1994/05                                                                                                      
                                                                                                                                                  
              DATE   -01  -02  -03  -04  -05  -06  -07  -08  -09  -10  -11  -12  -13  -14  -15  -16  -17  -18  -19  -20  -21  -22  -23  -24  TOTAL
                                                                                                                                                  
               5 1   133  133  131  126  123  129  125  131  130  131  131  132  132  129  130  122  119  117  128  129  129  128  128  128   3074
               5 2   128  127  128  127  127  127  127  127  128  128  129  130  130  130  130  130  129  129  129  129  129  129  130  130   3087
               5 3   130  131  131  131  131  131  131  132  133  134  134  135  136  136  136  136  136  135  135  134  134  134  135  134   3205
               5 4   135  134  135  135  135  135  135  136  136  138  136  135  142  147  147  147  147  147  147  147  147  148  149  149   3389
               5 5   150  151  151  151  149  148  144  145  148  145  141  141  141  137  133  129  126  128  128  127  126  115  125  118   3297
               5 6   116  119  118  109  109  117  115  116  119  118  125  126  127  126  128  130  123  120  112  110  109  109  108  107   2816
               5 7   107  107  106  105  104  102  104  106  108  112  117  117  116  121  124  124  124  122  121  120  121  124  125  124   2761
               5 8   123  124  123  122  121  121  122  121  119  119  122  125  127  128  127  127  126  127  125  123  123  122  116  115   2948
               5 9   114  113  112  110  109  106  107  108  111  112  112  114  115  115  114  114  114  112  110  109  109  109  109  109   2667
               510   109  109  108  109  109  109  111  119  120  124  129  127  129  128  128  126  127  131  130  131  130  128  125  126   2922
               511   125  126  124  120  120  123  125  127  128  131  132  135  137  138  139  138  137  136  133  133  136  139  139  139   3160
               512   139  139  139  138  137  137  138  139  140  140  140  139  140  136  134  127  122  120  118  117  115  112  110  108   3124
               513   106  107  106  105  105  106  108  111  111  113  115  115  121  119  122  128  129  125  122  121  120  122  125  126   2788
               514   127  127  125  120  117  118  119  119  121  124  127  126  124  122  121  120  117  115  114  115  124  137  127  126   2932
               515   133  135  136  136  133  133  130  135  138  137  136  137  140  143  143  145  144  145  146  147  148  150  150  147   3367
               516   135  125  127  125  124  124  125  127  128  131  133  136  136  137  146  143  136  134  129  124  122  123  123  122   3115
               517   122  120  121  120  120  121  122  125  132  140  146  145  137  130  127  126  126  136  136  136  132  133  132  131   3116
               518   128  127  129  128  128  127  124  123  124  125  122  124  120  116  119  125  121  116  114  113  112  113  114  113   2905
               519   112  111  109  109  112  113  105  100   99  104  106  108  109  110  111  115  112  110  109  117  128  129  129  129   2696
               520   127  124  124  125  125  123  127  126  126  116  117  112  114  113  113  112  111  109  108  107  106  106  105  105   2781
               521   104  104  104  103  103  103  104  109  111  114  116  120  126  126  128  128  126  123  120  123  127  123  123  122   2790
               522   123  125  127  124  124  127  126  127  130  133  130  128  124  126  126  126  125  124  122  120  127  123  118  118   3003
               523   117  116  116  116  116  115  117  120  122  126  128  130  130  129  130  135  131  128  126  124  122  120  119  117   2950
               524   116  116  116  121  123  121  120  120  125  126  129  130  129  128  131  132  129  125  123  123  121  121  119  117   2961
               525   116  116  116  115  115  115  117  120  124  130  138  140  137  135  135  135  136  133  128  127  130  129  133  131   3051
               526   129  126  124  125  123  131  141  138  139  143  145  148  147  147  147  148  148  148  148  148  149  149  149  149   3389
               527   149  149  149  150  150  151  151  152  153  154  155  155  156  154  147  147  145  144  147  151  149  149  145  143   3595
               528   144  142  140  141  138  138  137  129  137  135  139  140  140  138  138  130  124  125  125  121  120  119  122  123   3185
               529   124  130  136  132  134  130  118  130  132  130  129  126  130  131  136  138  138  138  139  138  139  139  139  141   3197
               530   142  143  144  142  141  141  140  139  138  137  135  135  133  130  129  130  129  131  129  137  142  143  138  127   3275
               531   126  132  131  125  127  130  126  139  146  147  148  138  140  143  137  137  135  137  138  139  137  137  138  134   3267
              ------------------------------------------------------------------------------------------------------------------------------------
              TOTAL 3889 3888 3886 3845 3832 3852 3841 3896 3956 3997 4042 4049 4065 4048 4056 4050 3992 3970 3939 3940 3963 3962 3947 3908  94813
              MEAN   125  125  125  124  124  124  124  126  128  129  130  131  131  131  131  131  129  128  127  127  128  128  127  126   3058
              MAX    150  151  151  151  150  151  151  152  153  154  155  155  156  154  147  148  148  148  148  151  149  150  150  149   3595
                N     31   31   31   31   31   31   31   31   31   31   31   31   31   31   31   31   31   31   31   31   31   31   31   31     31
              NOTE                                                                                                                                
                                                                                                                                                  
                   *): WITH MISSING DATA; TOTAL,MEAN,MAXIMUM ESTIMATED                                                                            
                                                                                                                                                  
                                                                                                                                                  
