                                                                                                                                                  
                                                                                                                                                  
                                                               *******************************                                                    
                                                                 DOWNWARD LONGWAVE RADIATION                                                      
                                                               *******************************                                                    
                                                                                                                  COUNTRY = JAPAN                 
                                                                                                                                                  
                                                                                                                                                  
                                                                     UNIT  = 0.01 MJ/m**2                                                         
                        STATION    : Tateno                                                                                                       
                        STATION NO.: 47646                                                                                                        
                        LOCATION   : 140ﾟ08' E                                                                                                    
                                      36ﾟ03' N                                                                                                    
                        ALTITUDE   :   25.2  m                                                                                                    
                        YEAR/MONTH : 1994/11                                                                                                      
                                                                                                                                                  
              DATE   -01  -02  -03  -04  -05  -06  -07  -08  -09  -10  -11  -12  -13  -14  -15  -16  -17  -18  -19  -20  -21  -22  -23  -24  TOTAL
                                                                                                                                                  
              11 1    97   98   96   92   90   88   87   89   92   94   98  101  102  101  101  100   98   95   93   93   91   91   91   90   2268
              11 2    96   93   91   91   91   91   92   95  101  105  111  121  124  119  119  112  109  108  105  103  100  103  100   99   2479
              11 3    99   98   98  101  105  112  123  124  124  123  126  127  128  128  130  126  127  126  108  103  102  100   96   92   2726
              11 4    92   91   90   89   89   88   86   89   93   96   98  100  101  104  102  100   95   95   91   90   92   90   89   89   2239
              11 5    89   87   87   86   85   84   86   89   99  113  117  119  118  119  117  116  112  111  114  113  115  125  126  127   2554
              11 6   129  128  126  109  122  123  124  123  128  129  129  130  129  129  130  132  133  133  133  133  133  133  134  134   3086
              11 7   135  135  135  135  133  134  132  134  125  126  126  128  128  127  127  127  126  125  122  119  116  117  118  113   3043
              11 8   111  111  109  109  109  108  109  109  109  109  108  107  103   99   98   98   94   91   91   91   90   90   89   88   2430
              11 9    88   87   87   87   88   86   87   90   95  101  106  110  113  113  111  108  105  103  102  100   99   98   99   97   2360
              1110    96   95   97  101   99   95   91   92   96  103  108  112  115  115  117  114  111  110  110  109  108  108  109  109   2520
              1111   107  106  104  104  104  111  105  106  118  121  116  122  124  134  133  133  123  120  120  114  115  112  112  111   2775
              1112   109  110  120  119  121  117  106  105  XXX  XXX  XXX  XXX  XXX  XXX  XXX  XXX  XXX  XXX  XXX  XXX  XXX  XXX  XXX  XXX   XXXX
              1113   XXX  XXX  XXX  XXX  XXX  XXX  XXX  XXX  XXX  XXX  XXX  XXX  XXX  XXX  XXX  123  131  132  131  128  128  127  126  125   XXXX
              1114   125  124  124  123  123  122  121  120  120  121  121  120  121  120  120  119  119  119  114  104  113  113  113  110   2849
              1115   106   95   88   86   84   83   84   84   86   91   94   97   98   98   96   93   89   85   83   81   80   79   78   77   2115
              1116    76   75   76   73   72   72   71   74   79   84   90   92   94   93   93   91   89   87   86   84   85   85   84   82   1987
              1117    82   81   80   79   79   80   80   83   92   95  101  105  107  109  109  107  105  102  110  104  101  101  103  103   2298
              1118   107  112  103  110   99  110  116  104  118  123  126  129  121  117  123  123  121  128  128  133  135  136  135  136   2893
              1119   135  134  131  134  134  132  130  120  123  129  122  130  126  125  127  125  134  128  117  128  128  130  130  127   3079
              1120   129  130  125  128  128  121  122  127  125  129  129  127  131  125  121  107  105  116  121  122  111  121  119  117   2936
              1121   120  121  119  106  115  107  100  110  120  111  116  115  114  123  123  116  126  120  120  126  124  124  123  121   2820
              1122   123  121  119  118  118  117  116  115  116  116  116  120  121  116  105  100   98  110  117  122  120  122  121  115   2782
              1123   114  114  114  111  109  106  100   88   91   94   97  111  111  112  108  109   89   87   85   84   84   84   84   82   2368
              1124    80   79   79   77   77   77   77   79   84   90   95   97  100  100   99   97   94   92   90   90   89   88   88   87   2105
              1125    85   84   83   83   83   84   82   84   90   98  102  105  107  106  108  109  101   99   97   96   94   92   90   89   2251
              1126    88   87   86   87   87   85   84   85   92   96  103  117  116  107  102  115  102   96   95   94   97   98   96   91   2306
              1127    91   91   89   88   86   85   85   87   87   90   94   97  101  100   94   91   88   86   84   83   81   81   81   79   2119
              1128    79   80   79   79   77   76   76   78   86   97  108  111  112  113  115  118  115  107   92   89   93   88   88   85   2241
              1129    84   83   82   81   80   81   81   81   85   91   98  104  106  106  105  103  100   99   96   94   92   96   96   90   2214
              1130    87   86   85   83   85   82   87   83   87   92   95   99  101  100   99   96   93   92   90   90   90   89   89   88   2168
              ------------------------------------------------------------------------------------------------------------------------------------
              TOTAL 3060 3036 3003 2967 2970 2955 2937 2946 3066 3180 3267 3378 3399 3384 3357 3318 3240 3210 3150 3123 3111 3126 3111 3054  75012
              MEAN   102  101  100   99   99   99   98   98  102  106  109  113  113  113  112  111  108  107  105  104  104  104  104  102   2500
              MAX    135  135  135  135  134  134  132  134  128  129  129  130  131  134  133  133  134  133  133  133  135  136  135  136   3086
                N     29   29   29   29   29   29   29   29   28   28   28   28   28   28   28   29   29   29   29   29   29   29   29   29     28
              NOTE    *)   *)   *)   *)   *)   *)   *)   *)   *)   *)   *)   *)   *)   *)   *)   *)   *)   *)   *)   *)   *)   *)   *)   *)     *)
                                                                                                                                                  
                   *): WITH MISSING DATA; TOTAL,MEAN,MAXIMUM ESTIMATED                                                                            
                                                                                                                                                  
                                                                                                                                                  
                                                                                                                                                  
