                                                                                                                                                  
                                                                                                                                                  
                                                               *******************************                                                    
                                                                 DOWNWARD LONGWAVE RADIATION                                                      
                                                               *******************************                                                    
                                                                                                                  COUNTRY = JAPAN                 
                                                                                                                                                  
                                                                                                                                                  
                                                                     UNIT  = 0.01 MJ/m**2                                                         
                        STATION    : Tateno                                                                                                       
                        STATION NO.: 47646                                                                                                        
                        LOCATION   : 140ﾟ08' E                                                                                                    
                                      36ﾟ03' N                                                                                                    
                        ALTITUDE   :   25.2  m                                                                                                    
                        YEAR/MONTH : 1994/10                                                                                                      
                                                                                                                                                  
              DATE   -01  -02  -03  -04  -05  -06  -07  -08  -09  -10  -11  -12  -13  -14  -15  -16  -17  -18  -19  -20  -21  -22  -23  -24  TOTAL
                                                                                                                                                  
              10 1   140  140  144  154  152  154  152  147  151  155  156  153  154  148  149  153  152  153  142  150  148  147  146  144   3584
              10 2   143  142  142  142  142  141  141  142  142  145  148  148  146  140  136  133  128  126  127  136  138  129  134  142   3333
              10 3   132  127  126  133  128  123  124  125  130  143  147  144  145  143  141  140  139  135  136  136  131  137  141  141   3247
              10 4   138  136  132  140  142  138  139  137  134  137  141  142  144  143  142  143  146  144  134  135  143  141  141  142   3354
              10 5   142  134  135  136  133  135  132  141  147  143  146  145  143  146  145  142  138  139  144  134  136  142  136  140   3354
              10 6   138  132  135  128  136  140  140  142  146  144  143  145  147  144  143  143  146  141  141  136  133  132  126  125   3326
              10 7   130  125  121  117  127  121  121  119  124  129  134  138  139  136  133  130  127  124  122  123  122  122  122  125   3031
              10 8   128  131  133  133  134  133  131  135  138  138  142  143  145  145  143  144  144  141  140  137  131  132  136  140   3297
              10 9   141  141  141  139  138  139  140  139  142  144  151  151  150  142  140  139  139  134  133  136  136  134  132  131   3352
              1010   130  130  129  129  128  128  129  133  136  147  148  150  150  149  148  147  145  144  141  141  140  140  143  142   3347
              1011   143  141  141  141  140  139  141  142  145  143  147  147  147  146  146  146  146  146  144  144  145  145  145  145   3455
              1012   144  144  143  144  144  144  144  145  146  148  150  152  152  153  153  143  138  137  136  145  141  141  141  144   3472
              1013   151  152  148  147  142  141  142  142  145  146  147  150  152  153  151  148  147  145  143  142  144  143  150  150   3521
              1014   137  135  132  135  136  140  138  133  136  145  144  138  137  135  135  132  127  124  122  121  120  120  120  119   3161
              1015   119  119  116  115  113  112  112  111  111  116  121  123  127  123  134  129  116  129  133  131  135  136  134  126   2941
              1016   134  135  130  129  120  121  133  125  126  132  142  145  143  143  137  136  135  134  133  133  130  129  127  137   3189
              1017   138  138  137  132  131  130  125  135  135  130  132  138  132  141  135  129  134  129  127  125  123  126  124  126   3152
              1018   127  125  125  118  107  102  104  104  108  113  120  125  122  119  116  113  109  112  120  107  105  114  108  112   2735
              1019   118  113  104  104  109  120  122  107  112  119  127  135  139  139  136  132  128  123  132  129  131  136  138  137   2990
              1020   137  137  126  132  120  132  134  133  133  134  138  138  144  147  145  142  140  132  133  130  129  129  129  128   3222
              1021   128  126  125  124  124  123  124  122  123  124  124  124  123  123  122  122  122  123  122  121  123  124  123  123   2962
              1022   123  122  122  122  123  123  124  124  126  126  129  130  124  114  115  114  111  109  108  107  105  104  103  102   2810
              1023   102  102  101   99   98   96   97  101  104  108  113  116  118  116  117  112  117  113  114  112  122  121  120  120   2639
              1024   110   97  102   96   95   94   93   98  100  100  103  105  107  109  103   99   96   95   93   92   93   94   93   93   2360
              1025    93   92   94   97  115  117  113  111  117  122  125  125  127  128  124  129  126  125  122  103  111  120  121  119   2776
              1026   121  122  121  115  116  121  121  115  116  117  133  128  131  127  129  124  119  113  111  114  110  116  113  112   2865
              1027   114  119  120  123  122  126  125  124  124  127  121  126  134  133  128  123  125  121  123  119  119  118  118  118   2950
              1028   118  117  118  117  113  111  110  114  116  120  129  136  142  141  140  139  138  135  130  131  132  132  129  132   3040
              1029   133  129  127  XXX  129  132  134  132  134  135  135  136  136  135  135  134  133  132  132  129  131  132  131  131   XXXX
              1030   131  131  130  131  131  129  129  129  130  133  133  134  134  131  132  128  130  128  125  120  114  115  114  115   3057
              1031   115  119  118  123  117  120  121  126  123  122  123  125  132  132  133  126  132  128  126  125  123  122  117  102   2950
              ------------------------------------------------------------------------------------------------------------------------------------
              TOTAL 3998 3953 3918 3922 3905 3925 3935 3933 4000 4085 4192 4235 4266 4224 4186 4114 4073 4014 3989 3944 3944 3973 3955 3963  96587
              MEAN   129  128  126  127  126  127  127  127  129  132  135  137  138  136  135  133  131  129  129  127  127  128  128  128   3116
              MAX    151  152  148  154  152  154  152  147  151  155  156  153  154  153  153  153  152  153  144  150  148  147  150  150   3584
                N     31   31   31   30   31   31   31   31   31   31   31   31   31   31   31   31   31   31   31   31   31   31   31   31     30
              NOTE                   *)                                                                                                         *)
                                                                                                                                                  
                   *): WITH MISSING DATA; TOTAL,MEAN,MAXIMUM ESTIMATED                                                                            
                                                                                                                                                  
                                                                                                                                                  
