                                                                                                                                                  
                                                                                                                                                  
                                                               *******************************                                                    
                                                                 DOWNWARD LONGWAVE RADIATION                                                      
                                                               *******************************                                                    
                                                                                                                  COUNTRY = JAPAN                 
                                                                                                                                                  
                                                                                                                                                  
                                                                     UNIT  = 0.01 MJ/m**2                                                         
                        STATION    : Tateno                                                                                                       
                        STATION NO.: 47646                                                                                                        
                        LOCATION   : 140ﾟ08' E                                                                                                    
                                      36ﾟ03' N                                                                                                    
                        ALTITUDE   :   25.2  m                                                                                                    
                        YEAR/MONTH : 1994/07                                                                                                      
                                                                                                                                                  
              DATE   -01  -02  -03  -04  -05  -06  -07  -08  -09  -10  -11  -12  -13  -14  -15  -16  -17  -18  -19  -20  -21  -22  -23  -24  TOTAL
                                                                                                                                                  
               7 1   145  150  146  146  146  149  152  146  151  150  155  155  155  156  154  153  153  152  152  152  153  152  152  152   3627
               7 2   152  151  152  152  151  151  151  150  151  153  154  156  157  156  157  157  156  156  152  148  147  146  147  152   3655
               7 3   153  150  153  152  149  150  151  153  154  157  155  160  164  162  161  161  159  156  157  160  159  157  149  152   3734
               7 4   143  142  146  140  138  139  139  139  141  144  152  152  155  155  154  154  151  148  146  145  145  143  142  141   3494
               7 5   140  139  137  137  136  135  137  139  141  144  149  153  155  156  158  159  158  157  156  156  157  158  157  155   3569
               7 6   154  156  152  154  150  148  148  146  149  152  147  148  149  149  149  147  146  145  145  147  151  152  151  151   3586
               7 7   150  150  151  151  150  150  150  150  151  151  XXX  152  154  155  155  155  154  144  148  143  148  151  150  150   XXXX
               7 8   150  151  151  150  151  150  151  151  146  145  150  154  152  155  155  154  155  155  152  152  152  148  144  143   3617
               7 9   147  148  150  150  149  150  150  153  154  154  153  155  156  155  156  154  149  148  150  150  150  151  151  151   3634
               710   151  152  151  150  152  151  152  153  153  154  155  156  156  156  156  156  157  157  155  154  153  152  150  151   3683
               711   154  153  152  154  150  150  157  156  154  155  158  157  158  158  158  158  159  162  155  154  152  150  149  149   3712
               712   150  149  148  146  145  144  145  148  152  155  154  151  151  149  147  146  145  146  149  150  149  146  152  151   3568
               713   151  151  151  151  151  148  142  143  141  143  146  XXX  148  149  147  146  147  146  143  142  141  141  141  142   XXXX
               714   142  142  142  142  141  143  151  145  152  156  159  157  157  156  155  155  154  153  151  151  150  149  148  147   3598
               715   146  146  146  146  146  145  147  149  152  156  159  162  164  163  162  162  159  156  154  154  155  157  155  152   3693
               716   149  148  151  149  154  149  154  150  156  161  163  163  160  158  160  160  157  153  156  153  148  147  154  153   3706
               717   151  154  156  153  153  154  155  157  154  162  157  160  164  160  159  158  157  161  160  159  155  152  151  154   3756
               718   151  154  154  155  153  154  155  156  156  155  156  157  156  156  156  155  155  154  154  154  152  149  152  153   3702
               719   153  153  154  154  153  153  152  148  154  156  158  156  153  150  148  149  148  150  148  153  156  153  149  148   3649
               720   151  156  156  155  155  155  156  152  152  154  155  154  157  156  154  155  150  149  146  145  143  145  143  143   3637
               721   142  144  144  148  152  153  152  154  156  156  154  159  156  156  156  157  155  149  146  144  142  142  141  141   3599
               722   140  140  151  154  147  153  157  154  150  150  149  153  154  155  153  151  149  147  145  142  141  140  140  143   3558
               723   139  138  137  137  136  136  137  137  145  149  153  152  152  151  151  152  150  147  144  142  141  147  147  147   3467
               724   140  141  145  139  143  148  146  143  150  150  151  154  155  153  154  154  150  149  147  147  151  146  141  141   3538
               725   140  139  139  138  137  136  139  143  146  148  151  153  157  156  154  151  149  148  148  147  146  145  145  145   3500
               726   145  147  155  144  142  142  145  151  158  161  156  158  158  157  158  163  157  154  156  152  150  149  148  150   3656
               727   147  146  145  144  144  144  146  148  151  155  157  159  157  158  161  161  156  155  156  157  159  156  158  158   3678
               728   147  155  158  149  144  143  144  146  148  154  150  149  149  148  148  147  146  144  142  140  139  138  139  139   3506
               729   148  156  154  156  157  156  156  157  158  159  159  159  159  160  161  161  161  160  160  159  160  160  160  160   3796
               730   159  158  153  152  154  158  158  159  160  157  157  158  164  164  159  163  165  165  163  155  155  156  156  154   3802
               731   157  153  151  151  157  158  156  158  158  156  158  157  158  158  157  157  159  158  159  161  161  157  154  151   3760
              ------------------------------------------------------------------------------------------------------------------------------------
              TOTAL 4587 4612 4631 4599 4586 4595 4631 4634 4694 4752 4783 4824 4840 4826 4813 4811 4766 4724 4695 4668 4661 4635 4616 4619 112753
              MEAN   148  149  149  148  148  148  149  149  151  153  154  156  156  156  155  155  154  152  151  151  150  150  149  149   3637
              MAX    159  158  158  156  157  158  158  159  160  162  163  163  164  164  162  163  165  165  163  161  161  160  160  160   3802
                N     31   31   31   31   31   31   31   31   31   31   30   30   31   31   31   31   31   31   31   31   31   31   31   31     29
              NOTE                                                      *)   *)                                                                 *)
                                                                                                                                                  
                   *): WITH MISSING DATA; TOTAL,MEAN,MAXIMUM ESTIMATED                                                                            
                                                                                                                                                  
                                                                                                                                                  
