                                                                                                                                                  
                                                                                                                                                  
                                                               *******************************                                                    
                                                                 DOWNWARD LONGWAVE RADIATION                                                      
                                                               *******************************                                                    
                                                                                                                  COUNTRY = JAPAN                 
                                                                                                                                                  
                                                                                                                                                  
                                                                     UNIT  = 0.01 MJ/m**2                                                         
                        STATION    : Tateno                                                                                                       
                        STATION NO.: 47646                                                                                                        
                        LOCATION   : 140ﾟ08' E                                                                                                    
                                      36ﾟ03' N                                                                                                    
                        ALTITUDE   :   25.2  m                                                                                                    
                        YEAR/MONTH : 1994/12                                                                                                      
                                                                                                                                                  
              DATE   -01  -02  -03  -04  -05  -06  -07  -08  -09  -10  -11  -12  -13  -14  -15  -16  -17  -18  -19  -20  -21  -22  -23  -24  TOTAL
                                                                                                                                                  
              12 1   XXX  XXX  XXX  XXX  XXX  XXX   83   85   89   95  101  108  105  106  106  104  104  100   98   98  112  123  124  125   XXXX
              12 2   124  123  123  124  123  121  124  125  124  126  127  124  122  121  110  107  109  108  109  109  106  105  103  100   2797
              12 3   101  104  106  111  103   97   96  100  102  109  111  116  119  121  120  114  111  106  100  102  102  101  104  104   2560
              12 4   110  106   99   89   83   81   80   82   88   92   94   97   98   99   99   97   93   91   89   88   90   89   88   87   2209
              12 5    86   84   84   82   79   79   78   79   85   90   95   98  100  100   99   96   94   92   95  105  101   94   91   83   2169
              12 6    82   80   78   77   76   75   77   79   83   87   90   93   95   93   93   91   88   86   87   86   84   84   81   80   2025
              12 7    81   81   83   80   81   81   81   83   95   98   96  102  105  104  106  114  103   99   96   93   92   91   90   89   2224
              12 8    91   91   91   91   90   91   90   90   93   95   97   97   97   98   98   98   99   99   99   99   99   99  109  120   2321
              12 9   116  116  116  114  114  116  118  118  120  121  124  129  133  136  134  123  122  121  119  115  109  100   99   97   2830
              1210    94   92   89   90   90   91   90   90   92   95   95   95   96   95   91   89   88   88   87   87   86   86   86   87   2169
              1211    87   88  107  108  103  108  114  116  116  118  119  120  119  120  120  122  123  123  122  122  122  122  122  122   2763
              1212   122  122  122  122  122  123  123  122  124  124  124  124  125  121  121  123  124  119  121  125  126  127  128  128   2962
              1213   128  128  127  128  127  112  109  118  118  116  112  126  130  129  128  127  125  123  122  121  119  118  117  117   2925
              1214   114  111  104  109  108  103   96   92   92   93   93   94   96   97   98  101   91   88   86   86   86   86   85   85   2294
              1215    84   85   86   87   86   85   85   86   88   89   92   93   95   95   97   98   96   94   93   92   92   92   92   89   2171
              1216    89   86   85   84   87   83   81   80   80   81   84   87   88   83   80   78   79   77   78   81   83   84   85   84   1987
              1217    82   79   78   76   76   76   75   78   79   80   81   83   83   83   83   83   83   83   83   84   85   85   85   85   1948
              1218    84   83   82   82   81   82   81   81   83   86   88   90   91   92   92   91   92   92  109  105   96   99   86   85   2133
              1219    80   79   78   77   77   78   78   78   80   81   83   84   85   83   83   81   80   80   80   80   81   79   79   78   1922
              1220    78   78   78   80   84   88  101  103  105  103  106   95   89   93  106   99  105  115  114  114  114  106  100   93   2347
              1221    86   85   84   84   84   84   84   85   86   89   91   93   96  100  105  101  100  102   94   92  108  112  100   87   2232
              1222    85   84   83   81   81   81   81   81   83   86   90   91   93   93   94   93   92   92   92   91   91   91   91   91   2111
              1223    90   90   90   89   89   89   89   89   92   96   97   97   99   99   99   98   97   97   98   97   97   95   94   93   2260
              1224    90   88   87   87   87   88   88   88   89   91   93   96   97   98   98   98   98   97   96   95   97   99   96   94   2235
              1225    93   93   92   92   91   90   91   92   94   96  100  105  107  102  101  103  100   95   97   90   92   91   90   90   2287
              1226    91   90   87   87   85   85   83   86   96   91   93  104  111  116  114  117  118  118  119  120  121  120  120  120   2492
              1227   120  121  121  120  120  120  120  116  124  125  125  128  128  126  114  106  106  103  104  118  122  118  120  121   2846
              1228   120  119  119  120  118  118  115  118  117  111  118  121  120  122  121  122  122  120  113  115  101  104  106  102   2782
              1229   104   96   93   95   88   84   85   91   90   88   88   89   90   92   91   98   93  106  111  104  103   95   93   84   2251
              1230    87   82   84   87   81   82   86   81   83   85   94   92   98   98   97   93   93  102  105  105  106  104  113  115   2253
              1231   116  116  116  113  110  111  103  100  109  113  114  113  116  118  102   94   96  114  115  111  111   96   83   81   2571
              ------------------------------------------------------------------------------------------------------------------------------------
              TOTAL 3013 2976 2967 2961 2917 2895 2885 2912 2999 3050 3115 3184 3226 3233 3200 3159 3124 3130 3131 3130 3134 3095 3060 3016  73445
              MEAN    97   96   96   96   94   93   93   94   97   98  100  103  104  104  103  102  101  101  101  101  101  100   99   97   2369
              MAX    128  128  127  128  127  123  124  125  124  126  127  129  133  136  134  127  125  123  122  125  126  127  128  128   2962
                N     30   30   30   30   30   30   31   31   31   31   31   31   31   31   31   31   31   31   31   31   31   31   31   31     30
              NOTE    *)   *)   *)   *)   *)   *)                                                                                               *)
                                                                                                                                                  
                   *): WITH MISSING DATA; TOTAL,MEAN,MAXIMUM ESTIMATED                                                                            
                                                                                                                                                  
                                                                                                                                                  
