                                                                                                                                                  
                                                                                                                                                  
                                                               *******************************                                                    
                                                                 DOWNWARD LONGWAVE RADIATION                                                      
                                                               *******************************                                                    
                                                                                                                  COUNTRY = JAPAN                 
                                                                                                                                                  
                                                                                                                                                  
                                                                     UNIT  = 0.01 MJ/m**2                                                         
                        STATION    : Tateno                                                                                                       
                        STATION NO.: 47646                                                                                                        
                        LOCATION   : 140ﾟ08' E                                                                                                    
                                      36ﾟ03' N                                                                                                    
                        ALTITUDE   :   25.2  m                                                                                                    
                        YEAR/MONTH : 1994/09                                                                                                      
                                                                                                                                                  
              DATE   -01  -02  -03  -04  -05  -06  -07  -08  -09  -10  -11  -12  -13  -14  -15  -16  -17  -18  -19  -20  -21  -22  -23  -24  TOTAL
                                                                                                                                                  
               9 1   144  144  143  143  143  143  144  146  151  159  156  157  156  155  159  165  152  154  156  157  155  153  150  142   3627
               9 2   144  143  142  141  146  152  145  151  150  XXX  160  164  167  168  XXX  XXX  XXX  140  140  137  142  140  145  145   XXXX
               9 3   145  144  140  141  141  138  138  141  144  145  147  152  152  155  149  147  144  143  141  139  137  135  134  132   3424
               9 4   132  132  131  130  130  130  131  133  137  143  144  144  144  145  142  140  140  133  132  131  137  132  133  133   3259
               9 5   133  132  131  129  129  128  128  131  133  137  140  139  145  147  151  146  145  147  146  142  142  140  142  146   3329
               9 6   146  143  139  138  139  150  139  143  148  144  148  154  154  153  152  150  150  145  143  143  143  143  143  147   3497
               9 7   150  151  149  146  146  146  149  148  149  150  152  155  157  158  159  156  159  153  152  158  153  153  155  157   3661
               9 8   158  156  148  153  151  XXX  XXX  XXX  XXX  XXX  XXX  XXX  XXX  XXX  XXX  XXX  XXX  XXX  XXX  XXX  XXX  XXX  XXX  XXX   XXXX
               9 9   XXX  XXX  XXX  XXX  XXX  XXX  XXX  XXX  XXX  XXX  XXX  XXX  XXX  XXX  XXX  150  148  146  146  147  151  150  146  XXX   XXXX
               910   XXX  XXX  XXX  XXX  XXX  XXX  XXX  XXX  147  154  158  157  163  159  161  159  156  154  154  147  144  143  146  144   XXXX
               911   146  146  147  143  151  146  145  151  157  161  163  166  169  167  165  163  157  153  155  160  158  159  156  155   3739
               912   153  151  152  148  149  150  148  147  146  151  153  155  155  152  147  155  152  151  152  153  156  154  154  152   3636
               913   151  147  142  140  140  140  147  147  146  151  152  150  148  147  145  144  143  143  142  143  143  142  142  142   3477
               914   141  142  141  142  142  142  142  141  141  146  147  147  150  151  150  150  149  148  147  147  146  146  146  146   3490
               915   144  144  145  146  146  147  147  146  146  147  147  147  146  146  149  150  149  144  148  150  148  147  135  131   3495
               916   133  133  139  142  142  146  148  148  150  154  154  157  156  154  159  159  155  153  153  150  148  143  145  140   3561
               917   142  140  141  146  147  150  152  154  155  154  155  156  156  152  152  153  152  152  152  152  154  153  146  142   3608
               918   144  148  140  136  138  141  135  138  139  147  152  152  151  151  151  152  154  154  148  140  132  131  132  137   3443
               919   132  130  127  126  126  127  138  145  147  152  152  154  159  157  155  153  143  135  137  136  131  133  131  130   3356
               920   129  128  129  145  146  145  145  129  127  133  138  142  144  145  146  144  142  140  140  141  137  138  136  140   3329
               921   137  129  136  133  134  126  126  131  139  148  151  154  151  150  146  145  138  134  132  132  132  130  131  132   3297
               922   134  129  130  130  132  133  136  140  142  146  150  151  150  148  145  146  143  143  141  140  142  143  143  145   3382
               923   144  143  145  143  144  145  145  143  146  154  151  151  152  145  142  143  137  133  132  131  131  130  137  140   3407
               924   142  136  136  137  134  137  139  140  145  146  148  147  149  149  149  148  147  148  148  147  147  146  148  148   3461
               925   148  147  146  146  144  145  147  148  148  148  141  150  147  148  149  143  142  138  131  131  130  141  133  132   3423
               926   130  128  127  123  124  123  121  118  122  128  130  134  138  138  139  140  145  147  146  146  146  147  146  143   3229
               927   145  146  146  145  145  145  144  143  143  145  146  147  148  147  148  148  147  146  145  144  143  144  143  142   3485
               928   143  142  143  143  144  145  145  144  145  146  147  148  149  148  148  148  147  146  146  145  144  145  145  144   3490
               929   144  144  143  143  145  147  XXX  XXX  XXX  XXX  155  156  156  153  155  157  156  156  157  157  153  154  158  158   XXXX
               930   158  158  157  156  157  157  161  175  154  153  154  154  155  153  152  150  148  145  144  142  142  143  142  141   3651
              ------------------------------------------------------------------------------------------------------------------------------------
              TOTAL 4278 4239 4215 4215 4239 4248 4251 4293 4329 4434 4491 4542 4572 4545 4518 4503 4437 4371 4350 4332 4311 4302 4287 4272 104106
              MEAN   143  141  141  141  141  142  142  143  144  148  150  151  152  151  151  150  148  146  145  144  144  143  143  142   3470
              MAX    158  158  157  156  157  157  161  175  157  161  163  166  169  168  165  165  159  156  157  160  158  159  158  158   3739
                N     28   28   28   28   28   27   26   26   27   26   28   28   28   28   27   28   28   29   29   29   29   29   29   28     25
              NOTE    *)   *)   *)   *)   *)   *)   *)   *)   *)   *)   *)   *)   *)   *)   *)   *)   *)   *)   *)   *)   *)   *)   *)   *)     *)
                                                                                                                                                  
                   *): WITH MISSING DATA; TOTAL,MEAN,MAXIMUM ESTIMATED                                                                            
                                                                                                                                                  
                                                                                                                                                  
                                                                                                                                                  
