                                                                                                                                                  
                                                                                                                                                  
                                                               *******************************                                                    
                                                                 DOWNWARD LONGWAVE RADIATION                                                      
                                                               *******************************                                                    
                                                                                                                  COUNTRY = JAPAN                 
                                                                                                                                                  
                                                                                                                                                  
                                                                     UNIT  = 0.01 MJ/m**2                                                         
                        STATION    : Tateno                                                                                                       
                        STATION NO.: 47646                                                                                                        
                        LOCATION   : 140ﾟ08' E                                                                                                    
                                      36ﾟ03' N                                                                                                    
                        ALTITUDE   :   25.2  m                                                                                                    
                        YEAR/MONTH : 1994/04                                                                                                      
                                                                                                                                                  
              DATE   -01  -02  -03  -04  -05  -06  -07  -08  -09  -10  -11  -12  -13  -14  -15  -16  -17  -18  -19  -20  -21  -22  -23  -24  TOTAL
                                                                                                                                                  
               4 1    97   96   96   97   97   95   96   98  102  105  108  112  116  115  117  121  123  120  125  127  129  130  131  132   2685
               4 2   133  133  134  134  135  134  134  134  134  135  133  121  128  133  126  118  109  107  106  108  107  106  108  107   2957
               4 3   104  103  102  100   96   93   91   91   91   93   96   98   99   99   98   97   96   94   92   92   91   89   89   88   2282
               4 4    90   91   91   89   95   91   90   91   95  101  106  104  105  106  107  108  105  103  102  103  103  108  108  112   2404
               4 5   121  115  116  113  111  114  114  109  110  112  114  116  117  117  118  118  118  117  115  115  114  113  112  112   2751
               4 6   110  109  108  108  107  107  106  107  112  116  119  122  123  123  122  119  117  115  125  130  131  121  126  120   2803
               4 7   113  115  135  135  134  132  131  130  126  122  122  126  126  128  134  132  129  133  132  132  132  133  131  121   3084
               4 8   116  122  126  127  111  105  104  103  103  105  108  109  121  125  123  122  122  120  120  120  120  120  120  120   2792
               4 9   119  117  117  116  116  114  107   94  102  105  105  103  106  100   98   96   94   92   88   88   97  108  111  111   2504
               410   101  104  102  100   94   86   87   88   91   94   99  100  102  100  100  100  103  103   96   98  109  120  120  121   2418
               411   120  120  118  119  109  117  120  124  125  127  127  125  125  122  124  117  113  109  109  108  108  108  106  105   2805
               412   105  105  104  103  101  102  108  109  120  134  138  140  137  136  135  133  135  135  135  137  138  138  139  140   3007
               413   142  143  144  140  138  136  137  135  135  134  134  134  133  132  131  131  129  128  127  126  126  125  123  122   3185
               414   122  120  121  118  108   95   94   97   99  101  104  105  106  108  110  107  107  106  105  105  109  104  102  102   2555
               415    98   96   94   94   94   94   95   98  101  104  107  109  111  109  110  114  114  112  110  110  108  108  106  105   2501
               416   105  104  103  101  100   99   99  101  104  108  113  115  116  114  111  112  111  111  109  106  105  104  105  107   2563
               417   107  107  105  107  111  108  109  111  109  115  118  118  118  120  120  119  118  116  114  113  109  109  107  104   2692
               418   102  100  101   99   96   98  100   96   98  102  106  108  114  114  117  118  119  119  120  120  120  122  127  132   2648
               419   133  133  132  130  129  128  128  129  128  122  112  115  117  118  119  118  118  116  115  116  117  115  113  112   2913
               420   110  109  108  107  105  104  103  103  107  114  116  119  116  118  118  117  118  121  124  124  129  130  131  130   2781
               421   122  117  115  112  112  109  107  106  108  110  111  112  115  115  115  113  113  111  110  108  110  108  109  109   2677
               422   109  108  108  116  106  113  131  127  110  114  117  121  121  120  118  118  118  116  115  114  114  110  112  112   2768
               423   110  109  111  119  119  111  106  111  117  120  129  131  130  135  134  134  134  134  133  135  135  134  132  132   2995
               424   131  132  131  132  133  130  132  133  136  137  138  138  136  136  135  135  134  135  133  126  130  136  127  120   3186
               425   128  124  130  136  137  135  134  123  118  120  119  121  123  129  129  127  129  128  130  135  139  133  129  127   3083
               426   140  136  130  123  114  110  111  111  110  109  110  112  112  113  114  113  111  110  110  118  115  112  125  130   2799
               427   123  130  130  126  130  129  128  121  111  113  120  121  117  118  119  121  116  117  120  121  119  120  121  122   2913
               428   123  122  123  122  126  130  132  132  134  131  129  128  130  132  133  131  131  130  129  130  128  128  119  119   3072
               429   109  108  107  106  111  122  121  113  109  112  116  121  120  126  116  115  116  126  127  115  110  108  107  107   2748
               430   107  106  106  108  107  109  109  108  110  115  118  118  121  129  135  134  132  129  126  132  134  134  132  133   2892
              ------------------------------------------------------------------------------------------------------------------------------------
              TOTAL 3450 3434 3448 3437 3382 3350 3364 3333 3355 3430 3492 3522 3561 3590 3586 3558 3532 3513 3502 3512 3536 3534 3528 3514  83463
              MEAN   115  114  115  115  113  112  112  111  112  114  116  117  119  120  120  119  118  117  117  117  118  118  118  117   2782
              MAX    142  143  144  140  138  136  137  135  136  137  138  140  137  136  135  135  135  135  135  137  139  138  139  140   3186
                N     30   30   30   30   30   30   30   30   30   30   30   30   30   30   30   30   30   30   30   30   30   30   30   30     30
              NOTE                                                                                                                                
                                                                                                                                                  
                   *): WITH MISSING DATA; TOTAL,MEAN,MAXIMUM ESTIMATED                                                                            
                                                                                                                                                  
                                                                                                                                                  
                                                                                                                                                  
