                                                                                                                                                  
                                                                                                                                                  
                                                               *******************************                                                    
                                                                 DOWNWARD LONGWAVE RADIATION                                                      
                                                               *******************************                                                    
                                                                                                                  COUNTRY = JAPAN                 
                                                                                                                                                  
                                                                                                                                                  
                                                                     UNIT  = 0.01 MJ/m**2                                                         
                        STATION    : Tateno                                                                                                       
                        STATION NO.: 47646                                                                                                        
                        LOCATION   : 140ﾟ08' E                                                                                                    
                                      36ﾟ03' N                                                                                                    
                        ALTITUDE   :   25.2  m                                                                                                    
                        YEAR/MONTH : 1995/12                                                                                                      
                                                                                                                                                  
              DATE   -01  -02  -03  -04  -05  -06  -07  -08  -09  -10  -11  -12  -13  -14  -15  -16  -17  -18  -19  -20  -21  -22  -23  -24  TOTAL
                                                                                                                                                  
              12 1   111   96   87   85   85   84   86   89   86   94   96   93   93   93   92   91   89   88   87   88   87   88   89   88   2165
              12 2    89   88   88   87   87   87   88   89   91   94   96   97   98   98   98   97   94   93   92   92   92   92   91   90   2208
              12 3    90   89   89   88   87   87   87   88   92   94   96   98   98   97   97   98  100  100  100  101  100  100  112  107   2295
              12 4   104  101  110  114  113  110  109  106  106  104   98   97   98   97   97   97   96   96   95   95   94   95   95   96   2423
              12 5    94   94   93   97   97  105  105   97   95  102  107  100   97   97   96   95   94  106  104   91   90   94   88   87   2325
              12 6    85   85   84   84   83   83   83   84   86   89   90   91   92   93   93   92   91   91   90   90   89   89   88   88   2113
              12 7    87   87   86   86   85   85   85   86   87   89   92   93   92   91   91   89   88   86   86   85   84   84   84   84   2092
              12 8    83   83   83   83   84   82   82   84   85   88   90   92   91   92   92   90   89   96   91   87   94   93   90   88   2112
              12 9    81   79   79   79   79   78   78   79   83   86   89   89   90   90   91   90   89   88   86   86   86   86   85   84   2030
              1210    85   84   84   83   82   81   81   83   86   89   90   90   91   92   91   90   90   90   90   89   89   88   88   87   2093
              1211    86   86   86   85   87   87   88   88   88   91   92   94   95   97   97   97   96   95   95   95   94   93   93   93   2198
              1212    96  101   98   99  102  101  101  100  100   98  101  103  102  102  102  108  110   97   92   91   89   89   87   87   2356
              1213    85   86   87   86   85   84   84   86   88   91   92   94   94   94   93   92   93  100  101  101   99   97   97  102   2211
              1214   100  100   91   89   89   97   89   87   89   97   95   96   96   97   96   96   95   95   96   96   97   97   97   94   2271
              1215    96  102   92   93   94   93   93   93   96   97  100  102  104  104  102   99   96   94   92   90   89   87   87   85   2280
              1216    84   83   82   82   82   81   81   82   84   86   87   88   92   98  102   95   89   88   93   98  100   94   87   91   2129
              1217    86   86   84   84   84   84   83   83   85   87   89   90   92   91   90   89   86   85   83   84   84   83   82   82   2056
              1218    83   83   82   82   82   82   82   82   84   86   88   90   91   91   90   90   91   90   91   93  100   97  107  110   2147
              1219   115  114  113  114  114  112  114  115  115  116  116  114  110  102   98   93   90   89   88   87   87   86   86   85   2473
              1220    85   85   84   84   84   84   84   85   87   89   92   91   91   91   91   91   90   91   92   92   92   91   91   91   2128
              1221    89   88   87   86   85   85   84   85   87   90   92   94   95   95   95  110   99   90   87   87   86   85   85   84   2150
              1222    83   84   84   84   84   84   84   86   87   88   89   91   91   91   91   90   90   93  110  116  115  112  112  117   2256
              1223   100   92   88   86   85   85   86   86   88   91   94   96   97   98   98   97   99  101  104  101   99   99   98   98   2266
              1224    98   95  102  100  108  110  114  113  109  104   96   97   99  100  104  104  106  117  111  110  100   83   83   83   2446
              1225    83   83   81   80   79   77   77   78   79   80   82   83   85   85   87   81   80   76   75   74   76   79   75   75   1910
              1226    74   75   74   73   73   74   74   76   78   81   92   82   80   82   80   80   79   77   77   77   76   76   76   77   1863
              1227    77   76   76   77   76   76   77   77   79   82   84   85   86   86   86   85   83   81   81   80   79   79   79   79   1926
              1228    78   78   78   78   78   78   77   77   80   82   84   87   87   88   89   87   88   89   96  105   95   93   99  102   2073
              1229   101  104  100   98   93  102  101  103  111  113  117  115  115  118   97   95   94   95   94   92   90   89   89   93   2419
              1230    87   87   86   85   84   84   84   83   85   87   88   90   91   91   91   90   87   87   84   83   83   83   82   82   2064
              1231    82   83   82   81   82   81   80   81   83   85   88   90   94  103  106  106   92   91   95   90   89   89   88   85   2126
              ------------------------------------------------------------------------------------------------------------------------------------
              TOTAL 2777 2757 2720 2712 2712 2723 2721 2731 2779 2850 2902 2912 2927 2944 2923 2904 2853 2855 2858 2846 2824 2790 2790 2794  67604
              MEAN    90   89   88   87   87   88   88   88   90   92   94   94   94   95   94   94   92   92   92   92   91   90   90   90   2181
              MAX    115  114  113  114  114  112  114  115  115  116  117  115  115  118  106  110  110  117  111  116  115  112  112  117   2473
                N     31   31   31   31   31   31   31   31   31   31   31   31   31   31   31   31   31   31   31   31   31   31   31   31     31
              NOTE                                                                                                                                
                                                                                                                                                  
                   *): WITH MISSING DATA; TOTAL,MEAN,MAXIMUM ESTIMATED                                                                            
                                                                                                                                                  
                                                                                                                                                  
