                                                                                                                                                  
                                                                                                                                                  
                                                               *******************************                                                    
                                                                 DOWNWARD LONGWAVE RADIATION                                                      
                                                               *******************************                                                    
                                                                                                                  COUNTRY = JAPAN                 
                                                                                                                                                  
                                                                                                                                                  
                                                                     UNIT  = 0.01 MJ/m**2                                                         
                        STATION    : Tateno                                                                                                       
                        STATION NO.: 47646                                                                                                        
                        LOCATION   : 140ﾟ08' E                                                                                                    
                                      36ﾟ03' N                                                                                                    
                        ALTITUDE   :   25.2  m                                                                                                    
                        YEAR/MONTH : 1995/10                                                                                                      
                                                                                                                                                  
              DATE   -01  -02  -03  -04  -05  -06  -07  -08  -09  -10  -11  -12  -13  -14  -15  -16  -17  -18  -19  -20  -21  -22  -23  -24  TOTAL
                                                                                                                                                  
              10 1   130  127  129  134  135  137  140  140  139  141  143  144  145  140  138  140  137  135  133  138  138  141  143  143   3310
              10 2   144  145  147  146  144  145  145  144  142  143  146  148  150  152  153  147  136  136  135  134  133  131  130  129   3405
              10 3   129  129  128  128  139  141  136  142  139  140  138  140  140  138  142  140  135  132  130  134  145  143  132  129   3269
              10 4   128  131  138  144  142  141  133  132  142  146  147  149  146  144  144  145  145  146  146  143  145  139  137  136   3389
              10 5   137  138  139  141  145  145  144  139  148  149  150  148  147  146  144  144  145  144  144  143  141  142  141  140   3444
              10 6   138  138  136  131  121  126  119  114  116  115  126  124  118  120  124  135  125  122  127  130  125  122  125  132   3009
              10 7   131  132  132  131  126  123  125  130  127  125  135  137  137  132  134  134  136  138  137  136  136  136  137  136   3183
              10 8   135  136  137  136  135  135  136  136  137  138  138  138  138  138  139  140  139  139  139  139  139  139  138  138   3302
              10 9   138  138  137  136  137  136  135  136  133  138  138  133  134  135  133  129  120  118  115  122  125  125  122  116   3129
              1010   115  112  111  110  110  110  112  113  114  118  123  125  128  121  120  121  125  120  117  118  118  119  115  113   2808
              1011   116  113  113  118  125  132  134  133  131  124  122  133  139  136  135  135  134  137  138  139  139  139  141  141   3147
              1012   140  139  140  139  139  140  140  138  141  141  142  142  143  144  145  141  134  145  144  143  143  143  142  140   3388
              1013   141  143  141  139  139  141  137  134  139  132  131  135  133  128  123  122  121  119  118  117  115  115  115  114   3092
              1014   114  113  118  119  117  112  112  120  117  120  125  127  129  124  122  123  121  120  116  113  112  113  112  113   2832
              1015   113  113  117  125  136  140  140  136  130  117  122  122  124  123  118  122  121  120  120  119  121  122  120  123   2964
              1016   130  134  126  131  129  128  126  135  140  143  144  144  147  149  146  141  135  131  135  131  133  130  136  145   3269
              1017   147  143  146  147  147  139  139  137  122  122  124  127  127  126  128  125  125  122  120  120  119  118  118  117   3105
              1018   116  125  125  133  131  124  118  120  125  128  128  133  140  135  127  126  128  131  138  135  136  138  136  128   3104
              1019   125  138  146  139  131  131  140  145  141  140  144  143  143  140  134  127  125  124  126  130  131  132  137  137   3249
              1020   124  118  116  124  121  129  115  114  113  113  114  115  117  116  116  115  113  111  109  109  107  105  105  104   2743
              1021   104  103  104  103  103  103  104  106  109  111  114  116  120  121  121  113  113  112  112  113  116  121  120  116   2678
              1022   115  111  112  113  119  125  132  136  135  135  131  125  128  126  122  114  112  116  115  120  125  118  128  128   2941
              1023   124  112  120  117  114  108  111  110  112  115  119  123  122  120  116  115  114  112  112  112  112  112  111  112   2755
              1024   112  112  121  122  123  120  121  121  119  128  131  135  137  138  137  138  135  135  135  135  138  138  136  136   3103
              1025   136  138  138  137  138  138  132  120  120  116  117  113  111  111  111  110  109  108  107  106  106  106  105  104   2837
              1026   104  105  104  103  102  102  102  104  108  111  115  127  129  117  116  117  116  123  126  122  125  122  119  122   2741
              1027   118  116  117  108  106  104  103  106  109  113  115  113  114  115  114  112  112  112  112  110  107  103  103  102   2644
              1028   101  100   99   99   98   97   98   99  103  107  109  109  116  119  114  109  112  114  115  116  116  116  119  125   2610
              1029   115  110  108  111  115  114  116  117  118  125  126  132  127  123  128  132  134  123  124  123  131  121  127  116   2916
              1030   117  122  125  127  120  115  119  116  117  121  122  126  126  124  124  121  120  119  119  117  117  116  116  121   2887
              1031   132  134  139  137  133  139  139  138  121  125  126  125  124  130  132  136  138  139  136  136  135  135  133  129   3191
              ------------------------------------------------------------------------------------------------------------------------------------
              TOTAL 3869 3868 3909 3928 3920 3920 3903 3911 3907 3940 4005 4051 4079 4031 4000 3969 3915 3903 3900 3903 3929 3900 3899 3885  94444
              MEAN   125  125  126  127  126  126  126  126  126  127  129  131  132  130  129  128  126  126  126  126  127  126  126  125   3047
              MAX    147  145  147  147  147  145  145  145  148  149  150  149  150  152  153  147  145  146  146  143  145  143  143  145   3444
                N     31   31   31   31   31   31   31   31   31   31   31   31   31   31   31   31   31   31   31   31   31   31   31   31     31
              NOTE                                                                                                                                
                                                                                                                                                  
                   *): WITH MISSING DATA; TOTAL,MEAN,MAXIMUM ESTIMATED                                                                            
                                                                                                                                                  
                                                                                                                                                  
