                                                                                                                                                  
                                                                                                                                                  
                                                               *******************************                                                    
                                                                 DOWNWARD LONGWAVE RADIATION                                                      
                                                               *******************************                                                    
                                                                                                                  COUNTRY = JAPAN                 
                                                                                                                                                  
                                                                                                                                                  
                                                                     UNIT  = 0.01 MJ/m**2                                                         
                        STATION    : Tateno                                                                                                       
                        STATION NO.: 47646                                                                                                        
                        LOCATION   : 140ﾟ08' E                                                                                                    
                                      36ﾟ03' N                                                                                                    
                        ALTITUDE   :   25.2  m                                                                                                    
                        YEAR/MONTH : 1995/03                                                                                                      
                                                                                                                                                  
              DATE   -01  -02  -03  -04  -05  -06  -07  -08  -09  -10  -11  -12  -13  -14  -15  -16  -17  -18  -19  -20  -21  -22  -23  -24  TOTAL
                                                                                                                                                  
               3 1   113  117  117  117  118  117  116  115  114  115  117  118  112  113  111  102   96   96   93   93   93   93   91   91   2578
               3 2    92   94   88   87   86   86   85   86   88   90   92  102  115  115  115  112  112  111  110  110  110  106  103  105   2400
               3 3   108  107  106   96   88   87   93   86   85   89   98   94   94  105  100  100  102  105  109  113  113  115  116  115   2424
               3 4   115  116  116  114  114  113  114  113  113  113  113  113  113  113  114  113  114  112  112  108  106  104   96   95   2667
               3 5    99   98   85   82   81   79   79   80   82   85   88   89   90   93   90   97  108  108  100   94   86   82   82   83   2140
               3 6    83   83   82   82   81   79   79   80   83   86   87   89   91   93   93   90   87   87   87   87   86   86   87   87   2055
               3 7    87   88   87   86   86   85   84   86   88   91   95   97  102   98   97   98   98  107  107  105   98   93   92   92   2247
               3 8    92   91   89   88   87   88   87   88   90   94   97   99   99  105  117  110  100   92   92   91   90   89   88   87   2250
               3 9    85   88   84   83   83   83   84   85   87   89   91   94   96   96   96   95   95   93   98   99  101  100   96   96   2197
               310    90   85   91  101  107  109  110  111  112  115  117  117  116  118  118  119  121  122  123  125  126  122  122  122   2719
               311   121  120  120  119  119  119  118  111  102   96  102  102  111  107  106   98   97   94   94   92   91   89   89   89   2506
               312    88   88   89   88   88   87   88   90   92   95   96  110  103  106  101  106  112  112  114  109  104  110  116  117   2409
               313   116  116  116  114  114  111  106   99   97   95  102  118  118  111  112  117  107  100  104  106  103  111  114  102   2609
               314    90   89   90  100   91   88   87   89   92   94  109  111  106  114  106   97   95   96  109  116  117  117  117  115   2435
               315   114  113  110  103  112   97  110  112  105  113  104  107  114  115  103   99   97   94   92   92   91   91   91   93   2472
               316    91   91   91   91   91   90   92   95  101  111  119  125  125  125  123  126  128  127  124  125  127  128  128  129   2703
               317   130  130  132  129  130  131  130  132  133  135  137  138  138  139  139  139  139  140  134  128  134  138  137  135   3227
               318   130  127  124  123  121  120  119  117  117  117  115  114  114  114  113  113  113  115  114  115  115  115  115  115   2815
               319   115  113  106  109  114  112  105  110  113  117  115  114  114  117  112   97  102  103  103  107  110  105  113  102   2628
               320    98   95   89   88   86   90  100  103   91   92   94   95   96   97   96   99  103   96   94   94   93   92   92   92   2265
               321    93   93   93   92   91   90   89   91   94   99  101  101  104  107  115  113  107  101   99   99   99   99   98   98   2366
               322    98   97   97   95   94   94   94   97   99  102  106  110  112  125  120  114  113  117  121  123  123  125  123  122   2621
               323   123  122  121  121  118  120  122  121  121  122  120  111  119  117  113  120  117  104  107  123  123  123  123  123   2854
               324   124  124  125  125  126  126  127  127  128  129  129  127  130  134  133  133  130  128  127  128  129  130  130  131   3080
               325   129  127  126  125  124  124  123  123  122  121  121  119  119  118  118  117  116  116  116  115  115  114  114  113   2875
               326   113  113  112  112  112  113  113  113  114  114  115  116  116  116  116  116  115  114  112  110  109  110  114  113   2721
               327   112  104  103   94   86   86  109  113  110  113  103  107  117  109  104  102  101   98   98   98   98   97   96   96   2454
               328    94   93   94   95   98   99  101  117  118  118  118  108  114  118  102  100  105   91   88   86   85   84   84   83   2393
               329    83   82   83   86   91   89   93   98  103  105  109  110  105  109  113  110  108  114  120  121  122  123  122  122   2521
               330   123  123  123  124  124  124  124  125  125  125  126  125  127  128  130  128  128  126  128  128  129  130  131  131   3035
               331   132  132  133  133  132  130  121  112  113  115  117  120  124  120  117  124  123  114  113  128  132  132  134  132   2983
              ------------------------------------------------------------------------------------------------------------------------------------
              TOTAL 3281 3259 3222 3202 3193 3166 3202 3225 3232 3295 3353 3400 3454 3495 3443 3404 3389 3333 3342 3368 3358 3353 3354 3326  79649
              MEAN   106  105  104  103  103  102  103  104  104  106  108  110  111  113  111  110  109  108  108  109  108  108  108  107   2569
              MAX    132  132  133  133  132  131  130  132  133  135  137  138  138  139  139  139  139  140  134  128  134  138  137  135   3227
                N     31   31   31   31   31   31   31   31   31   31   31   31   31   31   31   31   31   31   31   31   31   31   31   31     31
              NOTE                                                                                                                                
                                                                                                                                                  
                   *): WITH MISSING DATA; TOTAL,MEAN,MAXIMUM ESTIMATED                                                                            
                                                                                                                                                  
                                                                                                                                                  
