                                                                                                                                                  
                                                                                                                                                  
                                                               *******************************                                                    
                                                                 DOWNWARD LONGWAVE RADIATION                                                      
                                                               *******************************                                                    
                                                                                                                  COUNTRY = JAPAN                 
                                                                                                                                                  
                                                                                                                                                  
                                                                     UNIT  = 0.01 MJ/m**2                                                         
                        STATION    : Tateno                                                                                                       
                        STATION NO.: 47646                                                                                                        
                        LOCATION   : 140ﾟ08' E                                                                                                    
                                      36ﾟ03' N                                                                                                    
                        ALTITUDE   :   25.2  m                                                                                                    
                        YEAR/MONTH : 1995/08                                                                                                      
                                                                                                                                                  
              DATE   -01  -02  -03  -04  -05  -06  -07  -08  -09  -10  -11  -12  -13  -14  -15  -16  -17  -18  -19  -20  -21  -22  -23  -24  TOTAL
                                                                                                                                                  
               8 1   147  148  146  144  144  143  144  145  147  151  153  157  157  157  153  152  153  151  150  149  150  152  151  147   3591
               8 2   149  151  150  149  151  151  151  153  153  154  155  155  155  156  160  163  163  156  152  148  145  148  145  144   3657
               8 3   144  145  145  145  144  143  145  147  148  150  151  153  156  159  160  159  155  153  155  153  154  149  145  145   3603
               8 4   144  144  144  143  142  140  141  143  145  149  152  156  157  157  156  156  152  149  146  144  148  145  146  150   3549
               8 5   151  149  144  146  146  143  142  144  146  147  148  150  149  148  147  147  145  147  148  149  152  154  151  153   3546
               8 6   155  155  155  148  147  156  154  150  146  150  154  154  157  159  158  156  157  155  154  154  151  148  148  143   3664
               8 7   143  152  151  150  153  152  143  143  151  156  157  152  152  154  155  155  155  156  151  148  148  148  148  148   3621
               8 8   147  145  145  146  145  145  146  148  150  153  157  159  163  160  159  160  158  157  155  153  151  152  152  150   3656
               8 9   149  150  149  146  146  145  145  147  149  151  155  160  161  163  161  160  158  157  154  151  150  152  151  148   3658
               810   147  145  144  142  143  143  144  147  150  152  156  161  163  164  164  XXX  XXX  XXX  XXX  XXX  XXX  XXX  XXX  XXX   XXXX
               811   XXX  XXX  XXX  XXX  XXX  XXX  XXX  XXX  XXX  XXX  XXX  153  160  159  155  156  147  147  144  141  146  143  141  140   XXXX
               812   140  135  137  136  140  138  140  147  148  148  154  156  152  154  153  151  156  150  149  143  148  146  148  146   3515
               813   147  147  151  152  147  149  145  144  155  157  158  157  156  157  154  150  148  145  144  144  140  141  141  141   3570
               814   141  141  140  141  141  140  141  145  149  156  157  160  163  159  156  153  151  147  144  141  140  140  138  138   3522
               815   139  140  143  141  145  145  155  159  156  155  160  160  160  160  157  154  152  148  148  150  148  145  147  145   3612
               816   143  143  143  144  147  151  147  148  150  156  159  161  164  166  164  158  154  161  154  150  147  145  149  143   3647
               817   143  142  141  140  143  150  142  144  148  154  161  159  160  157  156  154  151  153  152  151  156  153  152  154   3616
               818   154  154  154  155  154  152  142  147  156  160  161  159  161  161  162  160  156  154  152  149  149  148  150  151   3701
               819   150  151  160  159  151  149  146  149  153  157  162  162  166  165  166  161  158  153  151  150  149  149  148  148   3713
               820   147  147  146  145  143  144  145  148  151  157  162  164  168  168  164  161  156  150  148  148  148  148  149  149   3656
               821   148  149  147  146  146  146  147  148  152  156  159  164  166  163  160  157  153  151  153  155  155  152  146  148   3667
               822   152  145  145  153  154  152  151  149  159  157  159  162  161  160  155  156  154  156  153  153  151  149  148  155   3689
               823   154  155  155  156  156  148  148  154  159  160  161  161  161  163  159  162  156  155  154  155  157  159  155  154   3757
               824   147  145  152  158  157  147  146  148  153  155  160  165  166  167  164  159  156  153  151  151  149  148  148  147   3692
               825   146  146  145  145  145  144  146  149  152  156  163  167  168  163  160  157  153  151  149  147  147  145  144  144   3632
               826   144  143  143  142  142  143  144  147  152  158  162  165  166  165  163  162  159  156  154  153  151  151  151  150   3666
               827   148  148  147  145  145  146  146  148  152  158  162  164  160  160  159  158  152  150  148  148  146  146  147  146   3629
               828   146  145  144  143  143  141  143  146  148  152  156  156  158  158  160  152  148  149  147  143  152  154  153  153   3590
               829   152  151  150  145  150  141  137  140  149  149  152  158  156  154  146  145  141  140  144  138  138  137  140  140   3493
               830   146  139  143  137  135  137  138  141  148  152  153  158  157  155  155  150  145  144  146  147  146  151  152  155   3530
               831   155  154  152  150  150  154  154  156  154  156  157  157  155  155  153  149  149  149  143  145  146  148  146  144   3631
              ------------------------------------------------------------------------------------------------------------------------------------
              TOTAL 4566 4551 4557 4538 4542 4523 4504 4573 4681 4777 4873 4925 4954 4946 4894 4830 4743 4693 4644 4600 4607 4594 4579 4566 112319
              MEAN   147  147  147  146  147  146  145  147  151  154  157  159  160  160  158  156  153  151  150  148  149  148  148  147   3623
              MAX    155  155  160  159  157  156  155  159  159  160  163  167  168  168  166  163  163  161  155  155  157  159  155  155   3757
                N     30   30   30   30   30   30   30   30   30   30   30   31   31   31   31   30   30   30   30   30   30   30   30   30     29
              NOTE    *)   *)   *)   *)   *)   *)   *)   *)   *)   *)   *)                       *)   *)   *)   *)   *)   *)   *)   *)   *)     *)
                                                                                                                                                  
                   *): WITH MISSING DATA; TOTAL,MEAN,MAXIMUM ESTIMATED                                                                            
                                                                                                                                                  
                                                                                                                                                  
