                                                                                                                                                  
                                                                                                                                                  
                                                               *******************************                                                    
                                                                 DOWNWARD LONGWAVE RADIATION                                                      
                                                               *******************************                                                    
                                                                                                                  COUNTRY = JAPAN                 
                                                                                                                                                  
                                                                                                                                                  
                                                                     UNIT  = 0.01 MJ/m**2                                                         
                        STATION    : Tateno                                                                                                       
                        STATION NO.: 47646                                                                                                        
                        LOCATION   : 140ﾟ08' E                                                                                                    
                                      36ﾟ03' N                                                                                                    
                        ALTITUDE   :   25.2  m                                                                                                    
                        YEAR/MONTH : 1995/11                                                                                                      
                                                                                                                                                  
              DATE   -01  -02  -03  -04  -05  -06  -07  -08  -09  -10  -11  -12  -13  -14  -15  -16  -17  -18  -19  -20  -21  -22  -23  -24  TOTAL
                                                                                                                                                  
              11 1   122  125  119  117  115  112  112  114  114  118  122  124  122  120  117  113  113  107  102  114  115  106   96   95   2734
              11 2    95   94   99  104  104   95   93   95   97   99  100  102  104  104  103  102  102  102  101   99   98   96   96   96   2380
              11 3    95   94   94   94   93   93   93   94   97  100  103  103  104  104  105  106  103  103  104  104  104  103  101  100   2394
              11 4    99   98   97   96   96   96   97   99  101  105  107  109  110  112  113  112  109  111  109  115  113  106  104  103   2517
              11 5    99   97   97   95   95   94   94   96   99  101  103  103  102  102  103  104  102  102  101  100  101  101  101  102   2394
              11 6   101  101  101  104  110  101  105  112  106  106  111  113  114  114  116  119  121  121  114  112  118  118  115  110   2663
              11 7   106  103  102  102  102  102  102  103  105  109  112  114  115  114  120  126  132  134  137  135  139  140  142  142   2838
              11 8   143  145  145  134  121  121  117  117  104  106  107  108  109  109  109  104  100   96   93   92   91   90   90   89   2640
              11 9    88   87   86   87   87   86   87   90   93   95   98   99  102  102   99   97   95   94   93   92   92   91   91   91   2222
              1110    90   90   90   89   90   89   89   92   94   97   99  101  106  106  110  110  105  106  108  101  101  101  101  101   2366
              1111   107  116  116  111  109  105   97   97  100  102  104  111  106  107  104  101   98   97   96   96   95   94   93   93   2455
              1112    92   92   92   91   91   91   92   93   98  111  118  123  128  121  109  106  106  108  106  105  107  105  104  104   2493
              1113   105  114  111  100   99  107  106  103  104  107  112  115  111  111  111  109  111  117  110  108  106  106  106  103   2592
              1114   103  103  103  108  110  111  114  115  115  121  123  124  127  127  127  128  131  132  133  133  135  132  131  129   2915
              1115   127  126  120  115  118  121  116  112  100   91   93   94   95   95   95   94   93   93   92   90   90   90   89   89   2438
              1116    89   89   90   96   95   94   97  106  118  122  123  123  124  125  125  125  120  106  110  103  104  102  102  111   2599
              1117   101   99   98   98   96   95   94   95   98  102  105  106  107  107  122  108  107  105  104  105  111  107  104  104   2478
              1118   107   97   95   92   87   88   87   88   91   93   95   97  100  101  100   98   98   96   96   95   94   94   93   92   2274
              1119    91   90   90   89   88   88   88   90   93   96  100  102  105  107  108  108  107  107  107  107  107  108  108  109   2393
              1120   123  121  107  106  104  105  117  118  127  130  131  131  131  130  133  132  131  129  128  127  125  122  117  121   2946
              1121   113  121  118  105  105  100  111  118  118  105  112  110  119  122  119  115  120  121  120  113  112   98  106  114   2715
              1122   116  116  117  114  111  106  111  112  107  113  121  121  121  122  123  121  117  118  120  122  124  125  124  125   2827
              1123   123  124  124  125  125  125  125  122  108  121  125  128  109  107  111  110  116  121  122  108  114  123  126  126   2868
              1124   128  126  125  125  123  121  118  115  108  118  123  119  118  118  107   96   92   92   92   91   92   91   90   91   2619
              1125    94   93   92   91   88   88   87   89   91   92   94   95   96   96   95   95   94   93   93   92   92   92   91   90   2213
              1126    95  102  111  110  109  116  115  117  113  118  118  117  105  100   99   98   97   97   97   95   95   95   95   94   2508
              1127    93   93   93   92   92   92   90   90   92   95   96   96   94   94   94   92   90   88   87   87   86   86   85   86   2183
              1128    87   86   86   86   86   86   86   87   89   91   93   96   96   96   95   95   93   92   91   90   90   91   90   90   2168
              1129    88   87   87   88   88   89   89   90   92   94   96   98   99   99   98   97   97   93   91   90   89   89   88   87   2203
              1130    87   86   86   86   87   86   86   87   89   92   94   95   96   96   96   95   93   96  113  109  109  117  119  116   2316
              ------------------------------------------------------------------------------------------------------------------------------------
              TOTAL 3107 3115 3091 3050 3024 3003 3015 3056 3061 3150 3238 3277 3275 3268 3266 3216 3193 3177 3170 3130 3149 3119 3098 3103  75351
              MEAN   104  104  103  102  101  100  101  102  102  105  108  109  109  109  109  107  106  106  106  104  105  104  103  103   2512
              MAX    143  145  145  134  125  125  125  122  127  130  131  131  131  130  133  132  132  134  137  135  139  140  142  142   2946
                N     30   30   30   30   30   30   30   30   30   30   30   30   30   30   30   30   30   30   30   30   30   30   30   30     30
              NOTE                                                                                                                                
                                                                                                                                                  
                   *): WITH MISSING DATA; TOTAL,MEAN,MAXIMUM ESTIMATED                                                                            
                                                                                                                                                  
                                                                                                                                                  
                                                                                                                                                  
