                                                                                                                                                  
                                                                                                                                                  
                                                               *******************************                                                    
                                                                 DOWNWARD LONGWAVE RADIATION                                                      
                                                               *******************************                                                    
                                                                                                                  COUNTRY = JAPAN                 
                                                                                                                                                  
                                                                                                                                                  
                                                                     UNIT  = 0.01 MJ/m**2                                                         
                        STATION    : Tateno                                                                                                       
                        STATION NO.: 47646                                                                                                        
                        LOCATION   : 140ﾟ08' E                                                                                                    
                                      36ﾟ03' N                                                                                                    
                        ALTITUDE   :   25.2  m                                                                                                    
                        YEAR/MONTH : 1995/07                                                                                                      
                                                                                                                                                  
              DATE   -01  -02  -03  -04  -05  -06  -07  -08  -09  -10  -11  -12  -13  -14  -15  -16  -17  -18  -19  -20  -21  -22  -23  -24  TOTAL
                                                                                                                                                  
               7 1   137  139  142  148  150  151  150  150  147  148  149  150  152  152  152  147  148  145  147  144  141  148  141  147   3525
               7 2   145  139  139  144  151  151  153  151  152  153  152  152  155  154  153  154  152  149  150  150  150  150  149  146   3594
               7 3   142  144  147  147  148  148  148  149  150  150  152  152  153  153  153  150  149  152  149  149  148  146  147  153   3579
               7 4   152  152  153  153  150  148  148  150  151  155  154  154  154  152  150  151  151  151  151  150  148  151  150  149   3628
               7 5   148  149  148  148  147  147  146  149  149  150  151  150  150  152  149  150  149  148  149  148  146  144  146  145   3558
               7 6   146  145  146  146  146  147  147  146  146  147  148  149  149  148  148  149  148  148  147  146  148  145  146  145   3526
               7 7   146  147  146  146  142  148  148  148  149  146  148  149  150  150  151  150  150  148  147  146  143  146  147  147   3538
               7 8   148  149  148  147  146  147  150  149  150  150  152  150  150  150  150  150  150  150  147  143  144  143  143  141   3547
               7 9   143  140  143  146  146  146  148  146  147  151  151  151  150  147  147  147  148  150  148  149  151  149  151  150   3545
               710   150  144  142  151  152  152  152  148  150  141  145  147  149  151  152  150  151  151  148  146  146  146  142  142   3548
               711   140  140  141  143  140  146  150  151  147  152  155  156  156  155  156  156  156  158  152  153  151  153  151  143   3601
               712   147  150  151  149  148  149  148  148  148  146  149  150  151  151  150  147  146  143  142  144  142  146  144  143   3532
               713   146  150  151  151  151  153  153  152  151  149  149  149  150  150  151  151  150  149  148  150  150  151  149  152   3606
               714   151  151  151  148  144  144  151  152  153  153  152  151  151  150  149  148  152  149  147  146  144  144  144  140   3565
               715   139  138  137  134  132  130  130  130  132  134  139  139  141  149  148  144  142  141  138  139  143  145  146  150   3340
               716   151  150  150  148  147  149  151  152  152  152  154  154  153  153  153  153  152  151  148  146  143  153  155  150   3620
               717   149  149  150  149  152  152  153  154  153  153  155  156  155  151  149  154  154  149  149  149  147  147  146  147   3622
               718   147  146  144  145  145  144  144  145  146  145  145  146  146  147  145  145  143  142  144  145  144  143  143  144   3473
               719   144  143  143  142  138  139  142  143  141  144  149  149  147  150  150  147  152  148  144  146  146  147  148  144   3486
               720   147  149  149  150  150  149  151  149  151  154  152  152  151  151  150  149  146  147  144  144  146  148  146  146   3571
               721   143  146  146  149  149  147  148  151  151  150  153  153  152  152  151  152  150  145  145  147  149  149  146  144   3568
               722   150  152  153  153  153  152  153  153  151  150  156  153  154  153  150  151  147  145  143  142  142  146  144  146   3592
               723   146  146  144  142  142  139  140  143  153  154  157  158  156  157  155  157  158  157  156  157  156  153  146  145   3617
               724   144  145  143  142  142  141  143  146  149  152  155  158  160  157  156  157  157  154  149  146  144  142  141  142   3565
               725   142  142  140  141  140  141  144  147  148  152  155  158  160  158  157  155  155  153  153  151  150  150  153  149   3594
               726   152  154  150  153  149  151  146  148  151  155  157  159  161  162  161  156  156  158  150  151  147  150  153  149   3679
               727   146  139  134  133  133  132  134  135  137  141  148  152  155  156  158  158  154  151  150  149  146  145  144  144   3474
               728   144  145  144  144  142  143  143  146  148  150  153  156  160  161  161  160  158  156  154  152  150  148  147  145   3610
               729   144  143  143  143  142  147  144  141  146  148  151  153  154  154  153  154  150  145  143  143  142  142  142  142   3509
               730   142  142  142  142  143  141  144  146  149  151  157  158  157  156  155  152  150  149  148  146  145  145  145  145   3550
               731   145  144  143  142  141  141  142  145  148  152  155  158  162  160  159  156  157  157  156  152  151  150  148  148   3612
              ------------------------------------------------------------------------------------------------------------------------------------
              TOTAL 4516 4512 4503 4519 4501 4515 4544 4563 4596 4628 4698 4722 4744 4742 4722 4700 4681 4639 4586 4569 4543 4565 4543 4523 110374
              MEAN   146  146  145  146  145  146  147  147  148  149  152  152  153  153  152  152  151  150  148  147  147  147  147  146   3560
              MAX    152  154  153  153  153  153  153  154  153  155  157  159  162  162  161  160  158  158  156  157  156  153  155  153   3679
                N     31   31   31   31   31   31   31   31   31   31   31   31   31   31   31   31   31   31   31   31   31   31   31   31     31
              NOTE                                                                                                                                
                                                                                                                                                  
                   *): WITH MISSING DATA; TOTAL,MEAN,MAXIMUM ESTIMATED                                                                            
                                                                                                                                                  
                                                                                                                                                  
