                                                                                                                                                  
                                                                                                                                                  
                                                               *******************************                                                    
                                                                 DOWNWARD LONGWAVE RADIATION                                                      
                                                               *******************************                                                    
                                                                                                                  COUNTRY = JAPAN                 
                                                                                                                                                  
                                                                                                                                                  
                                                                     UNIT  = 0.01 MJ/m**2                                                         
                        STATION    : Tateno                                                                                                       
                        STATION NO.: 47646                                                                                                        
                        LOCATION   : 140ﾟ08' E                                                                                                    
                                      36ﾟ03' N                                                                                                    
                        ALTITUDE   :   25.2  m                                                                                                    
                        YEAR/MONTH : 1995/06                                                                                                      
                                                                                                                                                  
              DATE   -01  -02  -03  -04  -05  -06  -07  -08  -09  -10  -11  -12  -13  -14  -15  -16  -17  -18  -19  -20  -21  -22  -23  -24  TOTAL
                                                                                                                                                  
               6 1   125  128  122  128  122  122  121  121  122  121  123  128  125  126  130  131  119  129  133  121  112  112  112  114   2947
               6 2   112  126  125  113  114  113  119  121  125  131  129  137  136  136  138  135  127  125  131  132  129  134  126  123   3037
               6 3   134  139  136  132  134  137  131  140  141  141  143  138  137  139  144  143  141  141  140  141  141  142  142  142   3339
               6 4   143  144  144  143  142  141  140  141  141  140  138  143  145  145  148  144  148  150  146  147  147  140  136  140   3436
               6 5   141  135  139  143  144  143  144  145  147  145  144  142  137  144  141  139  134  131  130  136  134  137  135  137   3347
               6 6   137  138  137  135  136  133  131  127  138  139  137  138  138  132  124  132  135  136  134  132  133  133  132  133   3220
               6 7   131  130  131  131  129  121  117  125  130  138  134  125  136  133  125  120  117  119  132  119  116  112  112  113   2996
               6 8   117  111  111  116  113  115  116  118  121  123  127  129  131  133  132  132  133  133  131  132  136  138  139  137   3024
               6 9   136  138  139  140  141  141  142  141  142  142  142  142  140  139  139  140  141  140  140  138  139  139  138  138   3357
               610   138  138  137  138  138  137  136  138  138  138  136  136  134  130  129  127  127  124  122  123  121  126  134  137   3182
               611   135  133  125  121  125  119  115  117  121  131  139  139  138  139  138  133  130  133  135  135  134  133  133  132   3133
               612   132  132  132  128  132  132  132  132  133  133  135  135  131  138  138  133  135  137  136  136  135  134  132  130   3203
               613   131  131  130  132  133  134  132  132  134  138  138  137  139  140  138  138  139  140  140  140  141  141  141  141   3280
               614   141  140  140  140  140  141  142  142  143  143  144  144  145  146  145  146  146  146  146  146  145  145  146  146   3448
               615   146  146  145  145  144  144  145  145  145  146  146  144  147  145  145  137  137  134  132  139  145  144  145  144   3435
               616   144  144  144  144  143  144  144  144  144  143  142  142  141  140  141  141  141  143  141  139  138  139  140  134   3400
               617   135  136  133  139  138  140  139  130  130  139  144  143  138  145  142  135  139  148  138  128  128  125  125  124   3261
               618   124  140  137  140  127  124  134  126  138  135  144  146  145  146  147  142  142  145  143  139  137  138  141  142   3322
               619   142  143  144  145  145  147  146  147  147  147  147  148  148  148  148  148  147  146  145  145  144  144  144  141   3496
               620   139  139  141  140  138  138  140  143  137  147  150  143  147  150  141  138  134  134  133  136  138  142  142  141   3371
               621   139  139  139  141  140  137  139  138  136  131  137  139  144  141  142  142  141  141  141  139  140  140  140  139   3345
               622   139  140  139  139  139  139  139  139  139  139  139  139  139  139  139  138  138  137  136  136  136  136  136  136   3315
               623   136  136  136  135  135  136  136  137  137  137  138  137  138  139  138  139  139  138  139  139  139  140  140  139   3303
               624   140  140  140  140  140  141  142  142  142  144  145  145  148  148  147  146  140  132  135  133  143  144  144  144   3405
               625   144  144  XXX  XXX  XXX  144  144  143  144  144  144  146  146  143  143  142  145  145  144  144  144  144  143  145   XXXX
               626   144  144  144  145  145  145  146  144  147  148  147  146  147  146  147  147  147  145  144  141  146  143  145  146   3489
               627   146  146  145  145  146  145  143  146  146  147  149  148  141  145  144  144  142  141  145  146  148  147  146  146   3487
               628   145  146  143  138  139  140  144  146  147  142  144  147  146  137  137  137  140  140  138  143  145  144  145  146   3419
               629   145  145  146  146  146  145  145  141  146  147  147  148  148  149  149  144  138  136  132  137  146  147  145  136   3454
               630   136  136  146  144  145  135  148  148  144  135  141  149  144  146  146  146  139  136  138  137  137  139  140  140   3395
              ------------------------------------------------------------------------------------------------------------------------------------
              TOTAL 4097 4127 4107 4104 4089 4073 4092 4099 4145 4174 4213 4223 4219 4227 4205 4159 4121 4125 4120 4099 4117 4122 4119 4106  99150
              MEAN   137  138  137  137  136  136  136  137  138  139  140  141  141  141  140  139  137  138  137  137  137  137  137  137   3305
              MAX    146  146  146  146  146  147  148  148  147  148  150  149  148  150  149  148  148  150  146  147  148  147  146  146   3496
                N     30   30   29   29   29   30   30   30   30   30   30   30   30   30   30   30   30   30   30   30   30   30   30   30     29
              NOTE              *)   *)   *)                                                                                                    *)
                                                                                                                                                  
                   *): WITH MISSING DATA; TOTAL,MEAN,MAXIMUM ESTIMATED                                                                            
                                                                                                                                                  
                                                                                                                                                  
                                                                                                                                                  
