                                                                                                                                                  
                                                                                                                                                  
                                                               *******************************                                                    
                                                                 DOWNWARD LONGWAVE RADIATION                                                      
                                                               *******************************                                                    
                                                                                                                  COUNTRY = JAPAN                 
                                                                                                                                                  
                                                                                                                                                  
                                                                     UNIT  = 0.01 MJ/m**2                                                         
                        STATION    : Tateno                                                                                                       
                        STATION NO.: 47646                                                                                                        
                        LOCATION   : 140ﾟ08' E                                                                                                    
                                      36ﾟ03' N                                                                                                    
                        ALTITUDE   :   25.2  m                                                                                                    
                        YEAR/MONTH : 1995/09                                                                                                      
                                                                                                                                                  
              DATE   -01  -02  -03  -04  -05  -06  -07  -08  -09  -10  -11  -12  -13  -14  -15  -16  -17  -18  -19  -20  -21  -22  -23  -24  TOTAL
                                                                                                                                                  
               9 1   139  136  137  132  131  134  146  145  141  144  148  XXX  XXX  XXX  XXX  XXX  XXX  XXX  XXX  XXX  XXX  XXX  XXX  XXX   XXXX
               9 2   XXX  XXX  XXX  XXX  XXX  XXX  XXX  XXX  XXX  XXX  XXX  XXX  XXX  XXX  XXX  XXX  XXX  XXX  XXX  XXX  XXX  XXX  XXX  XXX   XXXX
               9 3   XXX  XXX  XXX  XXX  XXX  XXX  XXX  XXX  XXX  XXX  157  158  160  159  160  156  156  157  157  155  153  151  151  152   XXXX
               9 4   151  152  152  153  152  153  145  147  150  153  153  151  151  152  147  142  145  146  139  139  151  140  149  152   3565
               9 5   142  132  130  126  125  126  126  133  137  137  139  141  147  148  146  142  137  132  131  131  134  145  146  139   3272
               9 6   143  148  147  145  146  146  145  142  145  146  151  151  152  147  149  149  148  151  150  149  149  150  148  147   3544
               9 7   143  145  144  146  146  139  131  134  139  143  148  149  151  152  153  153  156  152  149  150  147  150  149  147   3516
               9 8   146  148  148  146  142  145  144  146  147  147  147  148  148  145  140  134  134  131  129  128  128  127  128  135   3361
               9 9   127  126  125  124  125  125  126  137  136  141  143  150  149  144  139  138  142  139  141  141  138  141  140  138   3275
               910   141  147  148  148  150  150  150  149  150  150  152  151  155  156  156  151  144  143  141  148  153  148  147  152   3580
               911   144  140  140  145  143  146  146  142  146  153  155  159  162  162  158  159  157  156  152  149  147  150  149  148   3608
               912   144  144  145  145  145  138  138  135  131  132  139  138  135  135  137  134  132  126  128  125  125  125  123  122   3221
               913   121  121  119  119  119  119  120  122  126  132  139  143  144  142  139  136  136  135  136  132  132  134  136  133   3135
               914   134  134  139  144  147  144  143  151  154  152  153  154  147  152  147  148  149  150  150  150  148  147  148  147   3532
               915   148  148  147  147  149  148  148  149  149  149  149  149  149  148  149  147  147  146  143  146  145  145  145  145   3535
               916   145  144  139  142  145  146  146  145  145  146  146  146  146  147  147  146  145  145  144  142  142  141  141  141   3462
               917   141  142  141  141  139  140  140  138  139  139  138  138  137  137  137  136  139  138  139  137  137  136  134  126   3309
               918   118  123  127  132  132  130  124  128  124  130  125  127  128  132  130  123  121  117  116  115  114  116  116  117   2965
               919   116  114  113  112  112  111  112  116  127  132  135  133  132  129  127  125  126  125  124  124  124  122  122  120   2933
               920   120  118  117  119  119  118  119  121  121  125  126  127  130  132  128  125  122  124  116  114  114  113  114  113   2895
               921   113  117  118  112  111  110  110  112  115  116  120  124  126  125  122  120  118  116  116  116  117  119  119  117   2809
               922   123  118  117  117  116  114  114  120  126  124  126  133  131  132  133  132  133  132  133  133  133  134  133  134   3041
               923   134  132  133  134  133  133  135  135  134  136  141  142  141  138  135  132  131  136  132  133  130  129  132  133   3224
               924   137  138  138  143  145  145  145  146  148  150  153  155  155  157  155  148  152  150  157  158  158  159  158  156   3606
               925   149  149  151  151  151  143  134  136  139  142  145  151  151  149  149  145  148  149  149  149  143  148  148  143   3512
               926   139  148  151  150  150  150  150  150  151  149  151  152  152  152  152  152  152  151  144  142  143  142  142  141   3556
               927   146  142  145  147  146  147  144  144  152  151  146  151  153  150  148  143  138  135  134  134  133  133  134  141   3437
               928   135  132  139  127  126  127  124  122  123  125  127  127  129  127  124  125  130  129  129  127  126  129  126  127   3062
               929   129  132  133  136  138  136  132  130  134  137  138  138  135  141  145  148  137  134  138  130  128  135  132  136   3252
               930   137  139  138  138  140  137  139  139  139  141  141  143  145  146  144  142  140  139  137  134  136  135  138  139   3346
              ------------------------------------------------------------------------------------------------------------------------------------
              TOTAL 4077 4080 4095 4095 4095 4071 4047 4086 4143 4203 4272 4317 4329 4323 4281 4212 4194 4161 4128 4104 4101 4119 4122 4116  99504
              MEAN   136  136  136  136  137  136  135  136  138  140  142  144  144  144  143  140  140  139  138  137  137  137  137  137   3317
              MAX    151  152  152  153  152  153  150  151  154  153  157  159  162  162  160  159  157  157  157  158  158  159  158  156   3608
                N     28   28   28   28   28   28   28   28   28   28   29   28   28   28   28   28   28   28   28   28   28   28   28   28     27
              NOTE    *)   *)   *)   *)   *)   *)   *)   *)   *)   *)   *)   *)   *)   *)   *)   *)   *)   *)   *)   *)   *)   *)   *)   *)     *)
                                                                                                                                                  
                   *): WITH MISSING DATA; TOTAL,MEAN,MAXIMUM ESTIMATED                                                                            
                                                                                                                                                  
                                                                                                                                                  
                                                                                                                                                  
