                                                                                                                                                  
                                                                                                                                                  
                                                               *******************************                                                    
                                                                 DOWNWARD LONGWAVE RADIATION                                                      
                                                               *******************************                                                    
                                                                                                                  COUNTRY = JAPAN                 
                                                                                                                                                  
                                                                                                                                                  
                                                                     UNIT  = 0.01 MJ/m**2                                                         
                        STATION    : Tateno                                                                                                       
                        STATION NO.: 47646                                                                                                        
                        LOCATION   : 140ﾟ08' E                                                                                                    
                                      36ﾟ03' N                                                                                                    
                        ALTITUDE   :   25.2  m                                                                                                    
                        YEAR/MONTH : 1995/05                                                                                                      
                                                                                                                                                  
              DATE   -01  -02  -03  -04  -05  -06  -07  -08  -09  -10  -11  -12  -13  -14  -15  -16  -17  -18  -19  -20  -21  -22  -23  -24  TOTAL
                                                                                                                                                  
               5 1   133  131  130  132  132  131  132  132  134  133  135  135  134  134  134  134  133  133  133  133  132  133  133  133   3189
               5 2   133  133  133  134  133  134  134  135  136  136  137  137  138  138  138  134  133  131  132  149  148  146  136  144   3282
               5 3   144  143  144  142  141  140  139  139  139  139  141  141  141  142  141  142  141  141  140  138  140  138  137  127   3360
               5 4   123  117  123  129  121  120  117  118  124  128  130  133  127  128  128  130  131  131  129  133  132  130  130  131   3043
               5 5   132  132  133  133  131  131  132  131  128  127  127  125  118  123  119  115  118  116  104  104  108  123  128  127   2965
               5 6   127  126  122  111  112  114  126  130  122  131  135  137  132  128  126  120  118  119  120  115  115  118  118  114   2936
               5 7   113  110  109  108  108  108  109  111  114  117  120  120  118  118  118  117  125  129  130  131  132  132  132  132   2861
               5 8   132  132  132  132  132  133  133  133  134  134  135  137  133  125  136  137  126  124  121  113  115  127  117  116   3089
               5 9   131  133  116  131  111  128  135  137  136  134  128  127  126  125  127  126  125  124  124  124  121  119  119  120   3027
               510   117  117  118  118  117  117  124  133  135  141  137  125  126  126  128  128  126  133  138  135  135  127  122  121   3044
               511   131  133  133  136  137  136  138  139  140  139  138  137  136  136  134  128  125  124  131  127  132  130  128  125   3193
               512   117  126  126  121  119  123  131  132  129  133  137  136  134  133  137  135  133  134  135  135  135  134  135  136   3146
               513   135  138  139  138  139  140  139  139  140  140  140  141  139  138  141  140  142  141  139  139  136  128  130  115   3296
               514   114  113  112  115  116  116  119  124  124  129  137  136  138  137  140  136  133  126  124  126  122  132  135  134   3038
               515   136  136  136  135  134  135  137  138  139  139  140  140  140  140  140  140  140  139  138  138  138  139  139  140   3316
               516   139  137  138  138  137  137  135  135  134  138  139  140  143  141  139  142  141  140  139  137  136  141  139  137   3322
               517   135  133  130  130  128  126  128  128  129  131  132  131  133  137  136  128  125  128  120  113  111  110  109  110   3021
               518   107  106  106  107  106  105  108  110  114  117  120  123  133  124  125  122  120  117  116  114  113  111  110  109   2743
               519   109  108  107  108  107  107  109  111  113  117  118  120  122  122  122  124  124  122  117  116  113  110  110  110   2746
               520   109  111  116  112  111  112  117  115  118  119  119  120  122  125  127  130  126  130  128  120  120  119  120  116   2862
               521   114  118  117  120  126  127  129  129  132  135  136  137  138  138  138  139  139  139  138  137  136  135  132  134   3163
               522   137  136  137  138  137  139  140  141  141  143  144  147  145  149  147  138  139  133  134  124  120  114  109  108   3240
               523   105  103  102  100   99  106  106  109  113  111  111  116  116  119  118  116  113  113  122  133  120  111  108  105   2675
               524   103   99   98   99   99   99  102  105  106  109  113  115  117  116  117  118  118  122  120  122  124  122  128  128   2699
               525   124  125  130  132  132  131  133  129  126  128  129  131  135  131  132  132  131  130  131  131  132  134  133  131   3133
               526   130  130  131  131  136  135  140  141  140  138  135  134  131  133  135  134  132  137  139  143  144  140  136  136   3261
               527   135  137  131  131  133  131  127  132  125  120  117  119  119  119  118  118  118  115  116  118  126  135  131  126   2997
               528   128  127  116  127  112  115  114  125  119  125  132  134  135  130  132  131  132  135  135  132  133  135  138  138   3080
               529   138  137  135  134  132  133  134  135  136  137  138  135  140  140  141  138  139  139  138  138  138  139  141  140   3295
               530   141  140  140  139  140  139  140  140  136  135  138  138  136  133  133  133  136  134  132  132  133  131  126  123   3248
               531   124  119  119  121  116  117  125  127  138  136  129  127  127  127  125  126  125  125  133  131  127  135  127  123   3029
              ------------------------------------------------------------------------------------------------------------------------------------
              TOTAL 3896 3886 3859 3882 3834 3865 3932 3983 3994 4039 4067 4074 4072 4055 4072 4031 4007 4004 3996 3981 3967 3978 3936 3889  95299
              MEAN   126  125  124  125  124  125  127  128  129  130  131  131  131  131  131  130  129  129  129  128  128  128  127  125   3074
              MAX    144  143  144  142  141  140  140  141  141  143  144  147  145  149  147  142  142  141  140  149  148  146  141  144   3360
                N     31   31   31   31   31   31   31   31   31   31   31   31   31   31   31   31   31   31   31   31   31   31   31   31     31
              NOTE                                                                                                                                
                                                                                                                                                  
                   *): WITH MISSING DATA; TOTAL,MEAN,MAXIMUM ESTIMATED                                                                            
                                                                                                                                                  
                                                                                                                                                  
