                                                                                                                                                  
                                                                                                                                                  
                                                               *******************************                                                    
                                                                 DOWNWARD LONGWAVE RADIATION                                                      
                                                               *******************************                                                    
                                                                                                                  COUNTRY = JAPAN                 
                                                                                                                                                  
                                                                                                                                                  
                                                                     UNIT  = 0.01 MJ/m**2                                                         
                        STATION    : Tateno                                                                                                       
                        STATION NO.: 47646                                                                                                        
                        LOCATION   : 140ﾟ08' E                                                                                                    
                                      36ﾟ03' N                                                                                                    
                        ALTITUDE   :   25.2  m                                                                                                    
                        YEAR/MONTH : 1995/04                                                                                                      
                                                                                                                                                  
              DATE   -01  -02  -03  -04  -05  -06  -07  -08  -09  -10  -11  -12  -13  -14  -15  -16  -17  -18  -19  -20  -21  -22  -23  -24  TOTAL
                                                                                                                                                  
               4 1   130  121  126  117  126  127  125  119  116  120  123  119  119  117  113  113  129  126  126  123  119  113  102  100   2869
               4 2   105  108   91   99   87   99  107  110  112  113  115  109  107  109  106  107  102   96   97   96   98  103  100  100   2476
               4 3    95   89   87   90   98  101   93   84   83   87   90   92   94   95   96   96   90   88   87   87   87   87   87   87   2170
               4 4    87   86   86   85   85   84   86   88   91   94   97   99  101  102  102  102  102  101   99   98   98   97   96   96   2262
               4 5    96   96   95   95   93   94   96  101  107  112  114  111  110  110  113  112  108  106  105  103  102  102  105  106   2492
               4 6   104  106  103   98   99   99   98  104  106  110  119  119  127  130  125  117  124  127  128  125  127  131  129  128   2783
               4 7   129  129  129  130  131  130  131  132  134  134  135  136  136  132  126  124  116  123  126  120  106  103   98   96   2986
               4 8    94   92   92   91   92   93   93   94   96   99  102  105  107  112  111  108  106  105  105  105  105  106  122  128   2463
               4 9   129  130  131  131  132  132  122  120  115  119  126  131  136  133  135  137  134  133  132  130  131  131  131  131   3112
               410   129  124  113  129  124  120  108  107  106  105  119  132  129  128  130  126  111  107  121  118  107  116  108   99   2816
               411    97   97   93   93   95   99  101  102  107  110  121  123  124  124  124  125  125  125  127  115  111  113  123  129   2703
               412   126  126  126  125  125  125  126  127  129  130  130  127  124  121  105  103  103  100   97   96   94   93   92   91   2741
               413    90   89   89   89   89   90   92   95   96   99  101  102  105  103  102  100  100   99   99  100  102  101  102  104   2338
               414   109  111  112  115  116  116  116  117  121  123  130  127  129  130  129  129  128  128  128  128  128  130  130  130   2960
               415   130  130  130  130  128  125  119  119  111  117  128  121  118  116  115  114  117  126  129  128  128  128  128  126   2961
               416   125  126  125  124  124  122  123  126  125  127  127  124  117  117  118  122  114  123  122  126  125  126  129  130   2967
               417   131  129  130  132  132  131  132  124  120  118  118  120  123  124  124  122  125  132  131  129  126  128  129  128   3038
               418   125  118  118  120  109  111  118  117  115  119  121  122  126  122  126  135  135  135  135  135  135  135  136  137   3005
               419   140  136  135  135  135  134  134  134  134  134  137  134  131  131  142  136  133  127  134  120  110  104   95   89   3074
               420    87   84   85   85   86   87   88   90   93   95   98   99  101  100   98   98   99   98   98   96   95   95   95  100   2250
               421   110   97   98   94   97   98   96   99  103  106  108  113  112  112  116  116  115  114  115  116  117  117  118  117   2604
               422   116  120  124  126  127  128  129  132  132  131  130  130  130  130  126  130  126  127  136  139  139  141  142  137   3128
               423   141  141  142  145  143  132  132  134  135  136  140  140  140  141  140  146  151  146  144  140  138  123  135  130   3335
               424   115  116  106   99   96   96  100  101  104  104  107  109  115  123  122  116  113  115  120  121  116  119  123  123   2679
               425   126  127  126  128  129  130  129  130  130  130  131  132  134  136  137  136  135  137  136  135  136  136  136  136   3178
               426   135  136  135  136  136  134  134  134  134  138  138  131  131  128  128  131  129  120  110  105  101   98   97   97   2996
               427    96   97   97   96   96   98  100  103  107  111  114  115  119  120  120  125  125  123  121  123  124  121  121  118   2690
               428   112  114  111  117  109  111  118  123  126  128  130  130  130  133  134  131  123  129  131  130  130  129  120  116   2965
               429   112  107  104  105  106  107  112  113  122  133  136  135  137  134  134  133  134  132  134  134  135  136  136  136   3007
               430   137  137  137  137  137  137  137  137  138  138  138  140  141  143  138  135  131  137  135  134  133  135  133  133   3278
              ------------------------------------------------------------------------------------------------------------------------------------
              TOTAL 3458 3419 3376 3396 3382 3390 3395 3416 3448 3520 3623 3627 3653 3656 3635 3625 3583 3585 3608 3555 3503 3497 3498 3478  84326
              MEAN   115  114  113  113  113  113  113  114  115  117  121  121  122  122  121  121  119  120  120  119  117  117  117  116   2811
              MAX    141  141  142  145  143  137  137  137  138  138  140  140  141  143  142  146  151  146  144  140  139  141  142  137   3335
                N     30   30   30   30   30   30   30   30   30   30   30   30   30   30   30   30   30   30   30   30   30   30   30   30     30
              NOTE                                                                                                                                
                                                                                                                                                  
                   *): WITH MISSING DATA; TOTAL,MEAN,MAXIMUM ESTIMATED                                                                            
                                                                                                                                                  
                                                                                                                                                  
                                                                                                                                                  
