                                                                                                                                                  
                                                                                                                                                  
                                                               *******************************                                                    
                                                                 DOWNWARD LONGWAVE RADIATION                                                      
                                                               *******************************                                                    
                                                                                                                  COUNTRY = JAPAN                 
                                                                                                                                                  
                                                                                                                                                  
                                                                     UNIT  = 0.01 MJ/m**2                                                         
                        STATION    : Tateno                                                                                                       
                        STATION NO.: 47646                                                                                                        
                        LOCATION   : 140ﾟ08' E                                                                                                    
                                      36ﾟ03' N                                                                                                    
                        ALTITUDE   :   25.2  m                                                                                                    
                        YEAR/MONTH : 1995/02                                                                                                      
                                                                                                                                                  
              DATE   -01  -02  -03  -04  -05  -06  -07  -08  -09  -10  -11  -12  -13  -14  -15  -16  -17  -18  -19  -20  -21  -22  -23  -24  TOTAL
                                                                                                                                                  
               2 1    76   76   76   76   76   76   76   78   80   83   85   85   86   88   88   87   85   83   83   81   81   80   80   79   1944
               2 2    79   79   79   79   79   79   79   80   82   85   86   87   87   89   88   88   87   90   93   99   98   97   96   97   2082
               2 3    97   98   89   87   82   81   81   80   81   83   86   88   89   88   89   89   87   86   87   87   90  100   99  103   2127
               2 4   102   90   92   92   88   84   85   86   95  105  106  107  107  104  102   97   87   86   96   99  101  102  105  108   2326
               2 5   108  107  111  113  113  114  112  113  112  112  113  109  102  111  113  114  111  110  108  108  109   97   98   98   2616
               2 6    90   83   84   82   81   80   81   81   83   86   88   89   90   91   92   91   90   89   90   92   92   95   83   81   2084
               2 7    80   79   78   79   78   79   79   80   93  104  101   89   89   89   90   89   88   85   83   83   83   84   83   83   2048
               2 8    83   83   83   83   86   86   83   84   85   87   89   91   94   96   97   97   95   94   93   93   92   91   90   91   2146
               2 9    89   96   99  106   98   93   97   97  106  115  117  119  119  119  115  112  110  113  111  115  117  117  115  118   2613
               210   106   87   84   82   82   82   81   82   84   85   91   92   90   92   92   86   85   82   81   80   80   79   79   78   2042
               211    78   78   78   77   77   77   77   78   80   84   85   86   88   88   90   90   89   88   88   88   90   90   90   91   2025
               212    91   90   89   88   87   86   86  XXX  XXX   90   93   94   97  101  110  115  117  112  115  116  116  120  121  117   XXXX
               213   120  121  121  121  120  120  119  118   97   99  111  114  117  112  105  102  115  107  111  117  120  120  120  120   2747
               214   119  120  120  118  116  118  118  119  118  117  118  118  118  115  114  114  111  XXX  XXX  XXX  113  115  114  114   XXXX
               215   114  111  113  109  102   97  106  108  111  112  105  113  105  112  100  107  110  113  112  103  102   99  101  107   2572
               216    95  106  101  104  100  100   99  104  XXX  103  101  101  101  105  107  113  109   89   97  101   93   96  XXX  XXX   XXXX
               217   XXX  XXX  113  XXX  XXX  XXX  XXX   78  XXX  XXX  XXX  XXX  XXX  XXX   85   84   81   79   79  XXX  XXX   79   79   79   XXXX
               218    79   79   79   79   79   79   79   81   82   85   88   90   91   94   92   88   85   87   86   84   86   88   90   89   2039
               219    86   84   83   79   79   79   80   80   83   85   87   88   90   91   91   92   90   89   88   86   85   85   85   85   2050
               220    84   83   83   82   81   81   81   82   84   87   89   96  101   91   90   91  100  109  111  108   99   88   84   80   2165
               221    79   78   77   77   77   77   78   79   81   83   86   88  XXX  XXX  XXX   90   90   91   86   83   83   82   81   81   XXXX
               222    81   80   80   81   80   80   81   83  XXX  XXX  XXX   89   95   97  103   96   88   85   84   85   84   83   82   82   XXXX
               223    82   82   81   81   80   81   80   82   85   87   90   89  XXX  XXX  XXX   96   95  106  115  118  117  108  112  104   XXXX
               224    98   92   90   90   88   85   84   85   89   94   94   92   94   98   96   95   97   98  100  102   89  103  109  111   2273
               225   110  109  110  110  110  109  108  108   95   98   97  100  102  101   99  104  104  104  107  111  110  112  110  111   2539
               226   112  114  114  112  113  113  113  111  113  114  113  105  113  110  108  115  116  114  115  110  100  108  100   90   2646
               227    87   87   87   85   84   95   93   91   85   89   93   98   98  100  107  110  111   94   99  104   99  103  107  105   2311
               228    91   86   92   87   82   81   80   81   83   85   87   88   89   90   91   91   89   92  100  106  110  107  110  116   2214
              ------------------------------------------------------------------------------------------------------------------------------------
              TOTAL 2610 2570 2586 2551 2509 2500 2506 2520 2551 2646 2691 2702 2747 2769 2750 2743 2722 2671 2716 2755 2736 2728 2719 2716  63479
              MEAN    93   92   92   91   90   89   89   90   91   95   96   96   98   99   98   98   97   95   97   98   98   97   97   97   2267
              MAX    120  121  121  121  120  120  119  119  118  117  118  119  119  119  115  115  117  114  115  118  120  120  121  120   2747
                N     27   27   28   27   27   27   27   27   24   26   26   27   25   25   26   28   28   27   27   26   27   28   27   27     21
              NOTE    *)   *)        *)   *)   *)   *)   *)   *)   *)   *)   *)   *)   *)   *)             *)   *)   *)   *)        *)   *)     *)
                                                                                                                                                  
                   *): WITH MISSING DATA; TOTAL,MEAN,MAXIMUM ESTIMATED                                                                            
                                                                                                                                                  
                                                                                                                                                  
                                                                                                                                                  
                                                                                                                                                  
                                                                                                                                                  
