                                                                                                                                                  
                                                                                                                                                  
                                                               *******************************                                                    
                                                                 DOWNWARD LONGWAVE RADIATION                                                      
                                                               *******************************                                                    
                                                                                                                  COUNTRY = JAPAN                 
                                                                                                                                                  
                                                                                                                                                  
                                                                     UNIT  = 0.01 MJ/m**2                                                         
                        STATION    : Tateno                                                                                                       
                        STATION NO.: 47646                                                                                                        
                        LOCATION   : 140ﾟ08' E                                                                                                    
                                      36ﾟ03' N                                                                                                    
                        ALTITUDE   :   25.2  m                                                                                                    
                        YEAR/MONTH : 1996/08                                                                                                      
                                                                                                                                                  
              DATE   -01  -02  -03  -04  -05  -06  -07  -08  -09  -10  -11  -12  -13  -14  -15  -16  -17  -18  -19  -20  -21  -22  -23  -24  TOTAL
                                                                                                                                                  
               8 1   145  145  144  144  144  144  148  145  142  140  140  136  138  143  151  150  150  155  156  156  151  148  152  150   3517
               8 2   148  146  145  145  144  143  144  151  145  147  146  140  137  139  141  143  144  148  150  152  151  152  152  151   3504
               8 3   150  149  149  149  149  148  148  148  148  149  150  152  153  153  151  151  153  153  153  153  153  153  152  154   3621
               8 4   154  154  154  154  154  154  155  155  157  157  145  130  119  122  129  138  147  150  153  151  153  157  156  154   3552
               8 5   148  146  146  144  144  143  143  138  138  135  138  137  141  138  139  144  149  145  147  145  151  151  150  149   3449
               8 6   149  149  148  148  148  148  148  147  147  147  147  146  143  135  131  133  133  133  140  145  148  148  147  146   3454
               8 7   146  143  133  130  131  140  144  147  144  137  137  147  149  151  150  151  148  143  130  128  127  125  123  122   3326
               8 8   122  123  123  123  122  121  128  140  151  151  151  152  153  152  154  153  145  140  135  134  135  134  134  133   3309
               8 9   132  131  131  135  130  131  135  136  136  137  137  133  130  129  136  143  140  136  135  149  151  140  141  146   3280
               810   153  153  137  134  135  133  135  141  141  139  143  143  139  137  132  133  138  139  138  138  141  148  151  154   3375
               811   153  146  149  151  148  147  142  142  148  144  143  134  132  132  133  136  143  143  139  138  139  145  146  153   3426
               812   155  155  154  154  154  154  155  156  156  158  157  142  134  130  131  130  137  143  143  156  150  145  156  150   3555
               813   140  140  150  148  144  149  148  143  148  142  134  127  127  130  143  152  156  155  156  154  153  159  160  157   3515
               814   156  151  156  150  149  152  147  144  138  138  142  137  138  140  144  147  153  152  149  148  147  149  155  160   3542
               815   163  162  162  163  161  162  161  159  155  149  142  132  128  130  134  136  142  148  153  153  152  154  153  146   3600
               816   143  140  140  141  141  142  141  142  143  143  145  139  139  134  140  144  152  159  157  158  160  158  158  156   3515
               817   145  142  151  152  154  150  150  151  148  143  138  132  133  139  135  137  140  142  142  142  152  144  147  149   3458
               818   149  148  148  152  145  144  146  148  154  145  142  135  138  133  141  141  143  145  145  142  141  139  138  138   3440
               819   142  144  144  138  137  136  138  146  149  150  140  131  130  128  130  135  139  139  141  148  148  149  145  147   3374
               820   144  142  142  143  139  134  141  145  141  139  140  137  136  140  140  138  137  141  148  146  138  132  142  144   3369
               821   135  136  140  134  131  131  133  143  143  141  145  138  132  142  148  150  145  140  138  138  138  137  137  135   3330
               822   134  134  134  133  134  141  134  136  141  141  136  132  131  134  137  144  145  144  142  140  140  138  136  136   3297
               823   137  137  138  149  150  151  152  147  149  150  149  145  147  142  143  150  153  151  151  150  151  150  149  148   3539
               824   147  146  146  147  149  155  157  155  156  154  154  153  152  151  152  148  147  142  145  144  145  145  145  142   3577
               825   135  136  134  142  142  133  130  124  125  131  129  123  128  125  124  127  126  126  126  133  127  129  136  138   3129
               826   133  134  134  135  135  134  136  136  133  138  142  145  139  138  139  135  128  126  125  125  126  127  135  137   3215
               827   136  136  139  142  142  142  142  143  142  143  143  145  145  145  144  146  144  144  142  142  144  144  144  144   3423
               828   144  144  145  144  142  142  142  144  144  144  145  146  147  146  147  146  146  145  144  144  144  144  145  145   3469
               829   146  146  146  146  146  146  147  147  148  148  149  150  150  151  151  151  152  151  151  150  151  150  150  150   3573
               830   150  150  150  149  150  151  150  151  152  150  148  148  141  134  136  141  148  151  152  152  151  148  151  150   3554
               831   150  149  150  150  149  149  149  149  149  150  149  140  141  138  126  139  131  143  152  151  148  151  152  153   3508
              ------------------------------------------------------------------------------------------------------------------------------------
              TOTAL 4484 4457 4462 4469 4443 4450 4469 4499 4511 4480 4446 4327 4290 4281 4332 4412 4454 4472 4478 4505 4506 4493 4538 4537 106795
              MEAN   145  144  144  144  143  144  144  145  146  145  143  140  138  138  140  142  144  144  144  145  145  145  146  146   3445
              MAX    163  162  162  163  161  162  161  159  157  158  157  153  153  153  154  153  156  159  157  158  160  159  160  160   3621
                N     31   31   31   31   31   31   31   31   31   31   31   31   31   31   31   31   31   31   31   31   31   31   31   31     31
              NOTE                                                                                                                                
                                                                                                                                                  
                   *): WITH MISSING DATA; TOTAL,MEAN,MAXIMUM ESTIMATED                                                                            
                                                                                                                                                  
                                                                                                                                                  
