                                                                                                                                                  
                                                                                                                                                  
                                                               *******************************                                                    
                                                                 DOWNWARD LONGWAVE RADIATION                                                      
                                                               *******************************                                                    
                                                                                                                  COUNTRY = JAPAN                 
                                                                                                                                                  
                                                                                                                                                  
                                                                     UNIT  = 0.01 MJ/m**2                                                         
                        STATION    : Tateno                                                                                                       
                        STATION NO.: 47646                                                                                                        
                        LOCATION   : 140ﾟ08' E                                                                                                    
                                      36ﾟ03' N                                                                                                    
                        ALTITUDE   :   25.2  m                                                                                                    
                        YEAR/MONTH : 1996/02                                                                                                      
                                                                                                                                                  
              DATE   -01  -02  -03  -04  -05  -06  -07  -08  -09  -10  -11  -12  -13  -14  -15  -16  -17  -18  -19  -20  -21  -22  -23  -24  TOTAL
                                                                                                                                                  
               2 1   XXX  XXX  XXX  XXX  XXX  XXX  XXX  XXX  XXX  XXX  XXX  XXX  XXX  XXX  XXX  XXX  XXX  XXX  XXX  XXX  XXX  XXX  XXX  XXX   XXXX
               2 2   XXX  XXX  XXX  XXX  XXX  XXX  XXX  XXX  XXX  XXX  XXX  XXX  XXX  XXX  XXX  XXX   83   81   81   80   80   80   80   81   XXXX
               2 3    81  XXX  XXX  XXX  XXX  XXX  XXX   83   86   89   91   93   94   95   94   93   92   90   89   89   89   88   88   88   XXXX
               2 4    88   87   87   85   84   84   83   83   86   89   94   95   96   98   98   99  102   98   97   97   94   94   95   95   2208
               2 5    91   91   95   92   91   93   91   87   91   95   98   99   90   90   90   90   88   88   88   87   87   86   86   85   2169
               2 6   103  104   86   96   96   81   75   76   78   79   82   85   86   84   83   81   80   78   78   77   77   77   78   77   1997
               2 7    77   76   76   76   76   76   75   77   79   81   82   84   85   85   85   84   84   83   83   82   82   84  105   95   1972
               2 8   100  109  109  107   96   96  100   91   91   86   89   95   96  101   94   99   96   93  101   96   98  101   93   93   2330
               2 9    89   88   88   88   88   88   90   86   88   92   95   97  103  103  109  114  115  116  116  114  112  109  110  108   2406
               210   102   98   96   92   93   86   76   78   78   79   85   87   95   91   79   79   78   75   74   74   74   74   74   74   1991
               211    74   74   74   74   74   74   74   75   77   80   82   84   84   85   87   88   88   88   88   87   86   84   83   82   1946
               212    82   81   81   80   87   90   82   82   91   98   90   88   89   90   91   91   90   90   90   91   90   90   89   88   2111
               213    86   86   86   85   85   85   85   87   94   98  101  104  106  111  115  123  123  117  113  108  102  102   99   98   2399
               214    96  107   96   94   94   93   93   94   96   98  101  105  108  109  111  112  111  108  114  113  114  116  115  116   2514
               215   114  111  111  112  114  115  112  108  106  102  102  103  102  101  100  100  100   98   97   97  113  116  117  116   2567
               216   116  115  114  114  114  113  112  111  112  111  111  111  110  111  110  111  111  110  109  108  107  108  108  106   2663
               217   106  107  106  106  106  106  106  107  108  107  108  109  109  109  110  110  109  109  109  109  109  109  109  109   2592
               218   109  110  111  111  111  111  111  109  109  110  107  109  110  111  110  110  111  111  110  107  103   98   91   92   2582
               219    81   81   79   80   90   79   75   78   89   95   92   97   94   93   90   92   85   83   83   89   94  105   84   94   2102
               220    86   78   75   75   72   73   77   79   80   84   80   81   83   83   83   83   81   81   84   80   87   86   83   95   1949
               221   101  102   92   87   85   88   79   79   82   83   81   82   82   82   87   82   79   78   78   76   75   75   74   74   1983
               222    73   73   73   73   72   72   72   73   76   78   80   81   82   82   82   82   82   82   82   81   85   84   82   90   1892
               223   102  104   83   82   82   80   78   78   80   82   84   85   86   86   86   86   85   85   87   92  104  101   99   83   2100
               224    82   81   79   78   78   77   77   78   80   82   84   85   86   86   87   92   86   83   83   82   81   81   82   86   1976
               225    86   89   98  102   96   95   94   98   94  106  111  113  103  103  105  110  114  117  120  118  118  119  118  117   2544
               226   117  116  116  113  103  112  104   89   91   96   99   98  112  118  118  117  116  116  116  116  115  115  116  117   2646
               227   117  118  119  120  120  120  117  114  118  119  120  117  118  119  121  119  120   97  111   99  103  114  101   86   2727
               228    83   82   82   81   81   81   81   82   84   86   89   91   92   92   91   90   90   90   89   88   88   91  102   89   2095
               229    87   86   86   85   84   84   84   85   87   92   98  104  106  110  109  108  112  118  112  111  110  112  113  102   2385
              ------------------------------------------------------------------------------------------------------------------------------------
              TOTAL 2717 2738 2674 2662 2645 2625 2569 2543 2610 2683 2723 2772 2801 2822 2819 2842 2807 2758 2778 2743 2772 2796 2770 2729  65636
              MEAN    94   94   92   92   91   90   89   88   90   92   94   96   97   97   97   98   97   95   96   95   96   96   96   94   2263
              MAX    117  118  119  120  120  120  117  114  118  119  120  117  118  119  121  123  123  118  120  118  118  119  118  117   2727
                N     27   26   26   26   26   26   26   27   27   27   27   27   27   27   27   27   28   28   28   28   28   28   28   28     26
              NOTE    *)   *)   *)   *)   *)   *)   *)   *)   *)   *)   *)   *)   *)   *)   *)   *)   *)   *)   *)   *)   *)   *)   *)   *)     *)
                                                                                                                                                  
                   *): WITH MISSING DATA; TOTAL,MEAN,MAXIMUM ESTIMATED                                                                            
                                                                                                                                                  
                                                                                                                                                  
                                                                                                                                                  
                                                                                                                                                  
