                                                                                                                                                  
                                                                                                                                                  
                                                               *******************************                                                    
                                                                 DOWNWARD LONGWAVE RADIATION                                                      
                                                               *******************************                                                    
                                                                                                                  COUNTRY = JAPAN                 
                                                                                                                                                  
                                                                                                                                                  
                                                                     UNIT  = 0.01 MJ/m**2                                                         
                        STATION    : Tateno                                                                                                       
                        STATION NO.: 47646                                                                                                        
                        LOCATION   : 140ﾟ08' E                                                                                                    
                                      36ﾟ03' N                                                                                                    
                        ALTITUDE   :   25.2  m                                                                                                    
                        YEAR/MONTH : 1996/06                                                                                                      
                                                                                                                                                  
              DATE   -01  -02  -03  -04  -05  -06  -07  -08  -09  -10  -11  -12  -13  -14  -15  -16  -17  -18  -19  -20  -21  -22  -23  -24  TOTAL
                                                                                                                                                  
               6 1   126  124  123  124  121  119  120  120  120  121  123  124  132  121  117  124  130  132  133  132  131  130  128  130   3005
               6 2   131  129  127  123  120  109  111  114  117  121  136  134  127  125  124  124  124  123  123  125  124  127  127  123   2968
               6 3   124  125  123  122  121  122  125  133  138  133  132  133  131  128  129  130  130  134  136  130  133  136  133  136   3117
               6 4   136  137  137  137  139  141  140  140  139  144  144  144  128  116  118  127  136  139  133  131  131  142  147  145   3271
               6 5   144  141  138  134  129  120  118  114  113  116  117  116  115  115  117  119  116  116  117  116  116  124  130  132   2933
               6 6   124  120  118  114  115  116  118  112  114  116  119  122  121  118  116  114  112  111  111  111  111  126  130  127   2816
               6 7   114  109  111  108  110  110  112  115  121  124  124  122  123  126  124  119  117  117  119  127  128  130  130  133   2873
               6 8   134  135  135  134  134  133  133  135  136  139  142  142  143  142  143  140  137  142  142  141  139  138  139  136   3314
               6 9   137  138  138  138  138  138  138  138  136  140  142  143  143  142  140  138  135  140  139  138  138  136  136  137   3326
               610   131  131  132  131  132  132  133  135  137  138  142  145  145  145  145  144  144  144  143  142  143  142  142  143   3341
               611   143  142  142  143  142  142  142  142  143  145  146  145  146  146  146  146  146  145  145  145  144  140  145  146   3457
               612   146  146  145  140  139  138  138  143  139  132  126   98   88   96  117  128  134  138  137  135  133  134  141  139   3150
               613   141  142  142  142  139  140  140  138  138  143  144  136  122  123  121  123  121  125  131  131  133  127  127  128   3197
               614   131  139  139  142  143  143  144  144  144  145  147  147  148  149  148  147  147  146  146  146  146  146  147  145   3469
               615   146  147  146  146  146  147  147  147  142  123  101  108  104   87   89   89  102  125  142  135  135  143  143  143   3083
               616   142  137  142  137  140  140  136  130  119  115  104  100  104  111  128  131  136  138  135  128  129  140  129  142   3093
               617   145  145  145  145  145  145  146  146  146  147  143  131  125  135  141  144  148  146  147  150  148  148  147  147   3455
               618   146  147  146  147  147  147  148  149  154  151  152  152  154  150  146  144  140  141  147  143  134  132  129  133   3479
               619   131  135  134  134  132  133  129  123  119  123  125  120  120  111  102  107  114  121  126  125  124  123  122  120   2953
               620   118  117  119  120  123  120  125  124  127  128  131  128  125  125  123  132  135  136  138  138  143  143  141  141   3100
               621   140  138  136  137  140  141  142  139  139  143  144  145  146  146  142  137  137  137  140  148  147  147  147  146   3404
               622   146  144  144  140  137  146  147  148  148  148  147  148  148  148  145  148  147  147  146  145  140  141  143  144   3485
               623   133  133  143  142  144  145  145  146  139  145  142  135  130  131  144  148  148  144  138  139  138  140  144  144   3380
               624   144  144  144  144  144  144  143  142  137  132  130  132  138  147  148  146  145  149  148  146  149  148  148  149   3441
               625   149  149  149  149  150  151  152  153  153  153  153  153  136  138  136  141  143  147  148  151  154  153  148  149   3558
               626   148  149  148  148  148  147  148  148  149  150  150  149  149  148  147  146  144  143  142  142  141  140  140  140   3504
               627   139  138  140  139  140  140  139  140  140  133  124  118  100  104  103  108  110  123  132  131  132  129  132  134   3068
               628   138  140  141  141  140  140  142  144  146  147  147  144  147  148  149  145  141  143  146  150  141  135  133  139   3427
               629   133  141  141  133  129  128  126  110  104  103  108   94   83   83   96  110  119  126  134  136  137  137  134  139   2884
               630   143  140  145  134  132  142  148  147  152  142  139  132  127  126  122  129  128  139  142  142  142  146  145  143   3327
              ------------------------------------------------------------------------------------------------------------------------------------
              TOTAL 4103 4102 4113 4068 4059 4059 4075 4059 4049 4040 4024 3940 3848 3830 3866 3928 3966 4057 4106 4099 4084 4123 4127 4153  96878
              MEAN   137  137  137  136  135  135  136  135  135  135  134  131  128  128  129  131  132  135  137  137  136  137  138  138   3229
              MAX    149  149  149  149  150  151  152  153  154  153  153  153  154  150  149  148  148  149  148  151  154  153  148  149   3558
                N     30   30   30   30   30   30   30   30   30   30   30   30   30   30   30   30   30   30   30   30   30   30   30   30     30
              NOTE                                                                                                                                
                                                                                                                                                  
                   *): WITH MISSING DATA; TOTAL,MEAN,MAXIMUM ESTIMATED                                                                            
                                                                                                                                                  
                                                                                                                                                  
                                                                                                                                                  
