                                                                                                                                                  
                                                                                                                                                  
                                                               *******************************                                                    
                                                                 DOWNWARD LONGWAVE RADIATION                                                      
                                                               *******************************                                                    
                                                                                                                  COUNTRY = JAPAN                 
                                                                                                                                                  
                                                                                                                                                  
                                                                     UNIT  = 0.01 MJ/m**2                                                         
                        STATION    : Tateno                                                                                                       
                        STATION NO.: 47646                                                                                                        
                        LOCATION   : 140ﾟ08' E                                                                                                    
                                      36ﾟ03' N                                                                                                    
                        ALTITUDE   :   25.2  m                                                                                                    
                        YEAR/MONTH : 1996/10                                                                                                      
                                                                                                                                                  
              DATE   -01  -02  -03  -04  -05  -06  -07  -08  -09  -10  -11  -12  -13  -14  -15  -16  -17  -18  -19  -20  -21  -22  -23  -24  TOTAL
                                                                                                                                                  
              10 1   138  139  139  138  138  139  140  140  141  142  143  142  141  141  140  140  140  138  137  135  136  136  130  125   3318
              10 2   124  119  116  115  113  113  114  116  120  125  121  122  131  129  118  121  123  124  125  125  124  120  123  121   2902
              10 3   124  125  124  119  118  118  121  122  123  136  144  143  139  128  140  143  142  139  138  135  138  136  137  140   3172
              10 4   139  139  139  136  133  141  143  143  143  143  144  142  128  124  127  133  126  128  128  127  127  128  125  127   3213
              10 5   138  139  131  124  118  121  133  129  135  137  140  136  132  131  129  126  138  137  129  122  121  123  121  123   3113
              10 6   119  133  140  141  141  140  141  141  139  142  141  142  142  141  134  140  145  145  145  129  130  132  131  134   3308
              10 7   137  141  142  130  122  126  142  139  124  126  127  121  126  128  130  136  144  145  145  146  144  143  145  146   3255
              10 8   144  142  141  141  140  140  140  138  135  136  137  138  139  140  139  139  138  138  138  137  137  137  138  138   3330
              10 9   137  137  137  137  137  136  133  133  132  133  130  127  131  130  128  133  131  129  124  130  128  127  129  125   3154
              1010   126  120  117  125  130  127  128  123  132  116  118  126  131  128  120  120  119  121  124  127  135  137  137  137   3024
              1011   136  135  137  136  135  130  123  129  130  126  128  133  134  127  135  132  132  132  127  123  123  130  126  120   3119
              1012   130  123  118  128  136  137  137  137  138  138  138  137  135  139  129  124  135  138  138  137  138  137  137  136   3220
              1013   134  134  135  136  134  132  129  119  119  121  122  123  133  136  131  126  123  121  119  119  118  117  116  121   3018
              1014   125  117  115  117  120  116  119  124  131  134  136  140  142  141  140  141  139  140  139  139  139  138  137  136   3165
              1015   138  138  137  136  136  135  133  134  134  129  125  121  118  115  113  117  120  119  120  127  137  126  134  126   3068
              1016   114  116  114  118  114  114  120  109  109  112  113  114  112  110  109  109  111  110  108  106  114  105  101  101   2663
              1017   100  103   98   98   98   97   95   97  100  103  105  108  110  111  112  112  112  111  110  111  110  109  109  108   2527
              1018   108  111  123  112  119  129  120  109  111  114  116  117  119  121  123  122  128  125  126  124  120  120  120  115   2852
              1019   114  116  116  113  111  111  110  112  115  117  120  124  130  129  132  131  137  140  141  139  135  135  134  133   2995
              1020   126  130  116  126  126  122  108  107  109  112  129  129  129  118  XXX  XXX  XXX  XXX  101  100   98   97   97   96   XXXX
              1021    95   95   95   95   93   93   94   96   99  101  103  104  105  105  106  106  105  104  104  104  104  103  101  100   2410
              1022   100  100   99   99   98   98   98   99  102  105  107  109  109  109  108  108  108  108  107  107  107  106  107  105   2503
              1023   105  105  104  102  101  105  108  113  119  113  117  127  124  122  117  111  109  108  107  107  106  107  107  107   2651
              1024   115  112  114  120  116  112  109  113  129  137  137  139  138  125  122  120  120  119  117  123  137  125  121  121   2941
              1025   122  122  120  119  118  123  131  134  136  136  141  143  144  145  146  146  146  144  146  147  144  141  146  146   3286
              1026   146  145  142  144  141  130  135  140  134  133  130  130  135  136  135  134  132  127  119  112  112  106  103   96   3097
              1027    93   94   91   90   90   89   89   91   94   96   99  107  104  103  107  108  100  100  100  100  100  100  104  123   2372
              1028   109  101   99   99  102  111  115  124  123  125  126  126  127  127  128  130  132  130  133  135  135  135  134  132   2938
              1029   133  134  133  128  121  115  113  127  129  123  119  120  120  120  120  120  119  118  118  117  116  115  115  115   2908
              1030   114  114  114  114  122  137  137  138  137  128  116  119  120  118  120  118  116  116  116  115  115  115  115  113   2887
              1031   112  113  120  128  132  133  133  133  121  118  124  129  133  133  133  141  131  131  132  133  133  128  133  134   3091
              ------------------------------------------------------------------------------------------------------------------------------------
              TOTAL 3795 3792 3766 3764 3753 3770 3791 3809 3843 3857 3896 3938 3961 3910 3897 3912 3928 3912 3861 3838 3861 3814 3813 3800  92482
              MEAN   122  122  121  121  121  122  122  123  124  124  126  127  128  126  126  126  127  126  125  124  125  123  123  123   2983
              MAX    146  145  142  144  141  141  143  143  143  143  144  143  144  145  146  146  146  145  146  147  144  143  146  146   3330
                N     31   31   31   31   31   31   31   31   31   31   31   31   31   31   30   30   30   30   31   31   31   31   31   31     30
              NOTE                                                                          *)   *)   *)   *)                                   *)
                                                                                                                                                  
                   *): WITH MISSING DATA; TOTAL,MEAN,MAXIMUM ESTIMATED                                                                            
                                                                                                                                                  
                                                                                                                                                  
