                                                                                                                                                  
                                                                                                                                                  
                                                               *******************************                                                    
                                                                 DOWNWARD LONGWAVE RADIATION                                                      
                                                               *******************************                                                    
                                                                                                                  COUNTRY = JAPAN                 
                                                                                                                                                  
                                                                                                                                                  
                                                                     UNIT  = 0.01 MJ/m**2                                                         
                        STATION    : Tateno                                                                                                       
                        STATION NO.: 47646                                                                                                        
                        LOCATION   : 140ﾟ08' E                                                                                                    
                                      36ﾟ03' N                                                                                                    
                        ALTITUDE   :   25.2  m                                                                                                    
                        YEAR/MONTH : 1996/12                                                                                                      
                                                                                                                                                  
              DATE   -01  -02  -03  -04  -05  -06  -07  -08  -09  -10  -11  -12  -13  -14  -15  -16  -17  -18  -19  -20  -21  -22  -23  -24  TOTAL
                                                                                                                                                  
              12 1    86   84   84   83   83   83   82   82   83   86   87   89   91   92   91   87   85   85   86   83   81   80   80   82   2035
              12 2    84   81   81   80   79   78   79   82   84   86   89   89   90   91   90   89   86   85   84   84   84   83   83   82   2023
              12 3    82   82   83   83   82   81   81   82   84   87   89   90   91   92   92   91   90   90   90   89   89   89   87   87   2083
              12 4    86   86   85   85   85   86   85   86   88   92   95   97  108  101   98  105  101   96   94  106  111  112  115  119   2322
              12 5   119  119  121  123  124  124  121  124  127  129  134  140  138  141  142  142  142  142  141  136  136  135  134  133   3167
              12 6   131  132  129  124  127  118  110  117  103  111  115  119  119  118  118  117  116  115  111  100   97   91   91   94   2723
              12 7   106  106  106  104   93   92   92   92   90   88   89   90   90   90   89   89   95  100  103  103   98  102   95   88   2290
              12 8    88   87   85   83   82   81   80   81   84   86   88   90   90   91   91   90   89   89   88   88   88   89   88   87   2083
              12 9    86   87   87   86   85   84   84   85   86   89   92   95   96   97  101  107  110  111  104  103  102  108  108   95   2288
              1210   107  118  102  114  101   92   98   94   99  105  107  106  101  100  100  101   99  110  115  113  115  117  118  121   2553
              1211   123  123  123  122  122  118  103  100  102   99   99  101  101  102  103  103  101   99   99   99   99   98  103  107   2549
              1212   104  108  101   97  100  105  109  108   98  100  108  114  119  121  117  111  109  110  110  117  117  106  111  105   2605
              1213   117  123  117  114  119  116  116  113  119  121  122  122  122  120  119  118  115  109  113  113  115  106  108   96   2773
              1214   103  106  109  115  119  118  118  120  119  108  105  102  102  102  101  100  100   99   99   98   98   98   97   96   2532
              1215    96   94   92   91   92   96  103  111   98   96  103   99  102  106  105   99   98   97   96   97   99   98   94   94   2356
              1216    94   93   94   92   96  105  103  111  108  101  100  103  110  109  108  119  111  108  103  105  118  107  103  103   2504
              1217   100  104  113  119  114  101   98   97  100  106  106  109  112  113  117  121  126  129  125  132  132  133  131  130   2768
              1218   133  135  134  131  131  108  104  124  129  110  119  129  129  127  127  126  125  127  124  122  120  119  118  117   2968
              1219   116  112  109  116  116  116  115  112  101  108  104  103  100   92   93   92   93  108  117  120  116   92   86   84   2521
              1220    83   82   82   81   81   80   80   81   82   84   85   86   87   88   89   88   88   89   96   97   90   99   96   91   2085
              1221    91   88   87   86   86   86   85   86   87   89   90   92   93   96  101  106  108  101  104  104  109   97  101   92   2265
              1222   110  107   91   93   90   89   89   89   90   92   93   95   96   97   96   95   93   92   91   91   91   90   91   95   2246
              1223    96   96   93   99  110  105   86   86   90   91   91   91   89   89   88   85   83   82  XXX   82   82   81   81   81   XXXX
              1224    81   80   79   79   80   80   80   87  106  110  111  109  106  110   96   93   95   95  108  104   99   93   89   88   2258
              1225    86   86   85   85   85   83   83   83   85   87   89   91   93   95   96   97   96   95   94   94   94   94   92   91   2159
              1226    90   89   89   88   88   88   87   87   88   90   92   94   94   93   92   91   89   88   87   90   91   92   89   83   2149
              1227    83   82   82   80   80   80   80   80   82   84   87   89   91   92   92   91   90   91   92   99  116  115   99   90   2147
              1228    88   87   86   85   87   87   85   86   87   90   92   95   97   99   99   98   96   91   87   85   83   83   82   82   2137
              1229    82   82   82   82   81   81   80   81   83   86   87   89   89   90   90   91   89   89   89   88   88   88   88   88   2063
              1230    87   88   87   87   87   86   86   86   87   90   93   95   96   97   96   96   95   95   95   95   98   96   94   93   2205
              1231    92   92   92   92   91   93  107  107   97  100   98  100  101  102  102  101  101  100   98   98   98   99  111   99   2371
              ------------------------------------------------------------------------------------------------------------------------------------
              TOTAL 3030 3039 2990 2999 2996 2940 2909 2960 2966 3001 3059 3113 3143 3153 3139 3139 3114 3117 3143 3135 3154 3090 3063 2993  73603
              MEAN    98   98   96   97   97   95   94   95   96   97   99  100  101  102  101  101  100  101  101  101  102  100   99   97   2374
              MAX    133  135  134  131  131  124  121  124  129  129  134  140  138  141  142  142  142  142  141  136  136  135  134  133   3167
                N     31   31   31   31   31   31   31   31   31   31   31   31   31   31   31   31   31   31   30   31   31   31   31   31     30
              NOTE                                                                                              *)                              *)
                                                                                                                                                  
                   *): WITH MISSING DATA; TOTAL,MEAN,MAXIMUM ESTIMATED                                                                            
                                                                                                                                                  
                                                                                                                                                  
