                                                                                                                                                  
                                                                                                                                                  
                                                               *******************************                                                    
                                                                 DOWNWARD LONGWAVE RADIATION                                                      
                                                               *******************************                                                    
                                                                                                                  COUNTRY = JAPAN                 
                                                                                                                                                  
                                                                                                                                                  
                                                                     UNIT  = 0.01 MJ/m**2                                                         
                        STATION    : Tateno                                                                                                       
                        STATION NO.: 47646                                                                                                        
                        LOCATION   : 140ﾟ08' E                                                                                                    
                                      36ﾟ03' N                                                                                                    
                        ALTITUDE   :   25.2  m                                                                                                    
                        YEAR/MONTH : 1996/04                                                                                                      
                                                                                                                                                  
              DATE   -01  -02  -03  -04  -05  -06  -07  -08  -09  -10  -11  -12  -13  -14  -15  -16  -17  -18  -19  -20  -21  -22  -23  -24  TOTAL
                                                                                                                                                  
               4 1   128  127  127  126  125  125  125  125  123  125  125  125  124  124  123  123  124  123  122  120  118  117  116  116   2956
               4 2   116  115  114  113  113  113  112  114  114  114  115  115  116  114  114  115  113  114  114  110  109  106  100  104   2697
               4 3   102  101   90   86   84   80   79   81   83   86   87   88   92  100   94   97  106  108  101   94   93   85   83   82   2182
               4 4    81   81   85   83   81   80   82   83   86   89   91   93   95   94   96   98   98   97   99   96   94  109  110  108   2209
               4 5   101  110   97   85   84   83   84   86   88   89   92   95  102  102   93   90   89   87   89   88   89  101   93   85   2202
               4 6    83   82   83   84   83   83   84   87   90   94   97   99  100  102  100   97   96   96  101   96   95   95   95  111   2233
               4 7   110  114  113  106  115  114  118  118  118  123  122  121  116  115  109  105  107  103  101  100  100  104   99   99   2650
               4 8    99   98   98   96   97   97   98  110  102  116  115  122  121  113  105  117  124  123  125  124  123  121  120  117   2681
               4 9   120  119  115  113  105   96   95   95   99  111  105  104  105  104  118  110  120  121  117  121  121  121  117  110   2662
               410   113  119  122  120  112  111   96   96   98  105  111  117  117  117  115  112   97   96   99  103  113  114  115  105   2623
               411   111  115  115  115  113  115  115  114  112  113  115  114  108  100   95  111  111  114  112  115  117  114  117  116   2697
               412   114  115  113  103  104   95   86   90   90   89   93  111  108  100  103   95   93   90   88   83   82   81   81   81   2288
               413    81   81   81   81   81   81   82   84   85  XXX   90  102  102  101   97   91   89   88  102   97   87   85   85   86   XXXX
               414    86   85   85   85   84   83   84   85   88   92   96   98   98   96  XXX   93  XXX   95   98  100   98   99  100  103   XXXX
               415   103  103   99   98  103  104  107  110  113  112  106  109  107  107  107  105  103  102  102  102  101  100  103  107   2513
               416   109  111  112  116  124  122  123  126  130  131  131  132  132  131  130  130  129  129  126  125  124  123  109  116   2971
               417   112   98   97   97   96   96   96   98  100  104  107  109  109  110  110  113  118  126  126  131  130  127  127  127   2664
               418   126  117  121  125  124  126  126  126  127  128  129  130  131  131  123  112  120  114  101   98   96  XXX   93  XXX   XXXX
               419    89   90   90   91   91   94   95  106  113  116  118  119  119  120  120  120  121  122  122  123  124  124  125  124   2676
               420   124  124  123  122  122  123  122  121  121  122  121  121  121  120  120  119  120  110  113  113  108   98   99   92   2799
               421    88   86   85   85   86   86   87   89   90   93  100  104  101   99  106  117  112  110  116  117  118  118  117  117   2427
               422   117  117  113  115  115  114  112  105  112  109  119  116  115  111  105  100   95   95   95   94   93   93   93   93   2546
               423    92   92   92   92   92   91   91   94   97  101  103  105  106  104  104  104  104  104  102  102  102  101  101  101   2377
               424   101  100  100  100   99   99  100  101  105  108  111  111  112  112  110  XXX  109  108  107  104  103  103  102  102   XXXX
               425   102  101  100   99   99   99   99  102  105  108  109  108  111  108  105  102  102  101  100  100  102  107  111  116   2496
               426   110  106  103  102   99   98   99  104  105  110  114  116  113  115  118  112  112  119  118  117  116  116  117  116   2655
               427   XXX  110  111  119  114  113  107  107  110  113  115  116  117  115  116  119  121  116  122  113  109  108  108  108   XXXX
               428   108  125  128  117  108  115  116  107  108  111  113  114  113  112  110  111  112  111  112  111  110  108  107  107   2694
               429   107  106  104  104  104  103  103  105  108  111  114  116  118  119  115  113  114  114  115  113  114  113  116  115   2664
               430   116  113  116  114  113  116  117  120  123  125  127  126  125  125  125  124  123  121  118  114  121  125  125  125   2897
              ------------------------------------------------------------------------------------------------------------------------------------
              TOTAL 3153 3161 3132 3092 3070 3055 3040 3089 3143 3258 3291 3356 3354 3321 3297 3264 3291 3257 3263 3224 3210 3222 3184 3195  77352
              MEAN   105  105  104  103  102  102  101  103  105  109  110  112  112  111  110  109  110  109  109  107  107  107  106  107   2578
              MAX    128  127  128  126  125  126  126  126  130  131  131  132  132  131  130  130  129  129  126  131  130  127  127  127   2971
                N     29   30   30   30   30   30   30   30   30   29   30   30   30   30   29   29   29   30   30   30   30   29   30   29     25
              NOTE    *)                                           *)                       *)   *)   *)                       *)        *)     *)
                                                                                                                                                  
                   *): WITH MISSING DATA; TOTAL,MEAN,MAXIMUM ESTIMATED                                                                            
                                                                                                                                                  
                                                                                                                                                  
                                                                                                                                                  
