                                                                                                                                                  
                                                                                                                                                  
                                                               *******************************                                                    
                                                                 DOWNWARD LONGWAVE RADIATION                                                      
                                                               *******************************                                                    
                                                                                                                  COUNTRY = JAPAN                 
                                                                                                                                                  
                                                                                                                                                  
                                                                     UNIT  = 0.01 MJ/m**2                                                         
                        STATION    : Tateno                                                                                                       
                        STATION NO.: 47646                                                                                                        
                        LOCATION   : 140ﾟ08' E                                                                                                    
                                      36ﾟ03' N                                                                                                    
                        ALTITUDE   :   25.2  m                                                                                                    
                        YEAR/MONTH : 1996/07                                                                                                      
                                                                                                                                                  
              DATE   -01  -02  -03  -04  -05  -06  -07  -08  -09  -10  -11  -12  -13  -14  -15  -16  -17  -18  -19  -20  -21  -22  -23  -24  TOTAL
                                                                                                                                                  
               7 1   143  140  144  147  143  146  146  144  144  139  135  124  120  124  121  123  124  134  137  135  135  135  136  141   3260
               7 2   133  135  132  130  129  128  129  131  131  128  128  124  132  129  138  136  140  140  137  135  138  135  133  131   3182
               7 3   129  128  129  129  145  148  144  129  127  125  126  115  110  112  122  133  149  XXX  XXX  XXX  XXX  XXX  XXX  XXX   XXXX
               7 4   XXX  146  144  141  138  XXX  XXX  XXX  XXX  XXX  XXX  131  129  128  129  131  132  XXX  XXX  132  134  138  145  144   XXXX
               7 5   142  145  141  138  133  136  135  144  144  146  151  152  153  153  154  156  156  158  159  159  157  152  154  152   3570
               7 6   145  140  136  135  134  134  135  128  120  115  116  111  112  113  121  135  137  145  146  144  144  144  140  142   3172
               7 7   139  133  141  143  138  132  143  144  145  146  146  146  145  144  144  144  143  143  142  142  142  142  142  143   3412
               7 8   142  142  142  142  142  142  142  142  143  143  144  144  144  145  145  146  145  144  144  144  143  143  143  143   3439
               7 9   143  144  144  143  144  144  145  145  144  145  145  146  146  147  148  148  148  148  147  145  144  143  144  145   3485
               710   145  146  146  146  146  147  147  148  149  148  150  151  151  152  152  152  153  153  152  150  151  150  149  148   3582
               711   149  150  150  149  147  144  147  147  145  128  120  110  105  106  110  118  123  130  135  136  135  134  133  132   3183
               712   132  131  131  130  137  142  136  134  131  131  132  129  126  125  127  130  131  135  135  135  134  133  132  132   3171
               713   132  133  133  131  130  130  132  134  136  136  137  134  134  134  134  133  135  139  138  137  137  138  146  142   3245
               714   144  148  147  150  151  151  152  151  143  136  137  134  133  134  133  137  143  147  154  154  154  152  153  153   3491
               715   145  143  143  142  141  142  149  146  142  143  144  139  140  145  143  151  152  152  150  154  159  157  155  150   3527
               716   146  147  145  145  144  144  144  146  143  135  134  135  137  136  136  139  143  145  148  148  147  146  145  145   3423
               717   144  144  144  144  145  144  144  140  139  140  141  137  136  136  137  139  144  149  152  151  150  148  148  148   3444
               718   148  147  146  145  145  144  145  141  141  142  144  139  138  143  146  149  151  153  155  153  151  151  149  147   3513
               719   146  145  145  144  143  143  144  142  141  141  144  143  143  143  145  147  147  150  152  152  157  157  156  156   3526
               720   154  155  155  155  156  155  154  154  155  155  153  154  153  148  145  144  150  154  154  154  154  154  153  153   3671
               721   153  153  153  153  153  153  153  154  154  154  154  155  152  150  148  140  141  138  152  150  152  152  151  151   3619
               722   151  151  151  151  150  150  150  150  147  142  135  137  137  125  132  144  145  152  146  151  151  151  150  150   3499
               723   150  150  150  150  150  150  149  149  150  150  151  151  151  151  151  151  150  151  151  151  151  151  151  151   3611
               724   151  150  151  151  150  150  150  151  144  139  136  132  137  140  140  140  143  141  141  143  141  141  146  141   3449
               725   144  143  149  143  141  140  140  135  134  135  136  133  132  131  131  136  137  139  143  142  141  140  139  138   3322
               726   138  139  152  153  154  153  140  138  137  133  132  130  128  129  129  133  136  144  144  143  143  143  142  142   3355
               727   142  141  147  158  158  156  144  145  143  140  133  126  126  127  131  133  140  146  146  145  146  145  144  144   3406
               728   145  142  XXX  141  141  141  143  144  140  137  138  134  133  133  135  141  151  152  152  149  150  147  146  146   XXXX
               729   145  143  143  143  143  142  143  145  142  140  139  136  132  137  146  150  155  157  156  152  149  151  148  147   3484
               730   146  147  147  147  148  147  147  149  145  140  143  149  152  152  152  154  157  158  156  157  156  155  153  149   3606
               731   148  146  145  144  144  144  145  142  136  135  137  130  129  132  136  140  150  153  154  153  150  149  148  145   3435
              ------------------------------------------------------------------------------------------------------------------------------------
              TOTAL 4458 4447 4470 4463 4463 4467 4461 4436 4377 4306 4300 4211 4196 4204 4261 4353 4451 4545 4573 4542 4542 4523 4520 4495 106377
              MEAN   144  143  144  144  144  144  144  143  141  139  139  136  135  136  137  140  144  147  148  147  147  146  146  145   3432
              MAX    154  155  155  158  158  156  154  154  155  155  154  155  153  153  154  156  157  158  159  159  159  157  156  156   3671
                N     30   31   30   31   31   30   30   30   30   30   30   31   31   31   31   31   31   29   29   30   30   30   30   30     28
              NOTE    *)        *)             *)   *)   *)   *)   *)   *)                                 *)   *)   *)   *)   *)   *)   *)     *)
                                                                                                                                                  
                   *): WITH MISSING DATA; TOTAL,MEAN,MAXIMUM ESTIMATED                                                                            
                                                                                                                                                  
                                                                                                                                                  
