                                                                                                                                                  
                                                                                                                                                  
                                                               *******************************                                                    
                                                                 DOWNWARD LONGWAVE RADIATION                                                      
                                                               *******************************                                                    
                                                                                                                  COUNTRY = JAPAN                 
                                                                                                                                                  
                                                                                                                                                  
                                                                     UNIT  = 0.01 MJ/m**2                                                         
                        STATION    : Tateno                                                                                                       
                        STATION NO.: 47646                                                                                                        
                        LOCATION   : 140ﾟ08' E                                                                                                    
                                      36ﾟ03' N                                                                                                    
                        ALTITUDE   :   25.2  m                                                                                                    
                        YEAR/MONTH : 1996/05                                                                                                      
                                                                                                                                                  
              DATE   -01  -02  -03  -04  -05  -06  -07  -08  -09  -10  -11  -12  -13  -14  -15  -16  -17  -18  -19  -20  -21  -22  -23  -24  TOTAL
                                                                                                                                                  
               5 1   125  123  120  128  129  126  118  117  123  128  131  136  136  136  137  136  136  136  137  138  137  136  138  137   3144
               5 2   136  136  137  133  134  135  135  137  138  139  140  140  140  142  141  141  142  142  142  143  143  144  143  143   3346
               5 3   142  136  132  121  109  103  103  105  107  106  101   91   85   89   95   97  120  125  123  117  109  116  112  111   2655
               5 4   107  107  105  104  107  107  109  112  121  123  128  130  127  124  129  131  130  129  127  128  130  129  127  128   2899
               5 5   131  131  133  133  134  133  133  132  132  130  129  128  127  129  129  124  119  105  103  102  101  100  100   99   2917
               5 6    99   98   97   97   96   96   98  100  103  107  110  113  113  111  110  107  107  108  109  111  108  102  102  109   2511
               5 7    99   96   93   94   94   95   98   99  104  111  114  116  118  119  120  120  109  102  107  111  111  105  102  102   2539
               5 8   103  110  107  118  118  123  126  127  128  129  129  130  130  131  131  131  131  131  129  127  126  129  131  131   3006
               5 9   129  129  128  130  132  133  133  135  137  139  139  141  143  136  133  130  127  119  102   99   98   97   98   98   2985
               510    97   96   96   99  104  106  102  104  107  110  113  112  109  110  110  111  109  108  108  106  105  105  105  105   2537
               511   103  106  106  105  107  110  118  120  122  123  124  126  128  127  121  117  111  109  109  107  107  108  108  109   2731
               512   118  121  123  123  111  108  128  128  129  126  118  114  113  113  114  114  127  124  129  125  127  128  128  126   2915
               513   125  122  125  124  126  127  127  126  126  125  123  122  118  111  117  126  122  122  123  123  121  122  118  118   2939
               514   108  111  100  100  108  104  115  113  120  128  128  127  122  119  112  109  108  108  108  107  113  106  106  106   2686
               515   106  106  105  104  103  102  103  106  109  110  112  114  113  109  106  114  114  114  113  111  111  110  107  105   2607
               516   104  104  103  102  102  102  103  104  108  108  110  112  113  113  113  113  113  113  112  111  110  111  110  110   2604
               517   108  108  107  106  106  106  107  112  128  128  127  127  125  125  125  124  124  126  125  125  125  125  126  125   2870
               518   125  125  125  125  124  124  XXX  125  126  127  127  127  127  127  127  127  127  126  126  126  126  125  125  125   XXXX
               519   125  125  123  115  114  109  104  111  113  121  126  125  118  113  111  110  110  110  109  110  107  107  107  109   2732
               520   107  108  111  111  121  115  118  112  117  121  125  128  126  124  129  128  128  137  130  131  131  130  130  128   2946
               521   127  131  129  129  129  131  127  120  123  126  129  131  131  126  129  125  119  119  118  124  120  118  117  117   2995
               522   119  136  127  134  135  137  138  141  141  142  140  139  138  137  136  135  132  132  133  132  117  114  113  113   3161
               523   120  115  127  130  127  128  133  124  115  113  114  106  114  129  133  125  115  111  110  110  109  109  109  110   2836
               524   110  110  111  112  114  116  115  115  121  126  121  115  109  120  135  123  120  121  120  122  128  127  128  116   2855
               525   112  111  110  108  108  108  111  111  114  118  120  114  110  114  115  122  120  119  116  115  115  114  113  114   2732
               526   118  125  125  132  121  112  113  115  118  122  124  124  121  118  118  122  124  126  124  121  120  119  119  119   2900
               527   120  119  120  123  120  122  126  127  129  131  136  135  135  135  135  133  132  133  131  132  126  123  123  124   3070
               528   125  125  129  125  126  123  121  122  123  123  126  119  116  115  123  131  140  141  141  138  135  130  126  128   3051
               529   129  129  129  128  129  130  131  132  134  134  133  133  127  122  123  124  130  133  133  132  132  132  129  130   3118
               530   132  131  132  130  132  133  135  133  138  138  140  142  140  140  143  142  141  135  127  125  125  126  126  130   3216
               531   131  128  127  134  140  134  137  144  128  122  121  110  101  102  109  110  125  136  137  142  134  139  130  126   3047
              ------------------------------------------------------------------------------------------------------------------------------------
              TOTAL 3640 3658 3642 3657 3660 3638 3683 3709 3782 3834 3858 3827 3773 3766 3809 3802 3812 3800 3761 3751 3707 3686 3656 3651  89435
              MEAN   117  118  117  118  118  117  119  120  122  124  124  123  122  121  123  123  123  123  121  121  120  119  118  118   2885
              MAX    142  136  137  134  140  137  138  144  141  142  140  142  143  142  143  142  142  142  142  143  143  144  143  143   3346
                N     31   31   31   31   31   31   30   31   31   31   31   31   31   31   31   31   31   31   31   31   31   31   31   31     30
              NOTE                                  *)                                                                                          *)
                                                                                                                                                  
                   *): WITH MISSING DATA; TOTAL,MEAN,MAXIMUM ESTIMATED                                                                            
                                                                                                                                                  
                                                                                                                                                  
