                                                                                                                                                  
                                                                                                                                                  
                                                               *******************************                                                    
                                                                 DOWNWARD LONGWAVE RADIATION                                                      
                                                               *******************************                                                    
                                                                                                                  COUNTRY = JAPAN                 
                                                                                                                                                  
                                                                                                                                                  
                                                                     UNIT  = 0.01 MJ/m**2                                                         
                        STATION    : Tateno                                                                                                       
                        STATION NO.: 47646                                                                                                        
                        LOCATION   : 140ﾟ08' E                                                                                                    
                                      36ﾟ03' N                                                                                                    
                        ALTITUDE   :   25.2  m                                                                                                    
                        YEAR/MONTH : 1996/01                                                                                                      
                                                                                                                                                  
              DATE   -01  -02  -03  -04  -05  -06  -07  -08  -09  -10  -11  -12  -13  -14  -15  -16  -17  -18  -19  -20  -21  -22  -23  -24  TOTAL
                                                                                                                                                  
               1 1    85   85   85   85   85   86   87   86   88   90   92   92   92   91   89   87   85   83   82   82   82   82   81   81   2063
               1 2    80   79   79   79   80   79   79   81   83   85   87   89   91   92   91   90   89  100  100   93   90   90   96  112   2114
               1 3   113  115  115  113  114  106   97   93   92   92  106   98   98   96   97   98   96   95   94   94   94   94   95  102   2407
               1 4   109  101   98   82   81   79   80   81   82   84   86   86   86   85   84   84   82   82   82   81   81   81   80   81   2038
               1 5    81   81   81   80   80   80   81   82   84   87   89   90   91   93   96   98   99   95   91   91   89   89   89   89   2106
               1 6    88   89   89   89   88   87   87   87   86   88   90   91   91   92   92   92   90   89   88   88   87   87   86   85   2126
               1 7    84   82   82   81   80   81   80   80   82   84   86   88   88   89   89   88   88   89   89   96  115  116  105  106   2148
               1 8    99  104   90   90   89   89   92   92   96  103  121  127  132  132  132  130  123  118  100  111  113  109  116  112   2620
               1 9   105   90   77   74   75   74   74   74   75   76   77   80   92   88   81   78   77   77   76   76   76   76   76   78   1902
               110    78   80   79   79   79   78   77   78   78   80   83   85   86   87   87   86   84   84   83   83   83   83   82   82   1964
               111    82   82   83   83   82   82   84   86   88   91   92   94   95   95  100   97   89   88   87   87   86   86   86   85   2110
               112    85   85   84   83   83   84   84   85   87   88   90   90   91   92   91   91   90   88   87   86   86   85   85   84   2084
               113    84   84   84   84   83   83   83   82   85   86   87   88   88   89   88   88   88   87   86   86   86   86   86   86   2057
               114    86   85   85   85   85   85   85   87   88   90   95  100   99   98   98  101  103  109  117  117  117  118  121  117   2371
               115   101  100  101   99  100  101  102  102  103  108  116  112  113  118  116  118  118  113  112  113  115  113  123  127   2644
               116   133  133  138  136  130  125  121  119  109  104  104  112  115  114  114  122  121  121  120  120  119  120  120  118   2888
               117   118  117  114  102   91   86   84   82   83   89   91  111  113  114  111  103   95   90   87   88   89  106  111  110   2385
               118   114  116  110  112  111  111  109  109  108  110  110  106  110  113  113  102   97  105  112  114  113  108   87   88   2588
               119    86   84   85   83   85   83   83   92   95   99   97  111  112  112  113  113  113  114  113  113  113  113  113  113   2438
               120   113  113  114  114  114  113  114  114  114  114  115  115  115  115  115  115  114  115  115  115  114  114  114  113   2741
               121   114  111  107  109  108   98  105   87   88   89   90   91   91   91   91   90   90   91   95   96   95   93   98  113   2331
               122   113  111  107   93   99  102   99  101  107  104  103  108  113  113  115  116  116  117  118  118  114  109  101  118   2615
               123   117  115  100   96   97   95   94   99  100  101  107  113  114  106  109  108  100   96   99  102  114  111   97  101   2491
               124   101  110   97   86   83   91   89   86   87   86   86   91   87   87   88   88   88   91   79   79   76   75   74   73   2078
               125    72   72   72   72   72   73   73   74   76   78   80   84   85   89   85   86   85   85   85   84   83   84   83   85   1917
               126    84   87   89   85   85   83   88   90   88   85   84   83   85   82   83   82   81   77   76   76   77   76   76   75   1977
               127    76   76   76   75   75   75   75   76   79   81   83   84   85   85   86   85   84   83   82   81   81   81   79   79   1922
               128    80   80   80   80   79   80   79   80   81   84   85   87   88   88   87   87   88   95  102  106  104  104  104   95   2123
               129    92   85   84   83   82   82   82   83   86   89   89   91   92   92   92   92   92   92   90   89   90   93   91   93   2126
               130    95   91   83   81   79   78   78   80   84   85   87   89   90   94   96   91   84   84   92   80   80   77   76   77   2031
               131    76   76   76   76   75   75   74   75   78   79   81   81   82   83   85  XXX  XXX  XXX  XXX  XXX  XXX  XXX  XXX  XXX   XXXX
              ------------------------------------------------------------------------------------------------------------------------------------
              TOTAL 2944 2919 2844 2769 2749 2724 2719 2723 2760 2809 2889 2967 3010 3015 3014 3004 2945 2948 2933 2939 2957 2954 2926 2973  69651
              MEAN    95   94   92   89   89   88   88   88   89   91   93   96   97   97   97   97   95   95   95   95   95   95   94   96   2247
              MAX    133  133  138  136  130  125  121  119  114  114  121  127  132  132  132  130  123  121  120  120  119  120  123  127   2888
                N     31   31   31   31   31   31   31   31   31   31   31   31   31   31   31   30   30   30   30   30   30   30   30   30     30
              NOTE                                                                               *)   *)   *)   *)   *)   *)   *)   *)   *)     *)
                                                                                                                                                  
                   *): WITH MISSING DATA; TOTAL,MEAN,MAXIMUM ESTIMATED                                                                            
                                                                                                                                                  
                                                                                                                                                  
