                                                                                                                                                  
                                                                                                                                                  
                                                               *******************************                                                    
                                                                 DOWNWARD LONGWAVE RADIATION                                                      
                                                               *******************************                                                    
                                                                                                                  COUNTRY = JAPAN                 
                                                                                                                                                  
                                                                                                                                                  
                                                                     UNIT  = 0.01 MJ/m**2                                                         
                        STATION    : Tateno                                                                                                       
                        STATION NO.: 47646                                                                                                        
                        LOCATION   : 140ﾟ08' E                                                                                                    
                                      36ﾟ03' N                                                                                                    
                        ALTITUDE   :   25.2  m                                                                                                    
                        YEAR/MONTH : 1996/03                                                                                                      
                                                                                                                                                  
              DATE   -01  -02  -03  -04  -05  -06  -07  -08  -09  -10  -11  -12  -13  -14  -15  -16  -17  -18  -19  -20  -21  -22  -23  -24  TOTAL
                                                                                                                                                  
               3 1   103  116  118  119  121  124  124  124  124  124  123  124  123  122  102   99  110  120  119  112  110  103   90   87   2741
               3 2    85   84   81   81   81   80   79   80   82   84   85   86   87   89   87   87   88   94   93   82   80   79   78   78   2010
               3 3    78   78   78   78   77   77   77   79   80   81   83   83   84   84   83   80   80   82   94   96   87   90   96  100   2005
               3 4   100  103  102   89   78   78   78   80   83   85   87   90   92   92   91   90   95  110   95   86   85   85   84   86   2144
               3 5    99  107  104   93  106   93   84   78   78   78   80   82   93  103   97   87   81   77   76   76   75   76   76   76   2075
               3 6    76   75   75   75   75   74   75   77   79   81   83   84   87   93   94   93   89   86   85   85   85   86   86   86   1984
               3 7    86   86   85   85   85   88   86   84   86   92  100  105  107  109  112  113  115  116  117  119  118  118  118  117   2447
               3 8   117  117  117  117  117  117  117  118  118  119  120  120  121  121  121  122  122  122  122  122  122  112  106   90   2817
               3 9    87   88   86   87   86   86   86   86   89   92  105  101   99  104  106   96   91   89   89  102   99   87   87   95   2223
               310    93   83   81   80   80   80   91   93   86   85   87   91   90   88   92   91   89   90   88   87   94   87   93   96   2115
               311   102  100  109  105  108  105  109  107  103  105  112  112  109  112  110  108   99   92   91   93  106   93   89  101   2480
               312    98  100   93   84   80   78   78   79   84   90   85   96   99   94   86   84   83   82   84   85   85   88   88   85   2088
               313    83   89   90   84   90   90   93  103  104   98  104  101  105  110  113  107  109  110   98   93   93   92   92   91   2342
               314    90   90   89   88   87   87   87   88   90   94   96   99  101  102  103  103  102  100   99   98  102  114  113  115   2337
               315   115  116  118  119  119  117  118  121  122  122  123  121  124  124  126  125  125  126  126  125  123  121  120  119   2915
               316   120  118  107   97   91   89   88   88   88   90   93   94   94   98  106  105   99  100  113  116  117  118  118  119   2466
               317   119  120  122  125  126  128  127  129  131  132  133  134  135  132  131  131  130  124  108  106  107  108  109  109   2956
               318   106  108  116  111  110  101  103  106  118  122  119  117  118  126  125  123  122  120  117  107  107  114  112  112   2740
               319   112  112  111  109  108  106   99  101   90   86   88   94  100   98   95   92   91   91   91   92  107  105   96   95   2369
               320    95   94   96  101  100   99   96   93  102   97   99  103   99   98  100  102  101   97  114  116  117  117  117  118   2471
               321   117  103   93   92   90   91   90   92   95   98  101  123  111  108  110  102  104  107  107  105  105  113  123  126   2506
               322   128  128  127  126  126  127  127  127  128  129  130  129  129  130  126  110  109  107  104  102   98   95   94   93   2829
               323    93   96   93   96  102  112  109   91   91   90   91   92   94   99  112  111  114  116  115  113  114  113  113  112   2482
               324   112  112   93   92   95   93   89   87   88   90   91   93   99  104  106  108  113  109  108  114  113  118  120  120   2467
               325   120  121  122  122  122  122  122  122  123  123  122  122  124  127  125  116  124  116  114  115  113  116  100   94   2847
               326   106  114   99   96   93  106  113  104  117  119  110  107  107  101  103  103  102   99  101   97   97   96   99  103   2492
               327    94   95   92  104  118  120  122  122  123  123  124  125  123  124  116  116  120  119  120  117  116  122  125  120   2800
               328   119  106  100   98  100   95   94   95   95   96   98  100  103  102  101  100  100  102  103  112  110  106  115  116   2466
               329   116  116  116  114  101   98   95   95   96   95   96  100   99  100  102  102   97   95   94   96   97  121  123  124   2488
               330   123  126  126  127  127  128  127  128  128  129  130  130  134  136  138  139  138  134  136  138  135  137  138  128   3160
               331   122  123  118  120  117  122  121  125  111  112  113  116  117  116  115  115  116  122  132  121  130  130  128  127   2889
              ------------------------------------------------------------------------------------------------------------------------------------
              TOTAL 3214 3224 3157 3114 3116 3111 3104 3102 3132 3161 3211 3274 3307 3346 3334 3260 3258 3254 3253 3228 3247 3260 3246 3238  77151
              MEAN   104  104  102  100  101  100  100  100  101  102  104  106  107  108  108  105  105  105  105  104  105  105  105  104   2489
              MAX    128  128  127  127  127  128  127  129  131  132  133  134  135  136  138  139  138  134  136  138  135  137  138  128   3160
                N     31   31   31   31   31   31   31   31   31   31   31   31   31   31   31   31   31   31   31   31   31   31   31   31     31
              NOTE                                                                                                                                
                                                                                                                                                  
                   *): WITH MISSING DATA; TOTAL,MEAN,MAXIMUM ESTIMATED                                                                            
                                                                                                                                                  
                                                                                                                                                  
