                                                                                                                                                  
                                                                                                                                                  
                                                               *******************************                                                    
                                                                 DOWNWARD LONGWAVE RADIATION                                                      
                                                               *******************************                                                    
                                                                                                                  COUNTRY = JAPAN                 
                                                                                                                                                  
                                                                                                                                                  
                                                                     UNIT  = 0.01 MJ/m**2                                                         
                        STATION    : Tateno                                                                                                       
                        STATION NO.: 47646                                                                                                        
                        LOCATION   : 140ﾟ08' E                                                                                                    
                                      36ﾟ03' N                                                                                                    
                        ALTITUDE   :   25.2  m                                                                                                    
                        YEAR/MONTH : 1996/09                                                                                                      
                                                                                                                                                  
              DATE   -01  -02  -03  -04  -05  -06  -07  -08  -09  -10  -11  -12  -13  -14  -15  -16  -17  -18  -19  -20  -21  -22  -23  -24  TOTAL
                                                                                                                                                  
               9 1   153  153  153  153  153  153  153  153  154  156  149  140  141  132  120  114  117  131  141  150  156  155  147  142   3469
               9 2   148  142  141  139  141  139  139  134  126  123  119  116  121  123  140  151  147  153  150  148  138  144  136  131   3289
               9 3   131  130  129  130  128  128  130  135  132  127  127  121  121  120  124  130  133  132  130  129  129  134  135  128   3093
               9 4   126  124  126  136  136  123  123  125  128  131  135  132  129  130  135  137  137  141  141  140  136  138  142  144   3195
               9 5   144  135  135  140  139  131  129  133  133  136  141  144  140  132  134  138  138  136  134  136  136  136  134  138   3272
               9 6   140  135  136  138  135  135  134  135  145  147  141  139  140  145  146  147  145  153  150  150  151  149  149  151   3436
               9 7   153  151  149  150  152  147  151  150  149  151  152  153  150  146  143  142  141  140  142  143  135  137  134  128   3489
               9 8   131  137  138  125  121  118  118  119  123  124  122  116  115  121  124  129  135  130  128  129  131  130  133  129   3026
               9 9   131  135  134  131  138  139  143  143  147  148  146  143  141  141  142  143  144  144  144  144  144  145  144  144   3398
               910   144  144  143  143  141  144  144  143  144  143  139  131  132  140  125  137  131  130  129  129  134  136  138  135   3299
               911   139  128  124  121  118  118  118  119  121  120  115  106  109  111  115  119  121  121  121  120  120  119  120  119   2862
               912   118  117  117  117  115  113  114  116  118  123  123  118  118  121  123  123  124  123  120  119  119  118  120  121   2858
               913   121  121  121  126  131  130  130  140  135  142  141  142  142  140  142  140  140  140  139  140  143  143  143  142   3274
               914   141  141  141  141  141  141  141  144  146  146  147  148  149  149  149  149  148  146  146  147  145  144  145  145   3480
               915   139  145  145  136  135  145  129  126  128  133  131  130  139  130  129  134  130  128  128  125  128  129  125  124   3171
               916   123  125  122  126  120  120  121  123  125  131  125  122  121  119  122  126  127  125  124  123  124  123  121  120   2958
               917   119  119  126  130  130  131  127  128  129  133  135  129  132  131  138  139  140  139  138  140  142  138  133  129   3175
               918   125  125  125  124  129  125  127  132  132  135  135  132  129  128  140  131  129  129  138  129  139  132  127  129   3126
               919   125  124  124  124  123  123  124  126  129  135  141  142  139  132  132  131  130  129  128  128  127  128  129  129   3102
               920   127  136  138  142  134  128  128  131  140  140  136  126  129  139  146  154  153  150  150  149  148  149  148  148   3369
               921   146  146  145  143  142  142  142  142  142  143  140  139  143  141  142  141  141  141  140  141  142  143  143  143   3413
               922   144  145  144  144  145  146  146  146  147  146  144  146  147  148  149  148  146  144  144  141  142  129  130  125   3436
               923   125  124  124  124  125  125  129  135  137  139  137  135  130  115  108  131  146  147  147  146  146  137  139  133   3184
               924   128  131  136  139  138  140  141  141  139  131  122  123  126  128  128  131  128  124  121  119  118  118  117  115   3082
               925   115  114  113  113  113  112  113  122  130  131  135  135  138  139  141  141  140  141  141  140  139  138  138  140   3122
               926   138  137  137  138  134  134  135  136  137  138  138  139  140  140  141  141  141  141  138  126  133  134  128  125   3269
               927   122  124  128  132  133  127  129  132  124  135  143  131  130  128  133  134  139  130  116  114  112  112  111  110   3029
               928   107  106  106  105  104  102  102  105  109  111  113  114  116  121  118  118  118  116  118  116  115  116  118  117   2691
               929   117  117  114  112  114  115  115  116  117  118  121  123  125  126  130  130  128  127  127  127  128  128  129  131   2935
               930   131  132  132  133  132  133  133  133  136  137  137  137  137  137  138  137  137  137  139  139  138  138  138  139   3260
              ------------------------------------------------------------------------------------------------------------------------------------
              TOTAL 3951 3943 3946 3955 3940 3907 3908 3963 4002 4053 4030 3952 3969 3953 3997 4066 4074 4068 4052 4027 4038 4020 3994 3954  95762
              MEAN   132  131  132  132  131  130  130  132  133  135  134  132  132  132  133  136  136  136  135  134  135  134  133  132   3192
              MAX    153  153  153  153  153  153  153  153  154  156  152  153  150  149  149  154  153  153  150  150  156  155  149  151   3489
                N     30   30   30   30   30   30   30   30   30   30   30   30   30   30   30   30   30   30   30   30   30   30   30   30     30
              NOTE                                                                                                                                
                                                                                                                                                  
                   *): WITH MISSING DATA; TOTAL,MEAN,MAXIMUM ESTIMATED                                                                            
                                                                                                                                                  
                                                                                                                                                  
                                                                                                                                                  
