                                                                                                                                                  
                                                                                                                                                  
                                                               *******************************                                                    
                                                                 DOWNWARD LONGWAVE RADIATION                                                      
                                                               *******************************                                                    
                                                                                                                  COUNTRY = JAPAN                 
                                                                                                                                                  
                                                                                                                                                  
                                                                     UNIT  = 0.01 MJ/m**2                                                         
                        STATION    : Tateno                                                                                                       
                        STATION NO.: 47646                                                                                                        
                        LOCATION   : 140ﾟ08' E                                                                                                    
                                      36ﾟ03' N                                                                                                    
                        ALTITUDE   :   25.2  m                                                                                                    
                        YEAR/MONTH : 1996/11                                                                                                      
                                                                                                                                                  
              DATE   -01  -02  -03  -04  -05  -06  -07  -08  -09  -10  -11  -12  -13  -14  -15  -16  -17  -18  -19  -20  -21  -22  -23  -24  TOTAL
                                                                                                                                                  
              11 1   135  135  136  137  137  137  138  139  141  141  142  142  142  140  141  142  140  139  139  139  139  138  138  138   3335
              11 2   138  139  139  140  139  138  137  137  137  137  137  137  138  137  136  136  135  134  135  135  135  136  135  133   3280
              11 3   132  132  132  132  132  131  129  125  129  130  127  127  130  131  123  116  114  118  119  120  110  109  110  108   2966
              11 4   107  106  105  117  128  121  126  129  130  131  132  129  129  122  110  112  110  108  107  111  117  114  116  122   2839
              11 5   120  125  122  129  131  131  129  129  130  130  130  131  131  132  135  133  135  137  139  141  140  140  140  137   3177
              11 6   137  136  134  133  128  125  120  115  116  119  121  122  120  124  134  124  110   98   96   99   99   97   91   90   2788
              11 7    89   87   87   86   86   86   85   87   89   92   95   97   99  101  105  107  107  107  107  117  125  123  127  128   2419
              11 8   126  124  124  124  124  126  125  128  129  130  130  132  132  133  133  133  134  134  135  136  136  136  136  136   3136
              11 9   136  135  135  135  135  134  134  135  135  136  137  137  139  139  138  140  137  138  128  125  127  130  140  140   3245
              1110   140  132  124  128  128  127  127  129  128  128  128  128  135  140  133  128  130  130  127  125  123  125  123  122   3088
              1111   122  128  125  123  122  120  125  132  129  130  135  132  136  140  140  137  138  137  137  136  138  138  139  139   3178
              1112   139  137  137  138  138  137  137  138  138  138  135  128  128  129  131  132  134  132  133  132  130  130  129  127   3207
              1113   126  125  124  123  121  120  120  119  118  115  108  110  107  106  108  110   90   88   87   86   86   85   85   85   2552
              1114    85   84   85   85   87   94  102  111  112  116  118  119  120  105   99  114  117  101   98   98   98   97  105  101   2451
              1115    97   95   94   93   92   93   92   94   98   99  101  103  104  104  105  105  103  102  101  101   97   95   93   92   2353
              1116    90   90   89   89   88   88   88   92   90   92   94   95   95   94   93   92   91   89   89   89   89   89   91   90   2176
              1117    95   95   95   96  113  116  110   98   98   97   98   99  103  115  103  103  101  100  100  101  101  100  109  110   2456
              1118   114  116  113  122  123  125  126  125  126  127  127  123  110  108  108  118  129  129  127  126  125  125  125  122   2919
              1119   124  124  121  119  118  113   95   94   97   99  101  102  103  104  108  102   98   96   94   93   92   92   91   94   2474
              1120   103   93   93   92  108  106  116  116  120  121  122  123  124  124  125  126  126  126  126  126  126  127  127  127   2823
              1121   126  126  126  124  122  120   98   97   99  101  106  106  108  109  113  113  109  112  108  106  107  104  101  100   2641
              1122    99   98   96   96   99  102  109  107  108  101  114  122  124  123  118  110  103  102  100  100   99   98   97   96   2521
              1123    94   93   93   92   92   91   91   94  104  104  111  113  119  126  117  106  106  109  123  126  125  123  123  121   2596
              1124   115  109  112  110  102  106  120  120  110  106  108  108  106  106  107  120  114  112  115  114  118  116  120  126   2700
              1125   123  118  116  115  113  116  108  106  106  106  107  106  107  108  108  106  104  101   98   95   94   93   92   91   2537
              1126    90   90   90   88   88   88   89   90   92   95   97   99  100  102  101  103  106  109  116  118  106  101   99  113   2370
              1127   122  122  122  123  124  124  125  127  128  127  127  126  124  128  128  130  130  129  128  128  127  117  113  109   2988
              1128   122  125  125  126  125  125  125  122  121  116  102  103  104  110  110  122  112   98   96   96   95   93   92   91   2656
              1129    95  107  111  109  106  117  118  120  120  117  112  102  100  100  113  114  114  118  116  116  119  120  119  118   2701
              1130   106   93   90   89   89   89   88   87   92  110  115  116  118  117  119  113  103  108  107  101   96   90   90   87   2413
              ------------------------------------------------------------------------------------------------------------------------------------
              TOTAL 3447 3419 3395 3413 3438 3446 3432 3442 3470 3491 3517 3517 3535 3557 3542 3547 3480 3441 3431 3436 3419 3381 3396 3393  82985
              MEAN   115  114  113  114  115  115  114  115  116  116  117  117  118  119  118  118  116  115  114  115  114  113  113  113   2766
              MAX    140  139  139  140  139  138  138  139  141  141  142  142  142  140  141  142  140  139  139  141  140  140  140  140   3335
                N     30   30   30   30   30   30   30   30   30   30   30   30   30   30   30   30   30   30   30   30   30   30   30   30     30
              NOTE                                                                                                                                
                                                                                                                                                  
                   *): WITH MISSING DATA; TOTAL,MEAN,MAXIMUM ESTIMATED                                                                            
                                                                                                                                                  
                                                                                                                                                  
                                                                                                                                                  
