                                                                                                                                                  
                                                                                                                                                  
                                                               *******************************                                                    
                                                                 DOWNWARD LONGWAVE RADIATION                                                      
                                                               *******************************                                                    
                                                                                                                  COUNTRY = JAPAN                 
                                                                                                                                                  
                                                                                                                                                  
                                                                     UNIT  = 0.01 MJ/m**2                                                         
                        STATION    : Tateno                                                                                                       
                        STATION NO.: 47646                                                                                                        
                        LOCATION   : 140ﾟ08' E                                                                                                    
                                      36ﾟ03' N                                                                                                    
                        ALTITUDE   :   25.2  m                                                                                                    
                        YEAR/MONTH : 1997/10                                                                                                      
                                                                                                                                                  
              DATE   -01  -02  -03  -04  -05  -06  -07  -08  -09  -10  -11  -12  -13  -14  -15  -16  -17  -18  -19  -20  -21  -22  -23  -24  TOTAL
                                                                                                                                                  
              10 1   108  104  104  103  103  102  102  103  106  109  111  112  113  113  113  113  113  112  111  110  110  110  110  108   2603
              10 2   108  110  113  114  111  110  108  109  112  114  123  128  128  129  125  133  133  133  133  134  135  136  134  136   2949
              10 3   136  136  136  136  134  132  131  122  116  122  126  137  139  128  135  123  118  115  114  115  115  115  116  116   3013
              10 4   116  121  120  114  118  129  132  XXX  XXX  132  141  138  140  139  139  138  137  135  135  134  133  133  134  133   XXXX
              10 5   136  137  137  137  136  136  135  136  134  124  127  127  136  135  137  145  142  141  142  137  137  130  132  133   3249
              10 6   126  119  116  116  112  114  120  131  115  113  114  116  123  123  122  118  117  126  125  130  132  134  128  123   2913
              10 7   133  128  124  122  120  135  137  138  141  143  143  139  132  134  129  130  129  130  127  128  128  136  139  132   3177
              10 8   129  128  123  124  127  139  135  125  125  126  121  121  123  125  127  125  116  109  106  102  101  100   99   97   2853
              10 9    97   96   97   98   98   98  101  100  105  111  111  114  113  121  121  128  126  135  135  135  133  116  123  121   2733
              1010   130  129  136  133  133  128  126  125  129  136  138  127  137  135  140  132  122  121  120  118  116  116  116  115   3058
              1011   114  119  111  108  108  106  106  109  111  114  116  117  120  121  122  123  126  133  125  123  116  116  120  132   2816
              1012   122  122  130  132  132  122  118  113  112  107  112  111  115  110  113  116  122  109  106  107  106  105  105  103   2750
              1013   104   99   97   96   96   94   94   96   99  102  104  106  107  108  108  108  108  108  108  107  107  106  106  105   2473
              1014   103  102  102  100  100  100  101  102  104  107  109  111  113  116  119  122  122  122  117  114  112  114  114  112   2638
              1015   110  108  108  108  107  104  103  104  106  108  112  115  117  115  119  134  128  127  131  115  109  109  105  103   2705
              1016   102  104  102  100   98  102  102  105  103  104  106  107  109  110  110  118  112  120  130  124  130  134  132  126   2690
              1017   128  120  120  122  130  131  131  133  134  136  137  138  140  139  132  121  121  127  140  136  119  113  112  111   3071
              1018   110  109  107  109  122  125  127  125  114  108  111  112  114  116  118  118  118  117  115  113  114  114  114  113   2763
              1019   114  111  108  109  108  107  106  108  112  121  126  116  123  120  119  129  127  119  116  116  116  116  116  120   2783
              1020   130  122  116  112  112  106  106  107  109  111  113  116  117  119  119  119  117  117  117  115  115  114  113  112   2754
              1021   111  110  109  108  107  107  107  108  110  113  117  117  118  120  121  120  119  118  118  117  117  116  116  115   2739
              1022   114  114  113  113  112  110  109  110  113  117  120  121  120  120  119  117  115  114  114  115  115  116  116  115   2762
              1023   113  114  113  113  113  112  111  112  115  117  121  129  126  124  128  126  127  120  121  123  122  118  118  118   2854
              1024   118  126  128  121  118  120  123  116  121  120  122  125  128  128  126  131  129  130  133  134  133  131  138  142   3041
              1025   142  140  137  140  139  136  127  121  125  136  126  126  131  129  126  125  123  122  122  118  117  125  133  132   3098
              1026   127  121  126  124  127  125  123  118  115  113  104  104  105  105  106  107  108  107  103  102   99   97   97   96   2659
              1027    94   93   93   93   92   92   93   95   98  101  102  104  107  104  101   98   96   93   92   92   92   92   92   92   2301
              1028    92   92   92   92   91   92   92   94   95   97   99  101  108  105  107  107  114  122  127  125  126  131  130  129   2560
              1029   129  117  115  116  116  111  126  128  129  128  117  115  110  109  108  109  108  108  107  106  106  105  104  104   2731
              1030   104  104  103  105  108  111  113  109  109  109  109  107  110  113  115  113  110  109  110  110  111  113  114  119   2638
              1031   115  114  117  119  120  123  121  117  118  118  118  118  111  110  110  109  108  104  103  108  123  108  115  119   2746
              ------------------------------------------------------------------------------------------------------------------------------------
              TOTAL 3615 3569 3553 3537 3548 3559 3566 3534 3550 3617 3656 3675 3733 3723 3734 3755 3711 3703 3703 3663 3645 3619 3641 3632  86924
              MEAN   117  115  115  114  114  115  115  114  115  117  118  119  120  120  120  121  120  119  119  118  118  117  117  117   2804
              MAX    142  140  137  140  139  139  137  138  141  143  143  139  140  139  140  145  142  141  142  137  137  136  139  142   3249
                N     31   31   31   31   31   31   31   30   30   31   31   31   31   31   31   31   31   31   31   31   31   31   31   31     30
              NOTE                                       *)   *)                                                                                *)
                                                                                                                                                  
                   *): WITH MISSING DATA; TOTAL,MEAN,MAXIMUM ESTIMATED                                                                            
                                                                                                                                                  
                                                                                                                                                  
