                                                                                                                                                  
                                                                                                                                                  
                                                               *******************************                                                    
                                                                 DOWNWARD LONGWAVE RADIATION                                                      
                                                               *******************************                                                    
                                                                                                                  COUNTRY = JAPAN                 
                                                                                                                                                  
                                                                                                                                                  
                                                                     UNIT  = 0.01 MJ/m**2                                                         
                        STATION    : Tateno                                                                                                       
                        STATION NO.: 47646                                                                                                        
                        LOCATION   : 140ﾟ08' E                                                                                                    
                                      36ﾟ03' N                                                                                                    
                        ALTITUDE   :   25.2  m                                                                                                    
                        YEAR/MONTH : 1997/04                                                                                                      
                                                                                                                                                  
              DATE   -01  -02  -03  -04  -05  -06  -07  -08  -09  -10  -11  -12  -13  -14  -15  -16  -17  -18  -19  -20  -21  -22  -23  -24  TOTAL
                                                                                                                                                  
               4 1   121  120  119   97   94   89   88   90   92   94   98  107  106  108  105  114  106  104  103  XXX  112  116  106  113   XXXX
               4 2   116  120  128  118  125  122  120  120  124  128  131  130  131  128  124  126  126  127  127  129  127  126  128  128   3009
               4 3   127  128  128  127  128  126  126  126  125  124  131  133  132  132  131  131  131  130  130  129  130  130  130  130   3095
               4 4   130  130  130  130  130  130  130  131  132  133  133  133  126  130  127  131  126  132  134  134  136  136  135  135   3154
               4 5   135  134  134  134  134  135  134  134  134  134  135  136  136  137  137  137  137  137  136  135  135  135  134  134   3243
               4 6   134  134  135  XXX  XXX  XXX  XXX  XXX  XXX  XXX  XXX  XXX  XXX  XXX  XXX  XXX  XXX  XXX  XXX  XXX  XXX  XXX  XXX  XXX   XXXX
               4 7   XXX  XXX  XXX  XXX  XXX  XXX  XXX  XXX  XXX  XXX  XXX  XXX  XXX  XXX  XXX  XXX  XXX  XXX  134  124  129  129  128  126   XXXX
               4 8   125  125  125  115  105  101  102  105  107  109  111  113  117  117  117  120  120  120  121  127  122  117  124  123   2788
               4 9   121  113  116  108  112  108  108  109  112  116  118  121  126  126  123  121  120  119  118  116  114  113  115  117   2790
               410   128  125  122  119  111   96   88   90   94   97   99  101  102  104  103  104  105  105  103  102  102  102  101  101   2504
               411   102  100   99   96   93   92   91   94   97  100  103  104  105  107  108  107  118  127  119  103  101  XXX  108  112   XXXX
               412   113  104  108  100   88   90   86   88   91   96  100  103  105  XXX  105  104  103  102  101  100  100   99   99   99   XXXX
               413    98   97   96   94   92   92   93   95   99  103  107  111  113  112  110  109  107  106  108  108  106  108  111  107   2482
               414   101  101  100  101  100  100  100  103  106  109  112  115  115  115  118  123  117  109  108  103  103  105  105  106   2575
               415   114  107  123  120  127  125  119  122  124  124  123  121  120  120  120  119  119  118  114  112  XXX  112  114  118   XXXX
               416   118  118  119  119  119  118  113  112  111  105  101  109  115  111  106  100   99   98   97  102  109  122  121  117   2659
               417   118  121  122  121  119  120  122  117  117  112  117  119  118  115  113  110  108  107  108  109  106  105  105  104   2733
               418   104  109  108  104  104  105  117  109  109  119  122  124  127  130  123  123  129  128  128  128  118  120  127  130   2845
               419   131  130  131  131  131  130  129  128  128  127  123  113  113  116  107  106  105  103  103  103  102  109  120  123   2842
               420   118  121  XXX  XXX  XXX  XXX  XXX  XXX  XXX  111  122  124  112  111  113  117  113  108  113  126  XXX  126  XXX  XXX   XXXX
               421   XXX  XXX  XXX  107  116  114  105  113  124  128  130  125  121  119  126  115  125  124  125  126  126  XXX  XXX  XXX   XXXX
               422   XXX  XXX  XXX  XXX  XXX  XXX  XXX  XXX  XXX  XXX  XXX  130  134  134  137  135  136  129  115  114  112  111  111  111   XXXX
               423   110  111  111  111  131  130  134  133  133  133  132  128  128  125  123  122  120  121  117  119   98   95   94   92   2851
               424    91   91   90   90   90   90   90   93   95   98  100  100  101  101  106   99   98   97   97   96   95   94   92   93   2287
               425   XXX  XXX  XXX  XXX  XXX  XXX  XXX  XXX  XXX  XXX  XXX  XXX  XXX  XXX  XXX  XXX  XXX  XXX  XXX  XXX   99   99  100   99   XXXX
               426    98   98   96   95   93   93   94   96   99  102  104  105  106  107  106  106  108  107  104  102  103  103  102  102   2429
               427   100  100  100   99  XXX  XXX   97  100  103  107  110  113  114  113  112  112  112  112  114  117  117  115  115  111   XXXX
               428   110  111  112  113  119  122  123  124  127  129  133  136  136  137  138  139  140  139  136  136  137  138  XXX  XXX   XXXX
               429   XXX  XXX  XXX  XXX  XXX  XXX  XXX  XXX  XXX  116  118  120  123  127  127  126  129  130  123  119  118  118  117  116   XXXX
               430   115  114  114  113  113  113  116  119  129  136  138  139  142  145  145  144  141  142  140  139  136  XXX  XXX  XXX   XXXX
              ------------------------------------------------------------------------------------------------------------------------------------
              TOTAL 3453 3435 3459 3327 3357 3315 3282 3315 3390 3450 3519 3570 3582 3609 3567 3555 3552 3534 3510 3510 3438 3441 3411 3417   XXXX
              MEAN   115  114  115  111  112  110  109  110  113  115  117  119  119  120  119  119  118  118  117  117  115  115  114  114   XXXX
              MAX    135  134  135  134  134  135  134  134  134  136  138  139  142  145  145  144  141  142  140  139  137  138  135  135   XXXX
                N     25   25   24   24   23   23   24   24   24   26   26   27   27   26   27   27   27   27   28   27   27   26   25   25     16
              NOTE    *)   *)   *)   *)   *)   *)   *)   *)   *)   *)   *)   *)   *)   *)   *)   *)   *)   *)   *)   *)   *)   *)   *)   *)       
                                                                                                                                                  
                   *): WITH MISSING DATA; TOTAL,MEAN,MAXIMUM ESTIMATED                                                                            
                                                                                                                                                  
                                                                                                                                                  
                                                                                                                                                  
