                                                                                                                                                  
                                                                                                                                                  
                                                               *******************************                                                    
                                                                 DOWNWARD LONGWAVE RADIATION                                                      
                                                               *******************************                                                    
                                                                                                                  COUNTRY = JAPAN                 
                                                                                                                                                  
                                                                                                                                                  
                                                                     UNIT  = 0.01 MJ/m**2                                                         
                        STATION    : Tateno                                                                                                       
                        STATION NO.: 47646                                                                                                        
                        LOCATION   : 140ﾟ08' E                                                                                                    
                                      36ﾟ03' N                                                                                                    
                        ALTITUDE   :   25.2  m                                                                                                    
                        YEAR/MONTH : 1997/08                                                                                                      
                                                                                                                                                  
              DATE   -01  -02  -03  -04  -05  -06  -07  -08  -09  -10  -11  -12  -13  -14  -15  -16  -17  -18  -19  -20  -21  -22  -23  -24  TOTAL
                                                                                                                                                  
               8 1   142  XXX  XXX  XXX  XXX  XXX  XXX  XXX  XXX  153  153  154  XXX  151  150  149  148  147  146  145  145  144  144  XXX   XXXX
               8 2   XXX  XXX  XXX  XXX  XXX  XXX  XXX  XXX  XXX  152  153  156  156  155  155  154  154  153  150  148  146  146  145  147   XXXX
               8 3   145  XXX  XXX  XXX  XXX  XXX  XXX  XXX  146  148  154  159  158  157  157  158  155  152  150  148  148  147  146  145   XXXX
               8 4   153  XXX  XXX  XXX  XXX  XXX  XXX  XXX  XXX  XXX  XXX  XXX  XXX  XXX  XXX  XXX  XXX  XXX  XXX  XXX  XXX  XXX  XXX  XXX   XXXX
               8 5   150  149  153  151  151  150  155  156  157  XXX  156  XXX  XXX  XXX  XXX  XXX  XXX  XXX  XXX  XXX  XXX  XXX  XXX  XXX   XXXX
               8 6   XXX  XXX  XXX  XXX  XXX  XXX  XXX  XXX  XXX  XXX  154  153  156  158  155  152  146  145  151  150  146  XXX  XXX  XXX   XXXX
               8 7   XXX  XXX  XXX  XXX  XXX  XXX  XXX  XXX  XXX  146  150  153  156  158  155  153  153  149  147  147  148  150  152  151   XXXX
               8 8   152  XXX  XXX  XXX  XXX  XXX  XXX  XXX  XXX  151  152  152  153  154  154  155  155  151  149  148  145  148  146  145   XXXX
               8 9   XXX  XXX  XXX  XXX  XXX  XXX  XXX  XXX  XXX  150  152  152  153  153  153  152  151  149  146  145  145  145  144  145   XXXX
               810   145  146  XXX  XXX  XXX  XXX  XXX  XXX  152  155  155  156  157  157  156  155  153  152  151  154  151  150  149  149   XXXX
               811   148  XXX  XXX  XXX  XXX  XXX  XXX  XXX  XXX  XXX  151  150  150  149  150  152  151  152  144  142  142  150  153  XXX   XXXX
               812   XXX  XXX  XXX  XXX  XXX  XXX  XXX  XXX  XXX  XXX  XXX  XXX  161  160  157  155  154  156  158  150  149  156  148  145   XXXX
               813   145  144  144  144  143  143  147  151  153  154  158  159  159  159  157  157  159  156  161  157  151  157  153  154   3665
               814   153  152  150  150  151  150  151  151  150  150  149  150  150  148  147  145  148  145  143  133  137  146  134  136   3519
               815   140  134  134  136  135  140  139  141  144  147  146  149  147  147  146  143  143  147  145  145  144  144  144  143   3423
               816   144  143  140  144  139  129  138  143  145  145  146  145  145  145  144  144  144  143  143  143  142  142  137  141   3414
               817   141  141  141  141  141  141  141  142  142  144  145  146  146  146  141  132  139  135  128  142  126  136  139  137   3353
               818   131  139  142  130  125  127  127  132  147  151  XXX  148  152  151  152  155  154  154  153  152  152  151  151  150   XXXX
               819   149  147  152  152  149  141  144  152  146  151  154  154  156  155  151  156  150  143  141  139  139  139  138  138   3536
               820   137  137  136  136  136  136  138  140  143  XXX  148  150  151  152  152  152  150  149  147  147  145  144  144  144   XXXX
               821   150  145  143  145  141  140  142  146  145  147  147  147  149  148  147  146  145  145  146  154  154  153  153  153   3531
               822   154  154  147  147  154  153  152  154  155  155  156  158  153  155  158  154  154  151  149  151  153  146  144  146   3653
               823   146  149  146  147  152  151  152  150  149  155  157  160  161  163  157  151  147  144  145  150  146  150  150  151   3629
               824   152  151  XXX  XXX  XXX  XXX  XXX  XXX  XXX  138  141  143  144  145  146  144  143  142  144  144  145  152  151  146   XXXX
               825   137  151  146  139  140  142  152  151  151  145  146  146  148  147  146  144  146  151  150  145  149  147  149  150   3518
               826   XXX  XXX  XXX  XXX  XXX  XXX  XXX  XXX  XXX  XXX  XXX  XXX  XXX  150  143  144  146  150  142  145  149  XXX  XXX  XXX   XXXX
               827   142  135  130  129  127  127  133  130  133  136  138  140  142  142  143  143  144  144  143  144  139  137  136  140   3297
               828   148  147  139  150  141  135  143  152  152  145  151  145  144  146  145  142  141  141  141  146  143  143  144  154   3478
               829   150  149  148  148  151  142  149  152  144  148  155  153  151  153  149  148  147  149  145  143  146  151  153  147   3571
               830   143  148  149  148  143  134  133  135  137  140  144  146  147  147  148  145  143  140  137  137  137  137  138  142   3398
               831   146  141  145  138  133  132  133  134  137  139  141  144  145  148  147  145  146  143  140  141  145  143  142  149   3397
              ------------------------------------------------------------------------------------------------------------------------------------
              TOTAL 4517 4498  XXX  XXX  XXX  XXX  XXX  XXX 4538 4579 4653 4672 4697 4703 4662 4622 4607 4573 4526 4526 4498 4538 4507 4523   XXXX
              MEAN   146  145  XXX  XXX  XXX  XXX  XXX  XXX  146  148  150  151  151  152  150  149  149  148  146  146  145  146  145  146   XXXX
              MAX    154  154  XXX  XXX  XXX  XXX  XXX  XXX  157  155  158  160  161  163  158  158  159  156  161  157  154  157  153  154   XXXX
                N     25   20   18   18   18   18   18   18   20   24   27   27   27   29   29   29   29   29   29   29   29   27   27   25     15
              NOTE    *)   *)                                 *)   *)   *)   *)   *)   *)   *)   *)   *)   *)   *)   *)   *)   *)   *)   *)       
                                                                                                                                                  
                   *): WITH MISSING DATA; TOTAL,MEAN,MAXIMUM ESTIMATED                                                                            
                                                                                                                                                  
                                                                                                                                                  
