                                                                                                                                                  
                                                                                                                                                  
                                                               *******************************                                                    
                                                                 DOWNWARD LONGWAVE RADIATION                                                      
                                                               *******************************                                                    
                                                                                                                  COUNTRY = JAPAN                 
                                                                                                                                                  
                                                                                                                                                  
                                                                     UNIT  = 0.01 MJ/m**2                                                         
                        STATION    : Tateno                                                                                                       
                        STATION NO.: 47646                                                                                                        
                        LOCATION   : 140ﾟ08' E                                                                                                    
                                      36ﾟ03' N                                                                                                    
                        ALTITUDE   :   25.2  m                                                                                                    
                        YEAR/MONTH : 1997/06                                                                                                      
                                                                                                                                                  
              DATE   -01  -02  -03  -04  -05  -06  -07  -08  -09  -10  -11  -12  -13  -14  -15  -16  -17  -18  -19  -20  -21  -22  -23  -24  TOTAL
                                                                                                                                                  
               6 1   131  127  122  118  123  126  123  123  137  134  141  135  137  137  138  136  135  132  130  129  125  124  123  122   3108
               6 2   122  123  130  142  140  136  136  143  141  141  141  142  141  143  142  141  137  138  139  138  138  137  140  138   3309
               6 3   136  124  128  130  133  129  135  131  134  133  136  136  134  133  134  134  135  136  135  135  135  136  135  136   3203
               6 4   134  136  135  136  129  137  141  141  142  144  146  147  146  145  143  143  143  144  144  144  XXX  145  145  141   XXXX
               6 5   138  136  134  119  113  113  115  120  118  120  124  125  126  128  138  144  130  132  140  129  125  133  135  137   3072
               6 6   134  135  139  129  126  124  130  142  142  142  141  141  142  139  139  141  138  135  127  117  115  123  130  124   3195
               6 7   110  124  136  129  136  136  128  111  119  123  123  XXX  XXX  XXX  XXX  XXX  XXX  XXX  XXX  XXX  XXX  XXX  XXX  XXX   XXXX
               6 8   121  123  117  115  113  113  113  123  134  135  134  131  127  126  126  132  134  134  133  133  131  131  131  131   3041
               6 9   131  131  132  132  132  133  134  134  135  136  138  139  141  142  143  143  142  142  144  145  XXX  144  144  145   XXXX
               610   146  146  146  146  145  144  144  142  134  136  138  140  142  142  146  152  146  145  139  146  145  144  142  146   3442
               611   146  145  144  143  142  141  140  139  139  139  140  140  140  140  140  140  141  141  141  140  140  139  140  140   3380
               612   140  139  XXX  XXX  XXX  XXX  XXX  XXX  XXX  131  131  XXX  128  127  128  XXX  XXX  XXX  XXX  XXX  XXX  XXX  XXX  XXX   XXXX
               613   137  135  136  127  120  118  125  121  122  127  130  132  133  133  129  127  XXX  XXX  129  130  128  128  124  125   XXXX
               614   127  126  124  120  121  116  119  123  127  127  131  129  127  129  130  125  122  123  126  130  XXX  124  128  128   XXXX
               615   130  131  131  126  121  124  132  133  132  132  136  137  140  143  146  145  143  142  141  140  139  139  138  138   3259
               616   138  137  137  135  130  128  128  128  123  125  127  128  129  133  128  125  123  122  124  127  XXX  XXX  XXX  XXX   XXXX
               617   131  126  120  125  127  131  132  129  130  140  144  144  145  145  144  143  143  134  130  137  130  132  132  131   3225
               618   127  128  130  131  134  138  136  138  136  137  139  140  140  145  145  144  144  142  144  144  144  144  145  142   3337
               619   145  XXX  XXX  XXX  XXX  XXX  XXX  XXX  148  150  151  151  147  149  154  151  149  148  148  146  XXX  145  145  144   XXXX
               620   144  147  148  150  151  151  151  153  XXX  XXX  XXX  XXX  155  155  154  153  152  146  140  139  135  134  134  133   XXXX
               621   133  132  132  131  131  131  133  137  141  138  142  142  144  145  153  150  150  148  149  147  146  145  145  144   3389
               622   144  XXX  XXX  XXX  XXX  XXX  XXX  XXX  XXX  135  136  139  139  140  141  140  140  140  XXX  140  146  144  141  142   XXXX
               623   143  143  140  144  141  144  147  146  147  147  146  146  145  144  142  143  138  132  131  129  129  128  XXX  XXX   XXXX
               624   125  125  125  125  124  123  126  128  131  135  139  142  143  141  141  141  140  137  135  133  XXX  130  129  129   XXXX
               625   129  128  127  127  127  127  128  130  135  140  142  142  146  146  145  146  147  150  147  148  148  146  147  144   3342
               626   145  146  144  141  143  144  145  142  141  143  145  146  145  146  145  145  144  143  141  140  140  139  138  137   3428
               627   136  136  135  135  135  XXX  138  139  142  145  XXX  XXX  XXX  XXX  XXX  XXX  XXX  XXX  XXX  XXX  XXX  XXX  XXX  XXX   XXXX
               628   142  142  141  143  143  144  146  146  147  150  153  152  152  155  156  157  157  154  157  158  156  158  158  157   3624
               629   156  153  150  147  148  148  147  143  140  147  146  141  140  142  137  139  131  127  125  123  XXX  120  120  120   XXXX
               630   119  119  118  116  117  120  122  123  127  131  134  137  139  XXX  XXX  XXX  XXX  XXX  XXX  XXX  XXX  XXX  XXX  XXX   XXXX
              ------------------------------------------------------------------------------------------------------------------------------------
              TOTAL 4040 4011 4002 3957 3939 3945 3993 4008 4050 4101 4152 4182 4194 4215 4230 4245 4206 4161 4128 4116  XXX 4095 4110 4092   XXXX
              MEAN   135  134  133  132  131  132  133  134  135  137  138  139  140  140  141  142  140  139  138  137  XXX  136  137  136   XXXX
              MAX    156  153  150  150  151  151  151  153  148  150  153  152  155  155  156  157  157  154  157  158  XXX  158  158  157   XXXX
                N     30   28   27   27   27   26   27   27   27   29   28   26   28   27   27   26   25   25   25   26   19   25   24   24     15
              NOTE         *)   *)   *)   *)   *)   *)   *)   *)   *)   *)   *)   *)   *)   *)   *)   *)   *)   *)   *)        *)   *)   *)       
                                                                                                                                                  
                   *): WITH MISSING DATA; TOTAL,MEAN,MAXIMUM ESTIMATED                                                                            
                                                                                                                                                  
                                                                                                                                                  
                                                                                                                                                  
