                                                                                                                                                  
                                                                                                                                                  
                                                               *******************************                                                    
                                                                 DOWNWARD LONGWAVE RADIATION                                                      
                                                               *******************************                                                    
                                                                                                                  COUNTRY = JAPAN                 
                                                                                                                                                  
                                                                                                                                                  
                                                                     UNIT  = 0.01 MJ/m**2                                                         
                        STATION    : Tateno                                                                                                       
                        STATION NO.: 47646                                                                                                        
                        LOCATION   : 140ﾟ08' E                                                                                                    
                                      36ﾟ03' N                                                                                                    
                        ALTITUDE   :   25.2  m                                                                                                    
                        YEAR/MONTH : 1997/05                                                                                                      
                                                                                                                                                  
              DATE   -01  -02  -03  -04  -05  -06  -07  -08  -09  -10  -11  -12  -13  -14  -15  -16  -17  -18  -19  -20  -21  -22  -23  -24  TOTAL
                                                                                                                                                  
               5 1   XXX  XXX  XXX  XXX  XXX  XXX  XXX  XXX  XXX  XXX  XXX  XXX  118  119  127  129  118  116  114  113  114  115  114  115   XXXX
               5 2   116  119  121  122  XXX  XXX  XXX  XXX  120  121  122  127  131  127  130  133  133  134  134  129  XXX  XXX  130  XXX   XXXX
               5 3   XXX  XXX  XXX  XXX  XXX  XXX  XXX  XXX  XXX  XXX  XXX  XXX  XXX  XXX  XXX  XXX  XXX  XXX  XXX  XXX  XXX  XXX  XXX  136   XXXX
               5 4   135  135  135  135  135  135  XXX  XXX  XXX  XXX  XXX  XXX  137  138  124  122  122  122  122  121  122  121  XXX  XXX   XXXX
               5 5   XXX  XXX  XXX  XXX  XXX  XXX  XXX  XXX  XXX  129  130  129  129  128  126  125  124  135  127  121  XXX  XXX  XXX  XXX   XXXX
               5 6   XXX  XXX  XXX  XXX  XXX  XXX  XXX  XXX  126  130  134  137  138  138  136  137  136  133  134  133  132  130  126  124   XXXX
               5 7   123  125  XXX  XXX  XXX  XXX  XXX  XXX  XXX  125  125  124  124  122  122  125  XXX  XXX  XXX  142  XXX  XXX  XXX  XXX   XXXX
               5 8   XXX  XXX  XXX  XXX  XXX  XXX  XXX  XXX  XXX  XXX  XXX  142  142  142  143  XXX  XXX  XXX  XXX  XXX  XXX  XXX  XXX  XXX   XXXX
               5 9   XXX  XXX  XXX  XXX  XXX  136  134  131  129  128  128  126  125  124  121  115  105  105  104  103  102  101  101  101   XXXX
               510   100   99   97   96   95   96   98  102  105  110  114  116  115  114  113  112  112  111  111  110  XXX  109  110  111   XXXX
               511   112  115  117  117  117  117  117  117  121  120  122  126  127  125  126  125  119  117  118  118  123  122  120  118   2876
               512   118  118  115  115  113  114  115  116  117  118  118  119  119  118  116  115  114  113  112  111  113  109  108  108   2752
               513   107  107  109  110  112  115  116  118  120  122  131  131  135  137  136  141  142  141  141  141  136  137  135  136   3056
               514   138  138  139  140  141  141  142  143  142  XXX  XXX  XXX  XXX  XXX  XXX  XXX  XXX  XXX  XXX  XXX  XXX  XXX  XXX  XXX   XXXX
               515   XXX  XXX  XXX  XXX  XXX  XXX  XXX  XXX  XXX  XXX  XXX  147  148  145  145  146  150  149  144  134  XXX  148  149  149   XXXX
               516   148  XXX  XXX  XXX  XXX  XXX  XXX  XXX  XXX  136  139  143  145  147  141  136  137  142  147  144  139  133  134  135   XXXX
               517   139  136  137  136  137  146  148  145  144  145  147  144  149  150  143  141  139  137  138  142  142  136  132  134   3387
               518   134  130  129  122  114  110  110  112  114  119  123  128  131  132  134  126  125  125  125  124  123  123  121  120   2954
               519   119  119  119  124  135  126  128  131  131  133  134  134  135  136  138  137  134  133  136  135  134  136  136  135   3158
               520   135  135  136  136  135  135  136  136  136  136  137  136  136  136  135  137  137  138  137  137  XXX  132  132  133   XXXX
               521   135  136  136  134  124  111  129  117  118  129  129  131  129  129  128  133  135  135  133  133  134  134  133  132   3117
               522   128  130  131  131  130  129  128  126  121  122  127  123  118  121  133  131  124  124  130  133  131  129  129  128   3057
               523   128  128  128  129  129  129  128  128  129  131  133  135  135  135  135  135  135  132  121  118  130  130  128  123   3112
               524   132  121  126  133  135  136  137  137  135  138  138  139  140  141  XXX  XXX  XXX  139  141  XXX  XXX  XXX  XXX  XXX   XXXX
               525   XXX  XXX  XXX  XXX  XXX  XXX  XXX  XXX  XXX  XXX  XXX  137  139  138  140  135  129  132  135  140  138  131  130  120   XXXX
               526   122  129  132  129  122  112  122  112  115  119  125  128  129  127  132  130  125  132  138  138  136  134  134  131   3053
               527   130  129  129  129  126  131  XXX  XXX  XXX  XXX  XXX  XXX  XXX  XXX  XXX  XXX  XXX  XXX  XXX  XXX  XXX  XXX  XXX  XXX   XXXX
               528   125  130  110  105  105  106  110  111  114  115  121  122  128  125  123  123  XXX  XXX  117  114  112  113  113  113   XXXX
               529   111  111  112  114  111  111  113  117  122  128  132  132  134  130  123  125  129  124  122  121  121  129  127  126   2925
               530   126  125  123  124  125  123  124  123  123  125  127  128  126  XXX  XXX  123  124  129  134  135  141  141  124  138   XXXX
               531   138  138  128  125  136  131  122  120  126  137  131  132  129  130  128  123  125  130  142  143  142  137  126  133   3152
              ------------------------------------------------------------------------------------------------------------------------------------
              TOTAL 3906 3878 3850 3847 3841 3822  XXX  XXX 3850 3931 3999 4073 4086 4080 4052 4005 3968 4002 4002 3974 3977 3949 3897 3906   XXXX
              MEAN   126  125  124  124  124  123  XXX  XXX  124  127  129  131  132  132  131  129  128  129  129  128  128  127  126  126   XXXX
              MAX    148  138  139  140  141  146  XXX  XXX  144  145  147  147  149  150  145  146  150  149  147  144  142  148  149  149   XXXX
                N     23   22   21   21   20   21   19   19   21   23   23   26   28   27   26   26   24   25   26   26   20   23   23   23     12
              NOTE    *)   *)   *)   *)   *)   *)             *)   *)   *)   *)   *)   *)   *)   *)   *)   *)   *)   *)   *)   *)   *)   *)       
                                                                                                                                                  
                   *): WITH MISSING DATA; TOTAL,MEAN,MAXIMUM ESTIMATED                                                                            
                                                                                                                                                  
                                                                                                                                                  
