                                                                                                                                                  
                                                                                                                                                  
                                                               *******************************                                                    
                                                                 DOWNWARD LONGWAVE RADIATION                                                      
                                                               *******************************                                                    
                                                                                                                  COUNTRY = JAPAN                 
                                                                                                                                                  
                                                                                                                                                  
                                                                     UNIT  = 0.01 MJ/m**2                                                         
                        STATION    : Tateno                                                                                                       
                        STATION NO.: 47646                                                                                                        
                        LOCATION   : 140ﾟ08' E                                                                                                    
                                      36ﾟ03' N                                                                                                    
                        ALTITUDE   :   25.2  m                                                                                                    
                        YEAR/MONTH : 1997/09                                                                                                      
                                                                                                                                                  
              DATE   -01  -02  -03  -04  -05  -06  -07  -08  -09  -10  -11  -12  -13  -14  -15  -16  -17  -18  -19  -20  -21  -22  -23  -24  TOTAL
                                                                                                                                                  
               9 1   148  146  142  147  144  154  152  142  149  155  152  149  149  148  150  149  147  146  145  144  143  143  142  142   3528
               9 2   141  141  141  141  143  141  141  142  145  147  149  149  149  149  149  147  145  143  142  141  141  141  141  143   3452
               9 3   147  144  140  140  141  146  150  153  154  154  153  157  159  153  153  152  150  154  154  155  156  157  154  154   3630
               9 4   157  146  142  142  143  142  143  145  151  XXX  XXX  XXX  152  152  153  153  153  152  152  151  151  150  148  142   XXXX
               9 5   132  143  148  146  142  140  143  137  149  150  153  151  151  151  150  143  136  133  132  132  132  132  132  140   3398
               9 6   137  132  131  133  133  132  132  134  137  143  148  151  148  146  145  145  146  149  142  139  142  145  142  147   3379
               9 7   146  143  146  148  150  151  153  154  150  154  153  155  153  153  154  152  150  149  148  146  145  144  144  144   3585
               9 8   143  141  147  151  151  151  150  151  154  157  158  159  155  153  152  151  151  148  143  138  144  144  147  148   3587
               9 9   150  149  150  150  150  149  149  151  152  152  152  153  154  154  154  154  153  153  153  153  153  151  147  152   3638
               910   148  147  151  150  151  148  140  147  147  150  144  143  144  XXX  156  147  139  136  135  135  135  134  132  134   XXXX
               911   141  137  135  138  133  140  142  137  136  139  140  140  148  146  145  145  139  137  135  132  132  132  133  134   3316
               912   134  135  136  137  145  145  136  144  149  146  155  153  150  149  145  139  143  142  140  146  144  146  148  149   3456
               913   149  148  149  148  148  148  148  148  149  148  149  149  148  148  148  148  147  147  147  146  146  146  146  146   3544
               914   146  146  146  146  146  146  146  148  148  149  150  150  151  151  150  149  149  149  148  148  147  147  146  145   3547
               915   144  144  143  142  142  142  142  142  142  142  141  141  141  141  142  141  139  141  139  135  136  137  136  135   3370
               916   139  140  139  139  139  139  139  140  141  141  141  142  143  144  143  143  142  142  142  142  142  142  142  143   3389
               917   143  142  142  143  145  145  144  146  148  146  146  149  153  156  153  152  150  154  156  149  153  154  152  152   3573
               918   147  141  139  138  135  138  150  154  154  156  155  155  156  154  156  155  152  152  152  152  152  153  153  152   3601
               919   150  152  152  153  152  153  154  154  144  146  154  154  148  147  146  148  148  140  130  125  124  120  118  117   3429
               920   120  118  120  129  127  124  118  125  127  134  137  131  133  133  140  139  134  141  130  131  133  136  142  143   3145
               921   143  143  143  143  144  145  144  144  143  144  146  147  148  147  147  147  147  147  146  146  146  145  145  144   3484
               922   144  143  143  142  142  142  142  142  142  142  140  131  139  143  143  142  135  141  141  140  138  137  139  137   3370
               923   136  137  137  136  137  134  138  141  141  140  142  142  141  141  142  140  138  137  138  137  137  136  136  137   3321
               924   131  136  134  119  121  115  116  124  122  133  136  135  135  138  142  128  128  132  119  119  131  132  129  133   3088
               925   128  131  131  136  136  137  138  138  138  130  142  142  142  138  133  128  127  132  135  134  134  135  139  138   3242
               926   134  132  133  136  136  137  139  139  140  142  143  143  143  141  141  141  141  140  140  137  137  138  139  141   3333
               927   141  142  141  139  134  133  132  135  134  134  135  132  131  129  131  128  123  123  122  120  118  116  116  115   3104
               928   115  118  XXX  XXX  XXX  XXX  125  127  128  XXX  131  134  131  119  121  122  125  128  112  109  108  107  107  106   XXXX
               929   105  105  113  107  106  109  106  113  115  108  110  113  114  115  116  117  120  133  121  124  130  132  135  134   2801
               930   136  135  136  134  131  122  120  118  117  114  113  114  117  118  120  121  126  135  120  113  110  111  121  119   2921
              ------------------------------------------------------------------------------------------------------------------------------------
              TOTAL 4175 4157 4191 4194 4188 4188 4172 4215 4246 4281 4311 4308 4326 4299 4320 4266 4223 4256 4159 4119 4140 4143 4151 4166 101367
              MEAN   139  139  140  140  140  140  139  141  142  143  144  144  144  143  144  142  141  142  139  137  138  138  138  139   3379
              MAX    157  152  152  153  152  154  154  154  154  157  158  159  159  156  156  155  153  154  156  155  156  157  154  154   3638
                N     30   30   29   29   29   29   30   30   30   28   29   29   30   29   30   30   30   30   30   30   30   30   30   30     27
              NOTE              *)   *)   *)   *)                  *)   *)   *)        *)                                                       *)
                                                                                                                                                  
                   *): WITH MISSING DATA; TOTAL,MEAN,MAXIMUM ESTIMATED                                                                            
                                                                                                                                                  
                                                                                                                                                  
                                                                                                                                                  
