                                                                                                                                                  
                                                                                                                                                  
                                                               *******************************                                                    
                                                                 DOWNWARD LONGWAVE RADIATION                                                      
                                                               *******************************                                                    
                                                                                                                  COUNTRY = JAPAN                 
                                                                                                                                                  
                                                                                                                                                  
                                                                     UNIT  = 0.01 MJ/m**2                                                         
                        STATION    : Tateno                                                                                                       
                        STATION NO.: 47646                                                                                                        
                        LOCATION   : 140ﾟ08' E                                                                                                    
                                      36ﾟ03' N                                                                                                    
                        ALTITUDE   :   25.2  m                                                                                                    
                        YEAR/MONTH : 1997/11                                                                                                      
                                                                                                                                                  
              DATE   -01  -02  -03  -04  -05  -06  -07  -08  -09  -10  -11  -12  -13  -14  -15  -16  -17  -18  -19  -20  -21  -22  -23  -24  TOTAL
                                                                                                                                                  
              11 1   116  115  111   91   88   88   88   90   92   93   94   95   97   98   99   99   98   96   94   93   92   92   91   91   2301
              11 2    90   89   88   87   87   87   88   89   91   94   96   99  105  107  112  111  113  107  111  120  129  127  127  129   2483
              11 3   129  127  129  130  131  130  107  125  113  122  133  127  121  113  115  112  121  125  117  116  117  124  134  130   2948
              11 4   122  114  123  114  111  122  122  132  130  120  122  120  116  116  121  112  109  107  106  106  107  107  108  118   2785
              11 5   124  116  109  116  122  116  104  106  109  111  110  110  110  111  113  114  112  130  131  129  130  122  111   97   2763
              11 6    96   95   94   93   92   92   92   93   95   97  100  100  101  101  102  101  102  101  100  101  101   99   97   95   2340
              11 7    94   94   93   92   91   91   91   92   94   96   97   98   99  100  101  101  100   99   98   98   97   96   96   96   2304
              11 8    95   95   94   97   96   98   99  101   99  102  102   99   97   99   98   98   97   97   98   97   97   99   99   97   2350
              11 9    95   93   93   92   92   92   91   91   94   97   98  100  100  101  101  101  101  100   99   98   98   96   96   95   2314
              1110    95   95   95   94   94   94   94   94   97   99  101  103  104  105  106  110  124  113  123  130  131  121  124  108   2554
              1111   105  102  101  100   99   97   96   97  106  106  105  105  105  104  105  105  103  102  100  100  100  100   99   99   2441
              1112   100   99   99  108  112  112  113  105  112  107  107  109  111  112  113  113  111  109  108  108  109  110  109  109   2605
              1113   108  107  113  120  126  129  130  132  132  131  129  131  132  133  121  123  131  131  131  131  131  132  130  132   3046
              1114   132  132  132  132  132  131  130  XXX  132  133  134  133  135  135  135  135  135  135  135  134  135  135  XXX  XXX   XXXX
              1115   XXX  XXX  XXX  XXX  XXX  XXX  XXX  XXX  XXX  XXX  XXX  XXX  127  125  124  130  131  123  114  113  117  125  128  127   XXXX
              1116   130  130  131  130  130  130  130  128  121  125  115  121  129  130  121  118  128  130  131  131  132  131  131  XXX   XXXX
              1117   XXX  XXX  XXX  XXX  XXX  XXX  XXX  XXX  XXX  XXX  XXX  XXX  XXX  XXX  XXX  XXX  XXX  XXX  XXX  XXX  XXX  XXX  XXX  XXX   XXXX
              1118   XXX  XXX  XXX  XXX  XXX  XXX  XXX   99  100  101  101  102  100   99   99   99  107   93   92   90   90   88   88   88   XXXX
              1119    87   87   88   88   88   87   87   88   90   92   93   94   94   95   95   96   95   95   95   95   95   95   94   93   2206
              1120    92   92   93  106  113  108  101  109  117  119  112  124  126  126  127  127  127  125  128  128  128  128  128  128   2812
              1121   128  129  129  128  128  129  XXX  XXX  XXX  XXX  XXX  135  131  126  127  127  133  135  135  136  136  136  136  XXX   XXXX
              1122   XXX  XXX  XXX  XXX  XXX  XXX  XXX  XXX  XXX  XXX  XXX  XXX  XXX  XXX  XXX  XXX  XXX  XXX  XXX  XXX  XXX  XXX  XXX  XXX   XXXX
              1123   XXX  XXX  XXX  XXX  XXX  XXX  XXX  XXX  XXX  XXX  XXX  XXX  XXX  XXX  XXX  XXX  XXX  XXX  XXX  XXX  XXX   93   94   96   XXXX
              1124   105  102  105  109   98   90  XXX   89   90   91   92   93   94   94   94   94   94   94   94   93   94   95   94   94   XXXX
              1125    94   92   92   91   91   90   90   91   92   94   97  106  118  103  104  106  107  107  110  116  122  122  119  119   2473
              1126   127  128  124  125  125  126  126  127  126  126  128  130  130  133  XXX  XXX  XXX  XXX  XXX  XXX  144  144  146  146   XXXX
              1127   142  142  XXX  XXX  XXX  125  127  120  116  117  122  118  119  118  117  117  123  135  133  108  104  102  101  100   XXXX
              1128   100   98  108  105  118  108  105  108  108  121  123  121  125  122  120  116  119  119  119  119  119  119  120  121   2761
              1129   122  123  123  128  XXX  XXX  XXX  XXX  XXX  XXX  XXX  XXX  XXX  XXX  XXX  XXX  XXX  XXX  XXX  XXX  XXX  XXX  XXX  XXX   XXXX
              1130   XXX  XXX  140  135  135  136  138  131  129  119  116  124  126  132  119  106  103  100  100   99  104  104  112  119   XXXX
              ------------------------------------------------------------------------------------------------------------------------------------
              TOTAL 3285 3246 3258 3264 3261 3261 3204 3180 3231 3267 3285 3357 3405 3390 3348 3324 3390 3369 3363 3348 3414 3381 3360 3285   XXXX
              MEAN   110  108  109  109  109  109  107  106  108  109  109  112  114  113  112  111  113  112  112  112  114  113  112  109   XXXX
              MAX    142  142  140  135  135  136  138  132  132  133  134  135  135  135  135  135  135  135  135  136  144  144  146  146   XXXX
                N     24   24   24   24   23   24   22   23   24   24   24   25   26   26   25   25   25   25   25   25   26   27   26   24     17
              NOTE    *)   *)   *)   *)   *)   *)   *)   *)   *)   *)   *)   *)   *)   *)   *)   *)   *)   *)   *)   *)   *)   *)   *)   *)       
                                                                                                                                                  
                   *): WITH MISSING DATA; TOTAL,MEAN,MAXIMUM ESTIMATED                                                                            
                                                                                                                                                  
                                                                                                                                                  
                                                                                                                                                  
