                                                                                                                                                  
                                                                                                                                                  
                                                               *******************************                                                    
                                                                 DOWNWARD LONGWAVE RADIATION                                                      
                                                               *******************************                                                    
                                                                                                                  COUNTRY = JAPAN                 
                                                                                                                                                  
                                                                                                                                                  
                                                                     UNIT  = 0.01 MJ/m**2                                                         
                        STATION    : Tateno                                                                                                       
                        STATION NO.: 47646                                                                                                        
                        LOCATION   : 140ﾟ08' E                                                                                                    
                                      36ﾟ03' N                                                                                                    
                        ALTITUDE   :   25.2  m                                                                                                    
                        YEAR/MONTH : 1997/12                                                                                                      
                                                                                                                                                  
              DATE   -01  -02  -03  -04  -05  -06  -07  -08  -09  -10  -11  -12  -13  -14  -15  -16  -17  -18  -19  -20  -21  -22  -23  -24  TOTAL
                                                                                                                                                  
              12 1   122  107   96   98  115  100  104  119  120  122  125  125  126  126  126  126  124  125  122  125  126  125  125  125   2854
              12 2   123  122  122  123  XXX  XXX  XXX  XXX  XXX  XXX  XXX  XXX  XXX  XXX  XXX  XXX  XXX  XXX  XXX  XXX  XXX  XXX  XXX  XXX   XXXX
              12 3   XXX  XXX   80   79   77   77   77   78   79   80   80   82   82   80   79   79   79   78   78   78   77   77   77   77   XXXX
              12 4    77   77   77   76   77   78   78   79   83   82   83   84   84   86   87   88   88   87   87   87   87   87   85   87   1991
              12 5    97   99  106   98   97   95   98   87   85   87   88   90   91   92   93   93   93   93   93   92   92  104  108   98   2269
              12 6   111  101   96   95   91  102   92   93   95   95  110  109  108  110  117  121  123  108  104  115  119  126  125  125   2591
              12 7   127  124  128  130  130  125  123  129  130  131  132  133  133  133  134  135  135  135  135  134  134  135  136  134   3155
              12 8   121  120  122  128  129  XXX  XXX  XXX  XXX  XXX  XXX  XXX  XXX  139  139  140  138  136  135  134  134  133  129  133   XXXX
              12 9   133  133  XXX  XXX  XXX  XXX  XXX  XXX  XXX  XXX  XXX  XXX  XXX  XXX  XXX  XXX  XXX  XXX  XXX  XXX  XXX  XXX  XXX  XXX   XXXX
              1210   XXX  XXX  XXX  XXX  XXX  XXX  XXX  XXX  XXX  XXX  XXX  XXX  XXX  XXX  XXX  XXX  XXX  XXX  XXX  XXX  XXX  XXX   80   81   XXXX
              1211    80   79   78   78   77   77   77   78   79   82   84   86   86   87   88   87   87   85   84   85   85   86   87   86   1988
              1212    83   82   80   80   80   81  XXX   83   84   85   85   85   86   87   87   88   90   95   94   91   93   99   94   88   XXXX
              1213    84   83   82   82   83   83   82   82   83   84   85   86   87   88   88   89   88  106  103   86   85   84   84   83   2070
              1214    83   84   87   93  101   94   86   83   84   86   87   88   94  101  100   99   96   94   89   89   91  106  110  111   2236
              1215   105   90   86   85   85   85   85   84   85   86   88   90   92   94   95   95   95   95   94   93   92   91   90   90   2170
              1216    88   87   87   86   86   86   86   86   87   88   90   91   92   93   93   92   91   91   90   90   90   90   90   88   2138
              1217    89   96   91   91  107  104  110  114  117  117  119  122  124  125  125  126  126  126  124  XXX  XXX  XXX  XXX  XXX   XXXX
              1218   XXX  XXX  XXX  XXX  XXX  XXX  XXX  XXX  XXX  XXX  XXX  XXX  XXX  XXX  103  105  104  101  100  100   99   98   96   94   XXXX
              1219    92   92   92   92   91   91   90   88   89   91   93   96   98   99  100  100  100  101  111  115  114  117  108  107   2367
              1220   109  109  105   99   94   91   90   89   90   92   93  103  107  110  112  113  113  113  114  113  110  103   97   95   2464
              1221    96   96   95  101  111  110   98  110  112  100   96   96   96   96   95   93   89   87   87   85   83   82   82   82   2278
              1222    81   81   80   80   80   79   81   84   86   91   94   98  101  105  104  106  103  103  102  101  102  102  108  115   2267
              1223   115  115  115  114  114  XXX  XXX  XXX  XXX  XXX  XXX  XXX  XXX  XXX  XXX  XXX  XXX  XXX  XXX  XXX  XXX  XXX  XXX  XXX   XXXX
              1224   XXX  XXX  XXX  XXX  XXX  XXX  XXX  XXX  XXX  XXX  XXX  XXX  XXX  XXX   97   92   88   86   85   85   85   84   84   83   XXXX
              1225    82   82   81   80   80   81   79   79   81   82   83   85  XXX  XXX  XXX  XXX  XXX  XXX  XXX  XXX  XXX  XXX  XXX  XXX   XXXX
              1226   XXX  XXX  XXX  XXX  XXX  XXX  XXX  XXX  XXX  XXX  XXX  XXX  XXX  XXX  123  123  108  109  114  113  114  113  114  116   XXXX
              1227   117  117  108   99  106  115  117  120  121  123  125  125  125  126  113  102  101   99   97   97   96   95   94   93   2631
              1228    91   90   89   88   87   88   89   90   90   92   94   94   96  100  100  106  118  113   99  105   93   97   97   94   2300
              1229    99   95   85   83   82   81   80   80   81   82   83   84   85   85   85   86   86   86   88   89   95   96  101  114   2111
              1230   115  116  114  117  116  117  117  117  116  117  117  117  118  122  123  121  121  120  120  XXX  XXX  XXX  XXX  XXX   XXXX
              1231   XXX  XXX  XXX  XXX  XXX  XXX  XXX  XXX  XXX  XXX  XXX  XXX  XXX  XXX  XXX   87   86   86   85   85   84   83   85   85   XXXX
              ------------------------------------------------------------------------------------------------------------------------------------
              TOTAL 3125 3072 2954 2945 2967 2874 2861 2892 2926 2951 3007 3057 3116 3218 3230 3209 3184 3168 3140 3085 3075 3116 3081 3081   XXXX
              MEAN   101   99   95   95   96   93   92   93   94   95   97   99  101  104  104  104  103  102  101   99   99  101   99   99   XXXX
              MAX    133  133  128  130  130  125  123  129  130  131  132  133  133  139  139  140  138  136  135  134  134  135  136  134   XXXX
                N     25   25   25   25   24   22   21   22   22   22   22   22   21   22   25   26   26   26   26   24   24   24   25   25     17
              NOTE    *)   *)   *)   *)   *)   *)   *)   *)   *)   *)   *)   *)   *)   *)   *)   *)   *)   *)   *)   *)   *)   *)   *)   *)       
                                                                                                                                                  
                   *): WITH MISSING DATA; TOTAL,MEAN,MAXIMUM ESTIMATED                                                                            
                                                                                                                                                  
                                                                                                                                                  
