                                                                                                                                                  
                                                                                                                                                  
                                                               *******************************                                                    
                                                                 DOWNWARD LONGWAVE RADIATION                                                      
                                                               *******************************                                                    
                                                                                                                  COUNTRY = JAPAN                 
                                                                                                                                                  
                                                                                                                                                  
                                                                     UNIT  = 0.01 MJ/m**2                                                         
                        STATION    : Tateno                                                                                                       
                        STATION NO.: 47646                                                                                                        
                        LOCATION   : 140ﾟ08' E                                                                                                    
                                      36ﾟ03' N                                                                                                    
                        ALTITUDE   :   25.2  m                                                                                                    
                        YEAR/MONTH : 1998/05                                                                                                      
                                                                                                                                                  
              DATE   -01  -02  -03  -04  -05  -06  -07  -08  -09  -10  -11  -12  -13  -14  -15  -16  -17  -18  -19  -20  -21  -22  -23  -24  TOTAL
                                                                                                                                                  
               5 1   128  130  132  132  130  128  129  124  128  138  135  131  133  140  138  134  126  124  118  116  117  123  139  128   3101
               5 2   138  127  140  140  137  132  136  138  144  134  134  133  136  150  149  150  137  146  151  152  153  153  150  143   3403
               5 3   143  145  151  154  153  152  151  151  153  154  155  158  157  156  155  152  151  155  142  139  139  137  134  132   3569
               5 4   131  130  129  129  128  128  129  127  125  128  114  107  114  118  132  127  131  125  129  130  130  130  129  128   3028
               5 5   127  127  109  114  129  127  130  131  129  122  114  116  130  130  132  126  127  133  126  126  130  131  129  137   3032
               5 6   139  139  139  140  140  140  141  142  144  145  147  148  149  144  138  133  133  131  130  130  135  149  151  151   3378
               5 7   150  151  151  151  150  147  146  147  148  135  132  134  135  137  140  144  149  142  138  145  148  149  148  148   3465
               5 8   147  147  146  147  147  149  150  151  148  145  146  148  151  148  150  149  150  155  151  148  149  146  144  142   3554
               5 9   142  140  139  139  140  138  133  125  133  134  130  114  116  115  113  113  115  117  125  130  131  138  138  139   3097
               510   139  140  140  137  137  137  133  135  133  133  133  133  134  135  134  136  136  137  134  136  136  130  133  133   3244
               511   131  131  125  113  104  104  115  112  123  117  125  127  128  130  130  131  133  133  131  131  132  132  132  134   3004
               512   135  135  136  136  136  137  137  138  139  140  141  142  141  141  142  143  143  144  145  145  147  147  146  148   3384
               513   151  154  152  148  149  148  150  150  151  149  142  139  147  140  139  144  143  147  145  144  143  142  140  139   3496
               514   139  139  138  138  138  137  136  135  136  137  137  136  133  123  112  113  121  120  121  128  128  129  122  123   3119
               515   116  112  107  107  106  106  107  108  110  112  115  112  115  115  115  115  116  115  114  114  112  112  111  113   2685
               516   115  115  113  112  113  114  113  115  117  123  124  124  125  119  116  121  128  133  131  140  140  140  139  141   2971
               517   142  143  141  145  146  146  147  148  148  149  147  147  148  149  148  138  148  155  147  145  153  146  140  141   3507
               518   143  139  140  139  138  139  143  149  153  XXX  XXX  XXX  XXX  XXX  XXX  XXX  147  XXX  XXX  XXX  XXX  150  148  147   XXXX
               519   146  146  146  146  147  148  148  149  147  147  146  144  142  134  131  130  127  126  137  137  141  143  141  140   3389
               520   141  141  141  137  120  118  120  120  126  129  125  124  125  125  125  125  127  125  121  120  120  120  119  117   3011
               521   116  115  115  114  112  112  113  114  116  119  121  124  125  125  125  125  125  125  125  124  124  123  121  120   2878
               522   119  118  117  117  117  117  117  117  118  117  117  117  117  117  117  117  117  118  118  117  118  119  120  120   2823
               523   119  119  119  136  143  140  141  138  146  137  137  138  138  135  134  138  133  130  129  125  124  123  122  121   3165
               524   122  124  127  124  127  127  132  139  142  144  146  148  150  150  150  150  148  146  146  147  148  148  149  150   3384
               525   150  151  154  156  157  158  157  152  147  148  142  151  152  152  152  152  153  152  153  151  150  148  148  146   3632
               526   142  141  140  140  139  138  138  138  137  136  136  137  139  140  139  139  139  138  138  137  137  138  138  139   3323
               527   139  140  140  140  140  140  140  140  141  142  141  143  141  143  136  123  121  121  121  118  119  121  120  119   3189
               528   122  129  124  116  115  115  116  123  118  118  118  118  116  116  120  123  123  121  122  124  130  131  136  140   2934
               529   138  137  139  140  140  141  XXX  XXX  XXX  XXX  150  152  154  153  152  151  151  151  151  151  151  151  149  XXX   XXXX
               530   XXX  XXX  XXX  XXX  XXX  XXX  XXX  XXX  XXX  XXX  XXX  XXX  150  XXX  XXX  XXX  XXX  136  142  151  150  151  148  148   XXXX
               531   151  146  146  147  144  139  135  119  121  120  118  118  118  114  115  116  118  119  122  129  123  128  131  132   3069
              ------------------------------------------------------------------------------------------------------------------------------------
              TOTAL 4197 4185 4170 4170 4157 4135 4151 4142 4191 4154 4135 4129 4194 4163 4148 4123 4151 4154 4135 4163 4194 4228 4215 4194  99460
              MEAN   135  135  135  134  134  133  134  134  135  134  133  133  135  134  134  133  134  134  133  134  135  136  136  135   3208
              MAX    151  154  154  156  157  158  157  152  153  154  155  158  157  156  155  152  153  155  153  152  153  153  151  151   3632
                N     30   30   30   30   30   30   29   29   29   28   29   29   30   29   29   29   30   30   30   30   30   31   31   30     28
              NOTE    *)   *)   *)   *)   *)   *)   *)   *)   *)   *)   *)   *)   *)   *)   *)   *)   *)   *)   *)   *)   *)             *)     *)
                                                                                                                                                  
                   *): WITH MISSING DATA; TOTAL,MEAN,MAXIMUM ESTIMATED                                                                            
                                                                                                                                                  
                                                                                                                                                  
