                                                                                                                                                  
                                                                                                                                                  
                                                               *******************************                                                    
                                                                 DOWNWARD LONGWAVE RADIATION                                                      
                                                               *******************************                                                    
                                                                                                                  COUNTRY = JAPAN                 
                                                                                                                                                  
                                                                                                                                                  
                                                                     UNIT  = 0.01 MJ/m**2                                                         
                        STATION    : Tateno                                                                                                       
                        STATION NO.: 47646                                                                                                        
                        LOCATION   : 140ﾟ08' E                                                                                                    
                                      36ﾟ03' N                                                                                                    
                        ALTITUDE   :   25.2  m                                                                                                    
                        YEAR/MONTH : 1998/10                                                                                                      
                                                                                                                                                  
              DATE   -01  -02  -03  -04  -05  -06  -07  -08  -09  -10  -11  -12  -13  -14  -15  -16  -17  -18  -19  -20  -21  -22  -23  -24  TOTAL
                                                                                                                                                  
              10 1   XXX  XXX  XXX  XXX  XXX  XXX  XXX  XXX  XXX  XXX  XXX  XXX  XXX  XXX  XXX  XXX  XXX  XXX  XXX  XXX  XXX  XXX  XXX  XXX   XXXX
              10 2   XXX  XXX  XXX  XXX  XXX  XXX  XXX  XXX  XXX  XXX  XXX  XXX  XXX  XXX  XXX  XXX  XXX  XXX  XXX  XXX  XXX  XXX  XXX  XXX   XXXX
              10 3   XXX  XXX  XXX  XXX  XXX  117  118  120  122  123  125  126  126  131  146  144  143  139  139  126  125  126  143  146   XXXX
              10 4   147  146  144  131  135  126  123  124  126  127  128  129  130  132  134  137  135  131  132  136  140  143  131  132   3199
              10 5   131  130  138  140  142  140  140  136  137  140  142  141  144  144  143  145  143  143  142  142  141  142  137  124   3347
              10 6   135  143  144  142  144  147  148  150  147  147  XXX  XXX  148  151  153  156  156  155  153  151  145  132  131  140   XXXX
              10 7   143  140  136  127  139  139  131  129  136  139  143  145  142  145  146  146  146  148  155  157  155  151  153  156   3447
              10 8   157  158  159  158  157  161  162  159  155  150  140  125  132  134  136  134  139  134  126  123  121  121  119  120   3380
              10 9   118  116  115  114  113  113  114  115  118  119  121  123  124  124  125  125  125  124  123  122  123  121  120  120   2875
              1010   120  119  118  118  118  118  117  122  123  128  129  131  131  133  134  139  136  127  124  120  118  118  117  114   2972
              1011   113  111  109  109  108  107  107  108  108  109  110  111  112  112  112  113  112  111  111  110  110  109  109  109   2640
              1012   107  107  110  112  107  108  108  108  114  113  113  116  118  119  117  123  126  127  127  125  126  125  126  127   2809
              1013   126  128  126  121  126  127  128  126  126  134  XXX  138  138  140  139  145  141  137  140  143  145  145  152  152   XXXX
              1014   151  147  XXX  XXX  XXX  XXX  XXX  152  145  XXX  145  148  148  147  146  147  147  148  148  144  140  143  148  145   XXXX
              1015   138  142  150  148  143  156  155  143  139  XXX  XXX  138  141  144  150  151  149  142  144  146  144  141  142  144   XXXX
              1016   148  148  151  XXX  XXX  XXX  XXX  XXX  XXX  XXX  XXX  XXX  XXX  XXX  XXX  XXX  XXX  XXX  XXX  XXX  XXX  XXX  XXX  155   XXXX
              1017   160  158  154  153  154  154  153  152  149  144  146  146  146  145  145  141  144  148  147  146  145  146  148  150   3574
              1018   151  155  159  165  160  163  157  159  160  154  158  XXX  XXX  144  144  143  141  140  140  141  148  150  143  137   XXXX
              1019   135  143  147  150  150  148  147  140  138  128  137  147  137  137  135  136  136  132  126  124  124  134  137  133   3301
              1020   139  141  140  141  139  136  125  137  121  124  130  142  141  136  134  134  133  132  128  129  128  127  130  128   3195
              1021   127  128  128  128  128  128  128  129  129  130  131  133  134  132  132  132  132  133  133  133  133  132  132  133   3138
              1022   133  133  134  133  133  133  133  134  134  131  130  134  134  138  133  124  121  119  119  119  116  117  111  111   3057
              1023   128  131  127  110  120  127  118  121  125  127  136  133  139  137  136  132  128  133  134  133  133  129  127  126   3090
              1024   126  128  128  129  131  131  131  131  131  130  133  131  133  134  135  132  135  133  129  131  133  132  113  106   3106
              1025   106  105  104  104  103  103  104  105  108  110  112  113  114  115  116  115  115  114  113  112  117  131  119  114   2672
              1026   122  125  115  112  109  109  111  116  117  117  118  119  121  124  126  125  123  124  124  122  115  116  116  118   2844
              1027   118  119  119  118  118  118  118  118  119  124  131  132  131  123  125  128  123  121  135  135  135  136  136  135   3015
              1028   134  135  134  127  131  120  111  106  108  109  109  111  113  113  115  118  119  119  118  117  124  126  128  127   2872
              1029   121  123  124  125  130  131  133  133  137  138  139  140  140  144  136  137  123  124  133  131  128  124  122  118   3134
              1030   117  117  124  127  119  115  117  118  123  120  122  130  134  136  140  128  119  119  129  135  129  133  132  137   3020
              1031   138  138  138  136  131  123  120  116  116  117  121  119  121  122  122  122  122  123  121  119  117  123  118  116   2959
              ------------------------------------------------------------------------------------------------------------------------------------
              TOTAL 4086 4111 4104 4027 4039 4018 3968 3993 3999 3974 4030 4055 4101 4135 4157 4154 4111 4073 4089 4064 4049 4067 4030 4033  95319
              MEAN   132  133  132  130  130  130  128  129  129  128  130  131  132  133  134  134  133  131  132  131  131  131  130  130   3075
              MAX    160  158  159  165  160  163  162  159  160  154  158  148  148  151  153  156  156  155  155  157  155  151  153  156   3574
                N     28   28   27   26   26   27   27   28   28   26   25   26   27   28   28   28   28   28   28   28   28   28   28   29     22
              NOTE    *)   *)   *)   *)   *)   *)   *)   *)   *)   *)   *)   *)   *)   *)   *)   *)   *)   *)   *)   *)   *)   *)   *)   *)     *)
                                                                                                                                                  
                   *): WITH MISSING DATA; TOTAL,MEAN,MAXIMUM ESTIMATED                                                                            
                                                                                                                                                  
                                                                                                                                                  
