                                                                                                                                                  
                                                                                                                                                  
                                                               *******************************                                                    
                                                                 DOWNWARD LONGWAVE RADIATION                                                      
                                                               *******************************                                                    
                                                                                                                  COUNTRY = JAPAN                 
                                                                                                                                                  
                                                                                                                                                  
                                                                     UNIT  = 0.01 MJ/m**2                                                         
                        STATION    : Tateno                                                                                                       
                        STATION NO.: 47646                                                                                                        
                        LOCATION   : 140ﾟ08' E                                                                                                    
                                      36ﾟ03' N                                                                                                    
                        ALTITUDE   :   25.2  m                                                                                                    
                        YEAR/MONTH : 1998/11                                                                                                      
                                                                                                                                                  
              DATE   -01  -02  -03  -04  -05  -06  -07  -08  -09  -10  -11  -12  -13  -14  -15  -16  -17  -18  -19  -20  -21  -22  -23  -24  TOTAL
                                                                                                                                                  
              11 1   115  118  130  127  121  123  120  137  129  130  131  134  133  130  126  119  117  116  117  116  115  115  111  111   2941
              11 2   111  110  111  113  113  116  119  120  124  124  124  125  128  130  129  128  122  127  124  124  125  131  130  133   2941
              11 3   134  137  135  129  127  125  123  121  112  108  111  113  114  117  117  117  116  115  115  114  113  112  114  134   2873
              11 4   135  127  113  112  118  122  128  136  140  136  130  122  120  131  133  127  129  134  133  132  130  127  126  125   3066
              11 5   123  123  121  119  116  115  110  XXX  106  104  107  109  111  111  112  109  109  109  107  126  127  120  122  125   XXXX
              11 6   125  125  123  123  116  122  123  123  115  123  116  124  123  126  118  105  107  110  114  116  118  121  123  125   2864
              11 7   118  120  123  122  125  127  127  128  123  122  123  125  126  124  124  124  122  121  114  108  106  106  105  104   2867
              11 8   103  102  101  103  115  121  106  105  107  107  109  110  111  112  113  114  113  111  111  110  111  111  111  115   2632
              11 9   113  111  113  121  114  112  113  112  105  106  109  115  117  120  121  119  122  122  120  109  110  112  114  106   2736
              1110   104  105  104  103  102  100   99  108  119  116  107  106  105  105  116  118  114  113  112  115  120  124  126  122   2663
              1111   116  118  123  127  127  128  128  128  129  127  129  127  117  115  109  106  105  105  104  104  103  102  101  100   2778
              1112    99   99   98   96   95   94   92   93   94   94   94   93   94   96   96   96   95   95   94   94   94   95   94   94   2278
              1113    94   94   94  113  119  113  109  101  108  101  103  107  108  114  110  116  118  119  117  108  115  114  116  113   2624
              1114   109  104   95   94   94   93   92   91   93   95   98  101  103  106  108  109  110  108  107  106  105  105  104  103   2433
              1115   103  101  100   99   99   99   98  100  103  106  108  110  111  112  112  112  110  108  108  108  108  108  105  103   2531
              1116   101   99   99   97   96   97   96   98  100  101  103  107  106  109  115  112  107  110  116  119  127  133  137  134   2619
              1117   137  141  139  140  122  128  XXX  122  121  XXX  121  126  128  128  128  129  126  122  120  116  104   99   95   94   XXXX
              1118    93   94   93   91   92   96  102  102  103   98  101  101  103  105  108  111  113  106   99   90   90   89   88   87   2355
              1119    87   85   84   84   84   85   87   93   99  100  100   98   94   95   94   93   93   93   95   94   97   97   92   89   2212
              1120    89   87   86   85   84   83   83   83   85   87   89   90   91   93   92   92   92   92   92   93   93   93   92   90   2136
              1121    89   87   86   86   86   86   86   87   88   90   91   92   94   96   99  105  104  110  109  109  109  110  110  106   2315
              1122   104  100   95   95   97   92   89   87   95   94   97  114  117  118  118  118  118  119  120  120  119  118  119  120   2583
              1123   120  121  120  120  120  120  120  119  120  111   95  101   99   96   97   97   97   96   96   95   94   93   93   92   2532
              1124    91   91   89   89   89   90   90   89   92   94   95   97  102  105  111  119  112  103  101  101  101  101   99   97   2348
              1125    95   94   94   92   91   91   89   89   91   91   92   94   93   94   96   96   91   90   88   88   89   87   88   85   2188
              1126    85   86   88   88   85   84   85   85   87   88   89   90   90   91   91   92   93   93   93   93   94   95   98  100   2163
              1127   117  117  101   92   93   92   93   97   97  101  103  109  112  117  117  116  114  114  112  108  110  104  100  106   2542
              1128   117  114  112  121  123  120  115  XXX   96   98  100  102  103  105  107   99   96   94   92   90   89   88   88   87   XXXX
              1129    87   87   87   88   88   88   88   98  105   97   93  101   97   93   94   94   95  100  113  119  122  122  120  122   2398
              1130   118  102   97   94   93   92   92   92   94   96   97  103  108  111  116  119  121  122  123  124  125  126  126  126   2617
              ------------------------------------------------------------------------------------------------------------------------------------
              TOTAL 3232 3199 3154 3163 3144 3154 3105 3153 3180 3150 3165 3246 3258 3305 3327 3311 3281 3277 3266 3249 3263 3258 3247 3248  76929
              MEAN   108  107  105  105  105  105  104  105  106  105  106  108  109  110  111  110  109  109  109  108  109  109  108  108   2564
              MAX    137  141  139  140  127  128  128  137  140  136  131  134  133  131  133  129  129  134  133  132  130  133  137  134   3066
                N     30   30   30   30   30   30   29   28   30   29   30   30   30   30   30   30   30   30   30   30   30   30   30   30     27
              NOTE                                  *)   *)        *)                                                                           *)
                                                                                                                                                  
                   *): WITH MISSING DATA; TOTAL,MEAN,MAXIMUM ESTIMATED                                                                            
                                                                                                                                                  
                                                                                                                                                  
                                                                                                                                                  
