                                                                                                                                                  
                                                                                                                                                  
                                                               *******************************                                                    
                                                                 DOWNWARD LONGWAVE RADIATION                                                      
                                                               *******************************                                                    
                                                                                                                  COUNTRY = JAPAN                 
                                                                                                                                                  
                                                                                                                                                  
                                                                     UNIT  = 0.01 MJ/m**2                                                         
                        STATION    : Tateno                                                                                                       
                        STATION NO.: 47646                                                                                                        
                        LOCATION   : 140ﾟ08' E                                                                                                    
                                      36ﾟ03' N                                                                                                    
                        ALTITUDE   :   25.2  m                                                                                                    
                        YEAR/MONTH : 1998/02                                                                                                      
                                                                                                                                                  
              DATE   -01  -02  -03  -04  -05  -06  -07  -08  -09  -10  -11  -12  -13  -14  -15  -16  -17  -18  -19  -20  -21  -22  -23  -24  TOTAL
                                                                                                                                                  
               2 1    77   77   77   76   75   76   76   77   78   79   81   82   83   85   87   86   94   93   99  104  104  101   99   99   2065
               2 2   107  101   92   84   88   81   81   80   81   83   84   85   85   85   85   87   89   95   98  101   96   90   88   88   2134
               2 3    88   87   86   86   85   85   85   85   87   89   95  113  115  106  107  113  116  118  116  118  115  116  116  105   2432
               2 4    95   94   92   94  105  113   97   91   86   86   85   88   97  101   94   88   95  104  108  107  106   96   92   81   2295
               2 5    79   80   79   81   76   79   76   76   77   78   80   80   81   82   82   82   83   82   82   82   81   81   80   80   1919
               2 6    78   78   77   77   77   77   77   77   78   80   81   83   83   83   83   83   83   85   85   86   87   87   88   87   1960
               2 7    86   85   83   83   82   83   84   87   88   90   91  108  108  100  104  105  106  107  113  114  114  116  116  119   2372
               2 8   119  118  119  120  119  119  118  118  117  118  111  105  110  102  106  120  113   96   96   86   83   80   78   78   2549
               2 9    78   78   79   79   80   80   82   83   83   85   87   90   88   86   85   83   82   81   82   82   82   81   82   82   1980
               210    83   84   84   99  108  106   95   98  114  116  116  115  101  113  116  115  110  105   84   80   78   76   76   75   2347
               211    75   76   76   76   76   77   77   78   79   80   81   83   83   84   85   87   90  104  106  111  115  107  103  118   2127
               212   119  119   97  111   91  100  102   95  105  103  121  126  127  131  130  127  125  121  108   97   96   95   95   93   2634
               213    91   91   92   91   90   90   89   88   89   92   94   96   97   98  100  102  101   99  101  103  107  116  120  112   2349
               214   105  100  100  123  120  121  105  106  105  107  106  108  112  115  116  113  108  111  118  125  125  124  124  122   2719
               215   121  121  120  119  117  115  115  115  115  115  115  115  115  114  115  110  110  112  110  107  106  111  110  107   2730
               216   105  110  108  108  107   96  XXX  107  111   98   82   84   86   89   89   90   92   89   88   90   94   96  115  117   XXXX
               217   117  117  113   97  112  114  112   95   89  114  115  112   90  109   96   96   94   84   80   79   79   79   79   81   2353
               218    89   79   77   78   78   77   77   77   78   80   81   82   82   84   85   85   85   85   86   86   86   86   86   85   1974
               219    84   84   83   83   83   82   82   83   85   88   92   96   94   95  103   99   99   99   99   99   99   98   97   98   2204
               220    99   99  101  103  109  110  112  113  114  121  121  123  126  128  128  128  128  129  129  129  129  128  128  128   2863
               221   127  127  126  124  123  121  119  113   94  111  119  117  116  114  102   95   90   87   90  105  111  100  102  107   2640
               222   110  111  110  110  107   88   80   80   81   83  100  103   98   92   88   86   85   85   84   84   84   85  104  108   2246
               223    99   99  109  101   86   83   83   84   85   86   88   89   90   91   93   95   93   93   94   93   93   93   93   93   2206
               224    93   94  101   99   96  106  108  109  111  113  118  121  121  122  121  121  XXX  XXX  XXX  120  118  119  119  119   XXXX
               225   119  118  118  118  118  118  119  119  120  121  122  122  XXX  XXX  XXX  XXX  XXX  XXX  XXX  XXX  XXX  XXX  XXX  XXX   XXXX
               226   XXX  XXX  XXX  XXX  XXX  XXX  XXX  XXX  XXX  XXX  XXX  125  124  124  123  123  123  120  119  117  118  118  120  120   XXXX
               227   120  110  110  120  118  103   93  104  116   99  100  100  110  111  102  100   98   97   97   96  106  113  101  102   2526
               228   100  102  115  110  101  116  114  117  102  110  112  106  110  108  101  104  115  109  108  115  117  120  119  123   2654
              ------------------------------------------------------------------------------------------------------------------------------------
              TOTAL 2761 2736 2722 2747 2724 2713 2646 2649 2663 2722 2778 2857 2834 2853 2828 2825 2808 2789 2778 2817 2831 2811 2831 2828  65657
              MEAN    99   98   97   98   97   97   95   95   95   97   99  102  101  102  101  101  100  100   99  101  101  100  101  101   2345
              MAX    127  127  126  124  123  121  119  119  120  121  122  126  127  131  130  128  128  129  129  129  129  128  128  128   2863
                N     27   27   27   27   27   27   26   27   27   27   27   28   27   27   27   27   26   26   26   27   27   27   27   27     24
              NOTE    *)   *)   *)   *)   *)   *)   *)   *)   *)   *)   *)        *)   *)   *)   *)   *)   *)   *)   *)   *)   *)   *)   *)     *)
                                                                                                                                                  
                   *): WITH MISSING DATA; TOTAL,MEAN,MAXIMUM ESTIMATED                                                                            
                                                                                                                                                  
                                                                                                                                                  
                                                                                                                                                  
                                                                                                                                                  
                                                                                                                                                  
