                                                                                                                                                  
                                                                                                                                                  
                                                               *******************************                                                    
                                                                 DOWNWARD LONGWAVE RADIATION                                                      
                                                               *******************************                                                    
                                                                                                                  COUNTRY = JAPAN                 
                                                                                                                                                  
                                                                                                                                                  
                                                                     UNIT  = 0.01 MJ/m**2                                                         
                        STATION    : Tateno                                                                                                       
                        STATION NO.: 47646                                                                                                        
                        LOCATION   : 140ﾟ08' E                                                                                                    
                                      36ﾟ03' N                                                                                                    
                        ALTITUDE   :   25.2  m                                                                                                    
                        YEAR/MONTH : 1998/12                                                                                                      
                                                                                                                                                  
              DATE   -01  -02  -03  -04  -05  -06  -07  -08  -09  -10  -11  -12  -13  -14  -15  -16  -17  -18  -19  -20  -21  -22  -23  -24  TOTAL
                                                                                                                                                  
              12 1   127  126  123  118  108  101   97   96   96   97   98  100  101  103  103  104  105  105  106  106  105  112  113  112   2562
              12 2   114  121  128  128  125  127  127  124  125  122  123  123  123  123  122  120  121  120  118  117  117  116  115  116   2915
              12 3   115  116  116  115  116  116  116  116  117  117  117  117  117  117  118  119  118  118  117  117  116  116  116  116   2799
              12 4   114  113  113  112  XXX  XXX  XXX  XXX   91   92   97  110  116  117  113  118  119  119  118  113   96  103  117  121   XXXX
              12 5   116  111  121  117  116  121  123  124  123  124  124  125  125  127  128  129  129  127  127  125  124  124  126  128   2964
              12 6   127  126  122  110   99   97  108   94   93   94   95   96  104  122  117  114  115  115  109  111  103  104  106  116   2597
              12 7   120  121  121  122  122  122  123  124  124  124  124  124  125  126  126  127  127  127  128  127  129  129  129  129   3000
              12 8   128  128  127  119  123  126  126  122  126  128  126  126  124  120  120  120  119  118  121  115  115  113  113  113   2916
              12 9   115  116  116  114  115  114  115  116  117  114  116  115  113  106  109  105  104   99   94   94   93   92   91   89   2572
              1210    88   88   87   86   86   86   87   98  106  104  104  109  110  111  101   93   94  100   93   93   92   90   89   88   2283
              1211    92   93   99  106  109  109  104  104  104   99   97  104   99   91   91   91   91   91   89   88   87   87   85   85   2295
              1212    84   83   82   82   81   81   81   81   82  XXX   86   89   89  107  104   91   99  101  113  115  111  113  106  112   XXXX
              1213    96   90   87   86   84   84   84  XXX   84   85   86   88   88   88   89   89   89   89   89   89   88   88   88   87   XXXX
              1214    86   86   85   85   85   85   85   86   87   88   90   92   95   96  102  109  105   98   98  102  106  113  114  114   2292
              1215   112  107  105  107  110  109  114  115  118  116  118  113  105  101  101  102  101  101  108  108  110  110  115  113   2619
              1216   113  118  112  111  111  111  110  109  108  110  110  109  110  108  103   98   94   95   94   93   93   93   93   92   2498
              1217    90   90   90   90   91   89   88   90   92   94   96   98  100  101   99   96   94   93   90   89   87   86   86   85   2204
              1218    84   82   81   81   81   83   83   84   86   88   89   91   92   94   93   94   93   93  105  122  116   97  102  101   2215
              1219    93  104  105   94   98   95   88   87   88   89   91   91   92   92   93   93   93   93   93   94   95   94   93   93   2241
              1220    92   93   93   93   93   96  112  115  106   94   97   98   92   91   90   88   86   84   84   83   83   82   83   83   2211
              1221    83   82   82   82   82   82   81   81   82   83   84   86   87   87   87   87   86   85   85   85   85   86   87   87   2024
              1222    87   87   87   87   86   86   85   85   86   88   90   92   94   97   98   99   98   97   96   95   95   94   95   93   2197
              1223    93   96   97   92   89   89   88   89   91   94  100  104  101  104  102  107  117  123  121  120  122  117  120  121   2497
              1224   121  121  121  119  108   93   89   87   87   87   87   88   91   94   94   87   85   84   84   83   83   82   82   82   2239
              1225    81   81   80   80   80   79   80   80   82   83   85   86   87   88   89   89   89   90   91   91   91  102  116  102   2102
              1226    99   93   93   96   96   91   88   86   86   88   89   91   91   91   90   90   89   88   88   87   86   86   86   85   2153
              1227    86   89   88   86   86   89   99   98   99   99   99  103   99  105  104  111  104  112  113  110   99   91   89   88   2346
              1228    87   86   85   84   84   84   84   84   84   86   88   90   92   93   93   93   93   93   93   93   93   93   93   92   2140
              1229    91   90   88   89   90  101   91   90   93   94   93   95   96   97   98   95   95   94   94   95   95   93   91   90   2238
              1230    89   90   89   90   89   87   87   86   86   88  XXX   91   93   95   95   93   90   88   87   85   84   83   83   83   XXXX
              1231    83   83   84   87   92   97  103  101  104  107   90   89   84   84   85   84   83   82   80   79   79   79   79   79   2097
              ------------------------------------------------------------------------------------------------------------------------------------
              TOTAL 3106 3110 3107 3068 3032 3029 3044 3047 3053 3075 3088 3133 3135 3176 3157 3135 3125 3122 3126 3124 3078 3068 3101 3095  74877
              MEAN   100  100  100   99   98   98   98   98   98   99  100  101  101  102  102  101  101  101  101  101   99   99  100  100   2415
              MAX    128  128  128  128  125  127  127  124  126  128  126  126  125  127  128  129  129  127  128  127  129  129  129  129   3000
                N     31   31   31   31   30   30   30   29   31   30   30   31   31   31   31   31   31   31   31   31   31   31   31   31     27
              NOTE                        *)   *)   *)   *)        *)   *)                                                                      *)
                                                                                                                                                  
                   *): WITH MISSING DATA; TOTAL,MEAN,MAXIMUM ESTIMATED                                                                            
                                                                                                                                                  
                                                                                                                                                  
