                                                                                                                                                  
                                                                                                                                                  
                                                               *******************************                                                    
                                                                 DOWNWARD LONGWAVE RADIATION                                                      
                                                               *******************************                                                    
                                                                                                                  COUNTRY = JAPAN                 
                                                                                                                                                  
                                                                                                                                                  
                                                                     UNIT  = 0.01 MJ/m**2                                                         
                        STATION    : Tateno                                                                                                       
                        STATION NO.: 47646                                                                                                        
                        LOCATION   : 140ﾟ08' E                                                                                                    
                                      36ﾟ03' N                                                                                                    
                        ALTITUDE   :   25.2  m                                                                                                    
                        YEAR/MONTH : 1998/04                                                                                                      
                                                                                                                                                  
              DATE   -01  -02  -03  -04  -05  -06  -07  -08  -09  -10  -11  -12  -13  -14  -15  -16  -17  -18  -19  -20  -21  -22  -23  -24  TOTAL
                                                                                                                                                  
               4 1   112  115  117  119  118  117  117  118  118  118  119  119  119  118  119  119  119  118  117  115  115  115  116  117   2814
               4 2   118  118  118  119  119  119  118  119  118  119  119  120  120  119  119  119  119  117  116  114  104   91   88   87   2737
               4 3    87   86   86   85   85   85   85   86   89   94   97  101  113  108  109   96  101   96  103  104  116  118  120  117   2367
               4 4    98   99  102  108  110  112  111  109  104  113  101  104  116  123  120  125  110  102  102  102  102  102  104  103   2582
               4 5   102  101  104  102  100  110  120  127  109  114  121  123  124  121  119  121  122  127  127  128  129  130  129  128   2838
               4 6   130  129  128  127  128  127  128  131  131  132  131  134  135  135  136  136  135  134  134  133  134  133  133  132   3166
               4 7   134  133  133  133  132  132  133  133  133  133  133  134  135  136  136  136  134  131  130  132  126  119  121  128   3160
               4 8   XXX  XXX  XXX  XXX  XXX  XXX  XXX  XXX  XXX  129  129  132  129  127  130  131  132  130  132  132  131  130  130  129   XXXX
               4 9   129  128  128  127  127  126  127  127  128  129  130  130  129  129  129  130  130  130  129  129  130  129  128  126   3084
               410   122  114  106  104  102   99   99  102  103  105  108  108  108  110  111  113  114  112  111  111  109  109  108  108   2596
               411   108  107  107  106  106  107  107  108  109  111  112  113  115  116  117  117  116  114  112  113  113  112  112  112   2670
               412   111  109  105  104  104  111  124  127  131  131  129  132  135  138  139  126  121  121  130  129  121  121  132  141   2972
               413   140  142  144  141  143  143  145  146  147  148  149  151  151  147  140  141  136  137  137  145  143  139  140  138   3433
               414   142  151  152  149  142  145  151  152  152  153  153  148  149  146  148  149  147  148  150  147  146  145  146  145   3556
               415   148  148  149  150  150  143  142  143  139  136  136  135  135  135  136  134  134  133  135  134  134  134  133  132   3328
               416   131  131  130  130  130  130  128  129  128  129  127  123  113  118  115  129  120  127  131  132  130  125  116  114   3016
               417   115  111  119  127  128  123  122  122  128  130  132  132  131  132  132  131  131  131  131  126  121  115  120  131   3021
               418   131  131  130  130  130  XXX  XXX  XXX  XXX  XXX  XXX  127  125  129  125  128  128  130  134  128  128  129  130  133   XXXX
               419   133  133  129  111  109  109  110  112  114  118  116  118  119  121  121  121  122  121  119  117  118  118  119  117   2845
               420   116  115  113  111  110  109  109  111  115  116  116  118  121  126  125  125  126  125  122  122  119  116  116  116   2818
               421   115  116  116  117  118  122  123  123  125  127  132  132  135  130  131  129  129  122  128  134  131  126  128  129   3018
               422   134  131  134  134  135  135  135  130  127  135  134  130  132  129  127  128  127  125  121  124  122  122  123  128   3102
               423   124  121  117  122  123  127  126  126  128  132  134  134  131  135  137  135  136  133  133  134  138  140  139  141   3146
               424   142  144  145  146  146  147  148  149  150  151  152  153  153  153  154  153  153  151  151  151  152  151  144  145   3584
               425   140  149  150  151  151  151  151  151  152  152  152  150  153  152  149  145  146  144  144  140  144  142  142  136   3537
               426   140  137  138  137  136  135  133  133  132  131  131  130  130  130  130  130  130  130  130  130  129  130  129  129   3170
               427   130  130  130  130  130  131  131  132  132  132  133  135  136  137  136  136  137  137  137  137  138  138  138  137   3220
               428   136  135  137  138  138  137  137  XXX  138  137  137  139  140  134  125  127  125  118  132  127  120  126  127  136   XXXX
               429   135  121  131  141  127  123  141  142  143  137  122  125  126  129  129  126  122  120  126  132  139  141  141  141   3160
               430   141  140  138  138  132  127  132  130  130  122  113  108  108  109  110  111  111  111  114  113  115  117  123  123   2916
              ------------------------------------------------------------------------------------------------------------------------------------
              TOTAL 3771 3750 3762 3762 3732 3732 3786 3798 3807 3843 3825 3838 3866 3872 3854 3847 3813 3775 3818 3815 3797 3763 3775 3799  90951
              MEAN   126  125  125  125  124  124  126  127  127  128  128  128  129  129  128  128  127  126  127  127  127  125  126  127   3032
              MAX    148  151  152  151  151  151  151  152  152  153  153  153  153  153  154  153  153  151  151  151  152  151  146  145   3584
                N     29   29   29   29   29   28   28   27   28   29   29   30   30   30   30   30   30   30   30   30   30   30   30   30     27
              NOTE    *)   *)   *)   *)   *)   *)   *)   *)   *)   *)   *)                                                                      *)
                                                                                                                                                  
                   *): WITH MISSING DATA; TOTAL,MEAN,MAXIMUM ESTIMATED                                                                            
                                                                                                                                                  
                                                                                                                                                  
                                                                                                                                                  
