                                                                                                                                                  
                                                                                                                                                  
                                                               *******************************                                                    
                                                                 DOWNWARD LONGWAVE RADIATION                                                      
                                                               *******************************                                                    
                                                                                                                  COUNTRY = JAPAN                 
                                                                                                                                                  
                                                                                                                                                  
                                                                     UNIT  = 0.01 MJ/m**2                                                         
                        STATION    : Tateno                                                                                                       
                        STATION NO.: 47646                                                                                                        
                        LOCATION   : 140ﾟ08' E                                                                                                    
                                      36ﾟ03' N                                                                                                    
                        ALTITUDE   :   25.2  m                                                                                                    
                        YEAR/MONTH : 1998/03                                                                                                      
                                                                                                                                                  
              DATE   -01  -02  -03  -04  -05  -06  -07  -08  -09  -10  -11  -12  -13  -14  -15  -16  -17  -18  -19  -20  -21  -22  -23  -24  TOTAL
                                                                                                                                                  
               3 1   124  124  123  121  118  117  117  117  117  117  117  117  116  117  117  117  115  111  103   90   88   88   90   90   2671
               3 2    88   85   84   83   83   83   83   83   85   86   87   88   89   90   91   93   92   91   90   90   89   89   89   89   2100
               3 3    89   88   88   89   88   88   88   88   90   91   93   95   96  103   99   97   96   96   95   95   95   95   96   96   2234
               3 4    96   94   95   97   90   88   88   88   88   90   92   93   94   95   94   94   94   95   97   95   95   96   97  101   2246
               3 5   101   99  104  101  103  107  114  115  116  116  116  115  115  116  116  116  117  116  117  116  115  116  116  116   2699
               3 6   115  115  114  110  107  102   95   87   85   84   86   89   91   90   92   91   92   90   90   90   90   90   90   96   2281
               3 7   117  115  111   91   89   87   87   91   92   92   92   89   86   85   84   84   82   81   81   81   81   80   80   80   2138
               3 8    79   79   78   78   78   78   78   78   79   81   82   84   85   86   87   88   88   88   91   91   92   93   97   96   2034
               3 9    97   96   97   96   86   85   94  101   96   91   93   93   93   93   93   94   98  100  102  103   98   96   95   95   2285
               310    97   96   96   90   91   92   94   85   86   87   86   86   87   87   87   87   88   85   85   85   84   83   83   82   2109
               311    82   81   81   80   80   80   83   84   86   89   91   89   93   96  103  120  108  106  105  117  121  121  122  123   2341
               312   125  125  125  126  126  127  128  129  129  130  132  133  134  134  134  133  133  132  132  132  131  130  107  124   3091
               313   123  119  108  114   94   92   92   93   96  102   98  114  118  116  122  113  104  106  106  104  104  110  103   97   2548
               314    94   91   91  102   97  103   98   92   89   91   92   94   95   97  100  101  100  100  100  101   98  111  117  112   2366
               315   108  115  115  111  110  109  116  124  124  119  117   97  105   89   85   83   82   81   79   76   76   76   76   77   2350
               316    77   77   77   78   78   78   85   87   87   90   90   89   87   90   90   89   90   92   92   93   99   99  105  101   2120
               317    87   86   85   84   84   83   83   84   87   89   92  110  107  105  106  111  111  111  104  102   80   75   77   77   2220
               318    77   79   78   78   79   79   80   81   82   84   86   87   89   89   89   91   90   89   88   87   86   86   85   85   2024
               319    85   85   85   88   92   93   93   94   93   92   96   99  104  106  110  110  112  108  116  119  119  112  121  123   2455
               320   126  129  131  130  133  134  133  130  130  135  131  136  140  142  140  142  136  135  137  133  130  128  127  126   3194
               321   125  124  123  122  121  120  118  109  119  114  116  119  114  105  114  123  123  123  124  123  123  123  121  121   2867
               322   121  120  119  118  117  117  118  119  119  119  120  118  118  117  117  113  116  115  110  110  110   99   88   87   2725
               323    87   86   85   84   83   83   86   86   96  103  105  106  104   96  100   99   96   95  100  105  112   95   95  112   2299
               324   116  114  113  103  109   96  109  105  105  112  113  112  123  119  114   99   98   98  109   99  104   98   98   98   2564
               325    96   95  101  111  119  115  111  114  116  117  108  108  110  110  111  104  101   99   98  101  114  123  122  122   2626
               326   109   92   90   89   88   88   88   91   97   99   99   97   96   98   99   99   98   96   95   98   99  104  111  116   2336
               327   117  118  120  121  125  128  128  129  131  131  132  134  131  130  126  124  127  132  138  138  137  136  118  113   3064
               328   121  120  120  113  110  127  118  107  109  105  105  109  114  112  113  117  117  110  107  105  104  104  105  105   2677
               329   105  104  103  102  101  101  101  102  103  105  106  108  110  112  113  112  109  110  110  110  110  109  109  108   2563
               330   107  105  104  104  102  101  101  102  105  108  112  115  116  115  118  119  115  118  120  120  122  123  122  116   2690
               331   111  113  108  102  102  100  100  102  104  105  103  103  102  104  104  110  103  101  100   99   99  104  110  110   2499
              ------------------------------------------------------------------------------------------------------------------------------------
              TOTAL 3202 3169 3152 3116 3083 3081 3107 3097 3141 3174 3188 3226 3262 3244 3268 3273 3231 3210 3221 3208 3205 3192 3172 3194  76416
              MEAN   103  102  102  101   99   99  100  100  101  102  103  104  105  105  105  106  104  104  104  103  103  103  102  103   2465
              MAX    126  129  131  130  133  134  133  130  131  135  132  136  140  142  140  142  136  135  138  138  137  136  127  126   3194
                N     31   31   31   31   31   31   31   31   31   31   31   31   31   31   31   31   31   31   31   31   31   31   31   31     31
              NOTE                                                                                                                                
                                                                                                                                                  
                   *): WITH MISSING DATA; TOTAL,MEAN,MAXIMUM ESTIMATED                                                                            
                                                                                                                                                  
                                                                                                                                                  
