                                                                                                                                                  
                                                                                                                                                  
                                                               *******************************                                                    
                                                                 DOWNWARD LONGWAVE RADIATION                                                      
                                                               *******************************                                                    
                                                                                                                  COUNTRY = JAPAN                 
                                                                                                                                                  
                                                                                                                                                  
                                                                     UNIT  = 0.01 MJ/m**2                                                         
                        STATION    : Tateno                                                                                                       
                        STATION NO.: 47646                                                                                                        
                        LOCATION   : 140ﾟ08' E                                                                                                    
                                      36ﾟ03' N                                                                                                    
                        ALTITUDE   :   25.2  m                                                                                                    
                        YEAR/MONTH : 1999/03                                                                                                      
                                                                                                                                                  
              DATE   -01  -02  -03  -04  -05  -06  -07  -08  -09  -10  -11  -12  -13  -14  -15  -16  -17  -18  -19  -20  -21  -22  -23  -24  TOTAL
                                                                                                                                                  
               3 1    86   89   95   97   97   94   88   87   89   87   95  100   96   92   93   92   91   91   92   92   91   89   88   87   2198
               3 2    86   86   85   85   85   85   85   87   89   91   93   95   96   97   98  101  101  100   99  100  100   98   96   98   2236
               3 3    99  100  101  103  102  100   98   98  102   99   95  102   99  109   95   94   94   94   95   94   95   97   96   93   2354
               3 4    92   90   88   87   86   86   84   85   87   90   94   95   97   98   99  108  111  108  111  111  111  112  108  104   2342
               3 5   100   95   93   92   92   92   94   97  101  111  122  131  135  136  129  117  116  116  113  115  111  109  105  103   2625
               3 6    99   96   93   91   89   86   84   83   84   84   84   86   89   94   92   91   91   93   94  105  114  118  120  121   2281
               3 7   121  120  122  123  124  125  126  125  124  124  124  123  122  122  122  122  121  121  120  120  120  120  119  118   2928
               3 8   116  116  114  101   86   86   85   86   87   89   97  112  114  111  100  112  119  119  119  119  120  121  121  122   2572
               3 9   122  121  120  120  119  118  117  117  117  118  117  116  116  116  117  117  116  115  115  116  115  115  116  116   2812
               310   116  116  116  116  117  117  XXX  117  118  119  117  117  116  115  115  116  111  102  101   99   97   96  102  105   XXXX
               311   107  101   95   96   96  106  109  110  112  113  114  116  118  118  119  118  119  118  117  115  109  104  105  102   2637
               312    98  105  105  104   94   90   87   84   85   88   89   87   91   94   97   93   86   88   85   89   95   97  109  107   2247
               313    91   86   92   84   83  100  109  111  108  113  107  109  114  104  110  XXX  XXX  XXX  XXX  102  115  118  112  111   XXXX
               314   109   95   93   92   92   93   97  XXX   97   99  102  105  109  119  125  132  119  123  123  118  119  120  128  122   XXXX
               315   126  128  120  121  124  123  125  129  131  126  127  130  135  136  139  140  141  141  143  143  144  145  142  139   3198
               316   137  135  134  132  132  130  128  127  126  124  121  106  104  110  102  101  100   98   97   97   98   98   96   95   2728
               317    96   96   96   96   96   96   96  115  125  114  123  126  132  126  125  126  118  116  114  115  115  113  115  115   2705
               318   116  111  106  104  103  102  102  104  106  111  112  116  123  123  111  108  107  108  110  112  116  115  125  129   2680
               319   132  129  133  130  123  128  134  134  134  137  135  137  137  139  138  137  137  139  141  141  141  141  132  129   3238
               320   129  128  127  126  124  123  122  121  120  122  121  121  120  120  119  119  118  117  116  112  107   99   98   97   2826
               321    97   94   97  100   98   98   99   96  100  110  115  115  117  118  118  119  120  120  119  119  119  119  119  120   2646
               322   120  120  121  121  121  119  116  113   99   96   87   84   81   82   81   80   80   78   77   77   77   77   77   77   2261
               323    77   77   77   77   77   78   78   79   80   82   83   85   86   87   88   89   89   89   88   89   95  116  119  118   2103
               324   119  108   94   90   89  102   96   95   99  108  100  101  103  102  102  103  102  103  104  103  101  103  105  114   2446
               325   120  125  128  129  128  127  128  127  128  130  131  132  133  133  134  131  133  133  119  113  121  133  132  131   3079
               326   133  118  123  131  131  130  124  127  130  135  137  137  136  138  139  139  138  139  138  139  139  139  139  136   3215
               327   130  125  135  125  129  134  136  135  131  136  135  131  134  134  131  130  129  127  124  122  121  121  122  121   3098
               328   119  118  117  116  115  114  114  113  112  111  107  107  107  112  113   96  103  119  113  101   98  103  101   90   2619
               329    85   82   84   88   91   87   79   77   78   81   84   84   84   84   85   86   87   88   98  107  108  108  110  110   2155
               330   108  108  111  110  107  101  110  109  110  104  105  108  107  109  118  111  110  111  116  121  121  121  121  122   2679
               331   122  121  121  122  121  122  122  124  124  125  125  127  129  128  123  106  118  109   99   97   97   96   95   95   2768
              ------------------------------------------------------------------------------------------------------------------------------------
              TOTAL 3408 3339 3336 3309 3271 3292 3277 3320 3333 3377 3398 3441 3480 3506 3477 3444 3435 3435 3410 3403 3430 3461 3473 3447  81570
              MEAN   110  108  108  107  106  106  106  107  108  109  110  111  112  113  112  111  111  111  110  110  111  112  112  111   2631
              MAX    137  135  135  132  132  134  136  135  134  137  137  137  137  139  139  140  141  141  143  143  144  145  142  139   3238
                N     31   31   31   31   31   31   30   30   31   31   31   31   31   31   31   30   30   30   30   31   31   31   31   31     28
              NOTE                                  *)   *)                                      *)   *)   *)   *)                              *)
                                                                                                                                                  
                   *): WITH MISSING DATA; TOTAL,MEAN,MAXIMUM ESTIMATED                                                                            
                                                                                                                                                  
                                                                                                                                                  
