                                                                                                                                                  
                                                                                                                                                  
                                                               *******************************                                                    
                                                                 DOWNWARD LONGWAVE RADIATION                                                      
                                                               *******************************                                                    
                                                                                                                  COUNTRY = JAPAN                 
                                                                                                                                                  
                                                                                                                                                  
                                                                     UNIT  = 0.01 MJ/m**2                                                         
                        STATION    : Tateno                                                                                                       
                        STATION NO.: 47646                                                                                                        
                        LOCATION   : 140ﾟ08' E                                                                                                    
                                      36ﾟ03' N                                                                                                    
                        ALTITUDE   :   25.2  m                                                                                                    
                        YEAR/MONTH : 1999/04                                                                                                      
                                                                                                                                                  
              DATE   -01  -02  -03  -04  -05  -06  -07  -08  -09  -10  -11  -12  -13  -14  -15  -16  -17  -18  -19  -20  -21  -22  -23  -24  TOTAL
                                                                                                                                                  
               4 1    94   99  119  119  115  XXX  116  118  113  103  114  115  112  111  111  111  112  112  109  108  105  104  105  103   XXXX
               4 2   104  107  107  105  105  108  110  114  114  113  115  119  119  124  127  131  129  124  123  135  141  135  131  128   2868
               4 3   126  125  122  120  118  101   91   90   88   89   91   93   97  108  110  102   95   97   92   96   99   99  106  103   2458
               4 4   107  113  115  111  119  118  118  117  119  119  115  113  125  121  118  116  113  107  117  113  112  117  112  123   2778
               4 5   113  107  102  104   99  118  126  128  113  111  112  115  117  118  118  119  120  120  117  114  104  102  109  103   2709
               4 6   110  117  109  101  106  105  110  122  120  128  130  129  129  126  124  128  128  125  127  125  125  118  115  120   2877
               4 7   122  121  116   96   93   99   94   94   96   98  108  106  119  125  115  107  104  101   93   87   87   87   86   86   2440
               4 8    86   86   88   89   92   94  104  104   98   92   87   90  106  110   91   96   96   87   85   85   85   85   85   84   2205
               4 9    84   84   84   83   83   83   83   83   85   87   90   93   94   96   96   99   99  100  100   99   95   95   95   96   2186
               410    97   95   96  101  105  106  108  113  116  117  124  128  127  126  133  132  136  135  134  133  134  135  133  134   2898
               411   134  134  134  135  139  140  141  141  142  141  139  134  131  133  134  138  140  140  138  140  142  141  141  139   3311
               412   140  140  139  139  138  XXX  XXX  XXX  XXX  XXX  XXX  XXX  XXX  XXX  XXX  XXX  XXX  XXX  XXX  XXX  XXX  XXX  XXX  XXX   XXXX
               413   XXX  XXX  XXX  XXX  XXX  XXX  XXX  XXX  XXX  XXX  XXX  XXX  XXX  115  115  115  115  114  113  113  116  113  112  112   XXXX
               414   109  107  106  104  104  104  105  107  107  109  112  123  128  124  125  132  134  129  129  130  127  115  107  104   2781
               415    96   96   97   96   95   94   94   94   96   98  100  100  101  104  111  107  108  113  115  111  106  106  105  105   2448
               416   107  117  114  114  107  109  112  114  114  115  116  131  132  134  130  130  122  110  108  106  105  105  104  104   2760
               417   104  104  103  101   99   97  101  102  105  107  110  113  116  117  119  121  119  119  117  115  114  109  117  111   2640
               418   124  122  125  126  124  123  127  129  130  132  134  136  135  135  135  134  134  134  132  131  129  129  129  130   3119
               419   131  132  133  134  135  135  136  137  137  138  138  140  139  140  139  140  141  139  140  139  139  137  138  137   3294
               420   134  136  137  134  120  121  122  112  123  128  126  125  128  121  117  117  115  114  113  113  115  124  124  130   2949
               421   128  136  136  136  136  134  127  118  122  112  110  110  112  116  109  107  106  104  104  118  131  113  128  131   2884
               422   132  131  131  131  128  121  104  127  115  114  111  112  112  113  114  113  114  114  115  114  115  116  117  119   2833
               423   120  120  121  130  134  123  124  127  134  133  136  136  135  134  138  136  136  134  134  134  134  135  135  137   3160
               424   136  137  137  137  137  138  139  140  140  141  141  140  142  141  141  142  141  140  142  141  140  138  138  138   3347
               425   138  139  139  139  138  137  137  137  138  138  139  139  139  137  138  138  138  135  134  124  130  124  132  122   3249
               426   134  140  139  137  140  140  139  139  140  140  139  141  140  140  140  132  123  119  116  116  114  114  123  130   3175
               427   136  136  134  137  137  135  133  133  126  119  124  135  127  121  120  119  118  117  117  125  117  134  132  120   3052
               428   117  116  124  134  122  125  134  127  130  XXX  XXX  140  XXX  XXX  128  133  142  141  141  141  139  138  138  136   XXXX
               429   134  133  131  131  129  127  127  124  123  124  121  113  121  106  103  XXX  XXX  XXX  XXX  XXX  XXX  XXX  XXX  XXX   XXXX
               430   XXX  XXX  XXX  XXX  XXX  XXX  XXX  XXX  XXX  XXX   93   95   96   97  100   97  101  102   99   98   98   98   97   97   XXXX
              ------------------------------------------------------------------------------------------------------------------------------------
              TOTAL 3534 3567 3576 3561 3534 3501 3513 3546 3537 3516 3528 3603 3642 3636 3621 3633 3621 3564 3540 3540 3534 3498 3528 3516  85527
              MEAN   118  119  119  119  118  117  117  118  118  117  118  120  121  121  121  121  121  119  118  118  118  117  118  117   2851
              MAX    140  140  139  139  140  140  141  141  142  141  141  141  142  141  141  142  142  141  142  141  142  141  141  139   3347
                N     28   28   28   28   28   26   27   27   27   26   27   28   27   28   29   28   28   28   28   28   28   28   28   28     24
              NOTE    *)   *)   *)   *)   *)   *)   *)   *)   *)   *)   *)   *)   *)   *)   *)   *)   *)   *)   *)   *)   *)   *)   *)   *)     *)
                                                                                                                                                  
                   *): WITH MISSING DATA; TOTAL,MEAN,MAXIMUM ESTIMATED                                                                            
                                                                                                                                                  
                                                                                                                                                  
                                                                                                                                                  
