                                                                                                                                                  
                                                                                                                                                  
                                                               *******************************                                                    
                                                                 DOWNWARD LONGWAVE RADIATION                                                      
                                                               *******************************                                                    
                                                                                                                  COUNTRY = JAPAN                 
                                                                                                                                                  
                                                                                                                                                  
                                                                     UNIT  = 0.01 MJ/m**2                                                         
                        STATION    : Tateno                                                                                                       
                        STATION NO.: 47646                                                                                                        
                        LOCATION   : 140ﾟ08' E                                                                                                    
                                      36ﾟ03' N                                                                                                    
                        ALTITUDE   :   25.2  m                                                                                                    
                        YEAR/MONTH : 1999/02                                                                                                      
                                                                                                                                                  
              DATE   -01  -02  -03  -04  -05  -06  -07  -08  -09  -10  -11  -12  -13  -14  -15  -16  -17  -18  -19  -20  -21  -22  -23  -24  TOTAL
                                                                                                                                                  
               2 1    86   85   86   88   85   95   96   91   85   87   93   98  105  113  115  116  115  115  115  114  111  105   90   89   2378
               2 2    88   86   85   85   86   89   94   99  101  112  107  107   94   93   93   93   98   98   92   88   88   90   80   79   2225
               2 3    79   79   80   80   78   79   78   76   80   83   89   91   82   97   93   90  100   88   75   80   78   77   77   88   1997
               2 4    91   74   68   67   69   70   71   72   73   75   76   81   84   83   81   86   96   79   77   77   76   77   76   76   1855
               2 5    77   77   77   81   81   99   98   88  102   96   98   82   81   82   82   83   84   84   84   84   83   81   81   81   2046
               2 6    80   79   78   78   78   77   75   76   77   78   80   81   82   83   83   82   81   80   80   78   78   78   77   77   1896
               2 7    80   82   85   86   90   92   94   81   79   80   81   83   85   86   87   88   88   88   88   88   88   87   86   85   2057
               2 8    84   84   85   84   83   82   82   83   84   88   89   90   90   91   91   90   89   87   85   84   84   83   83   84   2059
               2 9    96  109   95   95   84   82   82   83   84   85   86   88   89   90   90   90   90   90   90   90   90   90   90   88   2146
               210    87   84   84   86   85   85   84   85   86   89   89   91   91   90   87   85   85   81   80   82   86   90  100  105   2097
               211   112  114  113  111  105  115  117  115  110  106  102  117  119  119  119  117  117  117  116  113  108  114   99   97   2692
               212   110  112  112  115  110   92   79   78   80   80   81   82   83   84   84   84   83   83   91  100  101  106   99   83   2212
               213    79   81   80   77   72   70   71   71   71   73   74   76   81   77   77   76   75   74   74   73   72   71   71   71   1787
               214    71   72   71   71   72   72   72   72   73   74   75   76   78   79   80   80   80   79   78   78   77   77   77   77   1811
               215    77   76   76   76   76   76   78   84   82   84   85   86   90   90   89   88   91   94  100  104  110   98   95   99   2104
               216   100   91   88   84   83   82   82   82   84   85   86   88   89   90   91   92   92   91   91   90   90   89   89   90   2119
               217    91   89   91   90   88   86   85   83   85   86   87   88   89   90   90   91   90   91   93  104  111   95   94   94   2181
               218    94   90   92   96   93   96   96  101  XXX  104  102  106  108  109  XXX  131  128  127  126  125  125  124  119  117   XXXX
               219   118  121  119  120  120  120  119  119  118  118  118  118  117  116  114  114  115  115  115  110  103   90   82   81   2700
               220    83   77   77   76   76   75   77   94  103   91   81   82   84   89   88   88   88   88   88   87   86   85   83   82   2028
               221    82   81   81   80   79   77   77   76   77   77   78   79   81   82   84   91   97  100   86   80   78   76   75   75   1949
               222    74   75   75   75   75   75   75   76   77   78   80   80   81   82   83   84   84   84   85   84   84   85   85   84   1920
               223    83   82   80   79   79   79   79   80   81   83  XXX   88   89   90   91   91   90   89   88   88   88   87   87   86   XXXX
               224    85   85   85   87   95  104  111  111  110  116  118  119  122  122  121  121  121  121  121  121  122  123  121  121   2683
               225   121  123  123  116   95   89   87   89   91   91   91   89   89   89   89   90   89   88   89   87   86   85   84   84   2254
               226    84   84   84   84   88   86  XXX  113  114  115  117  120  120  107  114  102  102  100  113  118  114  121  122  120   XXXX
               227   124  127  128  128  128  128  128  128  128  125  112  123  123  125  114  111  107  119  116  116  105   91   75   75   2784
               228    75   75   75   75   74   74   74   76   77   78   79   81   82   83   83   83   83   83   83   83   85   86   83   84   1914
              ------------------------------------------------------------------------------------------------------------------------------------
              TOTAL 2511 2494 2473 2470 2427 2446 2447 2482 2500 2537 2545 2590 2608 2631 2607 2637 2658 2633 2619 2626 2607 2561 2480 2472  60362
              MEAN    90   89   88   88   87   87   87   89   89   91   91   93   93   94   93   94   95   94   94   94   93   91   89   88   2156
              MAX    124  127  128  128  128  128  128  128  128  125  118  123  123  125  121  131  128  127  126  125  125  124  122  121   2784
                N     28   28   28   28   28   28   27   28   27   28   27   28   28   28   27   28   28   28   28   28   28   28   28   28     25
              NOTE                                  *)        *)        *)                  *)                                                  *)
                                                                                                                                                  
                   *): WITH MISSING DATA; TOTAL,MEAN,MAXIMUM ESTIMATED                                                                            
                                                                                                                                                  
                                                                                                                                                  
                                                                                                                                                  
                                                                                                                                                  
                                                                                                                                                  
