                                                                                                                                                  
                                                                                                                                                  
                                                               *******************************                                                    
                                                                 DOWNWARD LONGWAVE RADIATION                                                      
                                                               *******************************                                                    
                                                                                                                  COUNTRY = JAPAN                 
                                                                                                                                                  
                                                                                                                                                  
                                                                     UNIT  = 0.01 MJ/m**2                                                         
                        STATION    : Tateno                                                                                                       
                        STATION NO.: 47646                                                                                                        
                        LOCATION   : 140ﾟ08' E                                                                                                    
                                      36ﾟ03' N                                                                                                    
                        ALTITUDE   :   25.2  m                                                                                                    
                        YEAR/MONTH : 1999/08                                                                                                      
                                                                                                                                                  
              DATE   -01  -02  -03  -04  -05  -06  -07  -08  -09  -10  -11  -12  -13  -14  -15  -16  -17  -18  -19  -20  -21  -22  -23  -24  TOTAL
                                                                                                                                                  
               8 1   136  136  134  135  135  138  142  145  145  147  148  148  149  149  148  147  145  145  144  143  143  142  142  140   3426
               8 2   141  142  141  138  137  137  139  144  148  151  154  155  151  153  155  153  152  151  149  145  145  143  143  143   3510
               8 3   143  143  141  139  138  138  140  143  150  147  151  157  160  163  157  158  155  152  150  147  146  147  146  146   3557
               8 4   146  145  148  153  146  152  149  154  150  158  159  155  156  157  159  152  150  147  143  142  142  144  150  157   3614
               8 5   161  161  162  154  151  150  147  150  156  153  155  155  155  155  153  152  151  150  148  148  148  148  147  146   3656
               8 6   147  146  145  150  151  145  145  149  157  155  158  156  156  157  156  153  152  148  147  146  146  146  145  145   3601
               8 7   146  147  149  147  150  146  148  152  156  156  156  157  158  155  153  153  151  149  147  XXX  XXX  XXX  XXX  142   XXXX
               8 8   143  143  143  143  143  143  144  149  150  XXX  153  156  155  157  157  152  150  148  146  145  144  144  144  144   XXXX
               8 9   143  145  142  142  146  144  152  150  154  158  151  147  140  146  151  147  145  149  147  145  145  151  149  152   3541
               810   158  161  160  158  160  158  160  161  162  163  162  164  160  163  164  164  158  159  150  149  155  151  152  144   3796
               811   144  143  142  141  141  141  143  146  148  149  152  153  155  155  153  153  152  151  149  148  147  147  146  146   3545
               812   146  146  146  147  153  154  153  154  153  154  158  160  160  158  155  155  153  156  155  154  151  150  151  150   3672
               813   158  153  149  158  158  154  149  151  155  157  163  161  164  163  162  160  160  157  161  161  157  156  159  161   3787
               814   158  161  162  162  161  161  162  163  162  162  162  163  162  163  163  164  163  162  159  156  150  150  154  160   3845
               815   159  159  156  153  155  159  160  160  159  157  161  161  158  157  154  152  152  154  156  148  146  145  145  144   3710
               816   147  152  155  149  144  143  144  147  149  150  152  154  164  157  156  154  151  150  147  146  146  147  145  144   3593
               817   145  144  143  144  144  145  146  152  155  162  160  160  158  157  156  155  154  154  152  151  150  150  149  149   3635
               818   148  148  148  148  147  147  148  150  153  156  162  160  159  163  157  153  151  148  145  145  145  146  145  143   3615
               819   142  141  140  140  141  142  143  147  152  153  152  152  151  151  152  153  152  150  148  147  149  145  144  143   3530
               820   143  143  142  141  142  142  144  154  155  159  157  155  154  161  155  149  149  148  150  149  153  150  146  143   3584
               821   140  139  139  140  141  140  142  145  152  151  154  151  150  149  150  149  150  152  152  150  146  144  143  145   3514
               822   144  143  143  142  142  147  144  146  149  153  160  155  158  160  155  154  154  153  152  151  152  155  150  149   3611
               823   149  148  147  147  146  146  147  149  151  153  158  159  159  159  159  157  156  153  150  149  153  154  160  160   3669
               824   157  152  150  154  156  158  157  156  161  162  164  161  165  162  165  162  161  160  160  161  163  161  162  161   3831
               825   158  157  158  158  159  157  156  154  155  153  150  145  155  153  144  139  140  142  140  146  149  146  152  153   3619
               826   153  150  145  138  137  145  136  145  149  152  153  153  151  155  158  158  156  157  156  157  151  147  148  152   3602
               827   154  155  154  153  152  150  153  155  154  155  156  155  156  156  154  154  161  153  153  150  153  153  154  151   3694
               828   152  151  150  151  145  154  156  156  157  158  159  160  158  161  162  163  161  150  151  158  160  161  161  158   3753
               829   155  161  161  160  159  152  158  158  159  158  158  158  157  153  150  150  154  149  154  151  155  148  147  146   3711
               830   141  143  140  138  138  143  139  151  154  151  152  150  149  145  144  145  145  144  146  154  154  157  157  157   3537
               831   157  157  157  157  155  159  157  151  154  151  156  161  162  159  160  154  152  XXX  149  148  147  147  146  144   XXXX
              ------------------------------------------------------------------------------------------------------------------------------------
              TOTAL 4614 4615 4592 4580 4573 4590 4603 4687 4764 4799 4846 4837 4845 4852 4817 4764 4736 4693 4656 4641 4641 4625 4631 4618 112660
              MEAN   149  149  148  148  148  148  148  151  154  155  156  156  156  157  155  154  153  151  150  150  150  149  149  149   3634
              MAX    161  161  162  162  161  161  162  163  162  163  164  164  165  163  165  164  163  162  161  161  163  161  162  161   3845
                N     31   31   31   31   31   31   31   31   31   30   31   31   31   31   31   31   31   30   31   30   30   30   30   31     28
              NOTE                                                 *)                                      *)        *)   *)   *)   *)          *)
                                                                                                                                                  
                   *): WITH MISSING DATA; TOTAL,MEAN,MAXIMUM ESTIMATED                                                                            
                                                                                                                                                  
                                                                                                                                                  
