                                                                                                                                                  
                                                                                                                                                  
                                                               *******************************                                                    
                                                                 DOWNWARD LONGWAVE RADIATION                                                      
                                                               *******************************                                                    
                                                                                                                  COUNTRY = JAPAN                 
                                                                                                                                                  
                                                                                                                                                  
                                                                     UNIT  = 0.01 MJ/m**2                                                         
                        STATION    : Tateno                                                                                                       
                        STATION NO.: 47646                                                                                                        
                        LOCATION   : 140ﾟ08' E                                                                                                    
                                      36ﾟ03' N                                                                                                    
                        ALTITUDE   :   25.2  m                                                                                                    
                        YEAR/MONTH : 1999/05                                                                                                      
                                                                                                                                                  
              DATE   -01  -02  -03  -04  -05  -06  -07  -08  -09  -10  -11  -12  -13  -14  -15  -16  -17  -18  -19  -20  -21  -22  -23  -24  TOTAL
                                                                                                                                                  
               5 1    97   98   97   96   95   94   95   97   99  102  104  107  108  107  107  106  105  104  104  104  104  106  107  105   2448
               5 2   104  102  101  101  100  101  102  104  106  108  110  110  112  113  113  115  116  113  111  108  117  113  113  124   2617
               5 3   124  117  124  119  113  115  121  125  130  132  133  130  132  132  131  124  123  129  130  127  129  131  131  129   3031
               5 4   128  128  130  132  135  131  132  134  137  139  140  143  143  143  143  143  144  144  144  145  146  147  146  147   3344
               5 5   148  149  150  151  148  145  136  120  126  118  117  116  116  115  113  115  119  117  117  127  129  132  131  133   3088
               5 6   133  131  131  131  130  129  119  118  110  117  123  112  116  123  116  121  122  114  113  111  110  109  108  107   2854
               5 7   106  105  103  102  XXX  101  102  105  108  XXX  112  113  113  117  117  115  115  114  113  112  112  113  114  113   XXXX
               5 8   112  111  110  108  108  108  110  114  117  117  119  125  124  XXX  125  130  137  134  133  134  133  122  115  119   XXXX
               5 9   136  123  119  116  118  133  135  127  122  133  134  134  134  131  130  128  127  126  127  125  126  126  128  128   3066
               510   127  124  123  120  119  120  125  130  131  134  134  133  133  132  130  127  126  126  123  121  119  116  115  116   3004
               511   119  125  121  126  119  119  135  137  139  131  118  127  136  134  134  133  120  118  122  122  120  119  125  132   3031
               512   133  131  132  131  132  130  121  114  112  114  119  127  120  115  115  116  116  115  113  115  116  116  116  117   2886
               513   118  117  116  115  115  115  116  118  120  125  127  127  129  133  128  123  122  121  121  122  121  122  124  122   2917
               514   120  118  118  118  115  115  115  116  118  129  130  123  120  120  120  126  134  139  139  139  138  136  131  135   3012
               515   126  132  135  130  133  131  122  113  XXX  XXX  133  127  135  137  138  139  135  125  124  126  129  132  133  134   XXXX
               516   132  130  130  129  130  131  131  136  139  139  142  143  143  143  143  141  143  142  142  140  139  135  134  130   3287
               517   130  130  129  125  122  112  119  116  119  124  123  122  117  113  111  110  110  109  108  109  108  109  109  114   2798
               518   115  112  112  119  117  114  124  131  131  125  133  139  139  134  135  138  135  130  127  127  125  129  129  125   3045
               519   127  132  134  136  136  138  140  141  141  149  145  144  158  151  154  148  143  143  142  142  144  145  146  148   3427
               520   149  149  150  149  149  149  148  149  151  XXX  XXX  XXX  133  141  133  XXX  XXX  119  119  117  115  113  112  112   XXXX
               521   113  115  121  122  121  125  118  118  117  114  112  113  114  114  115  116  117  118  118  120  122  122  120  115   2820
               522   114  117  116  117  115  114  113  115  117  121  123  125  127  128  126  126  130  131  134  129  127  120  118  116   2919
               523   115  113  112  111  111  112  114  116  118  120  123  125  126  126  127  125  125  125  128  127  127  125  119  118   2888
               524   117  116  117  123  123  122  125  130  133  137  141  141  XXX  141  142  143  144  XXX  XXX  XXX  XXX  XXX  XXX  XXX   XXXX
               525   XXX  XXX  142  142  142  143  XXX  146  137  132  134  132  137  XXX  137  143  149  140  126  126  139  137  135  136   XXXX
               526   141  140  131  140  138  133  135  129  127  126  136  132  134  139  135  134  137  141  140  137  138  139  140  143   3265
               527   144  144  145  145  146  147  148  152  156  157  154  151  152  155  151  146  147  146  145  143  143  143  145  145   3550
               528   145  141  139  138  138  138  140  146  147  XXX  XXX  140  141  142  XXX  139  138  138  138  137  138  137  143  137   XXXX
               529   141  143  142  141  141  137  131  133  140  132  132  131  135  138  135  136  133  134  128  132  135  138  136  140   3264
               530   140  138  132  136  120  110  110  111  113  114  116  116  117  118  119  119  121  119  118  118  119  118  118  118   2878
               531   118  125  119  116  115  114  117  117  119  123  123  124  125  125  122  120  120  118  115  114  112  112  114  115   2842
              ------------------------------------------------------------------------------------------------------------------------------------
              TOTAL 3897 3881 3881 3885 3869 3826 3822 3858 3906 3918 3943 3959 3999 4021 3974 3974 3980 3918 3887 3881 3906 3887 3881 3900  93363
              MEAN   126  125  125  125  125  123  123  124  126  126  127  128  129  130  128  128  128  126  125  125  126  125  125  126   3012
              MAX    149  149  150  151  149  149  148  152  156  157  154  151  158  155  154  148  149  146  145  145  146  147  146  148   3550
                N     30   30   31   31   30   31   30   31   30   27   29   30   30   29   30   30   30   30   30   30   30   30   30   30     24
              NOTE    *)   *)             *)        *)        *)   *)   *)   *)   *)   *)   *)   *)   *)   *)   *)   *)   *)   *)   *)   *)     *)
                                                                                                                                                  
                   *): WITH MISSING DATA; TOTAL,MEAN,MAXIMUM ESTIMATED                                                                            
                                                                                                                                                  
                                                                                                                                                  
