                                                                                                                                                  
                                                                                                                                                  
                                                               *******************************                                                    
                                                                 DOWNWARD LONGWAVE RADIATION                                                      
                                                               *******************************                                                    
                                                                                                                  COUNTRY = JAPAN                 
                                                                                                                                                  
                                                                                                                                                  
                                                                     UNIT  = 0.01 MJ/m**2                                                         
                        STATION    : Tateno                                                                                                       
                        STATION NO.: 47646                                                                                                        
                        LOCATION   : 140ﾟ08' E                                                                                                    
                                      36ﾟ03' N                                                                                                    
                        ALTITUDE   :   25.2  m                                                                                                    
                        YEAR/MONTH : 1999/07                                                                                                      
                                                                                                                                                  
              DATE   -01  -02  -03  -04  -05  -06  -07  -08  -09  -10  -11  -12  -13  -14  -15  -16  -17  -18  -19  -20  -21  -22  -23  -24  TOTAL
                                                                                                                                                  
               7 1   134  134  144  151  149  143  151  153  154  154  152  138  138  144  148  151  145  138  134  137  133  135  133  145   3438
               7 2   140  147  145  130  127  127  129  131  132  134  138  140  146  149  155  156  153  153  152  149  148  150  150  150   3431
               7 3   150  149  149  151  156  155  156  156  157  159  158  158  157  157  159  159  158  157  158  159  158  157  154  152   3739
               7 4   153  150  155  154  147  142  148  151  148  152  154  156  154  152  151  150  154  148  145  151  153  151  150  150   3619
               7 5   148  147  146  146  143  145  146  146  146  147  147  148  149  148  148  139  141  148  147  147  147  147  146  147   3509
               7 6   146  144  137  139  143  144  145  146  145  146  146  142  141  141  139  128  127  127  144  144  140  143  128  138   3363
               7 7   133  125  125  122  115  114  115  115  118  121  123  124  124  123  123  123  122  122  XXX  121  120  119  120  121   XXXX
               7 8   118  117  120  117  130  125  116  117  118  123  131  126  124  123  122  123  123  123  122  120  119  120  119  118   2914
               7 9   126  132  142  145  145  145  146  148  148  149  150  151  150  149  146  136  142  145  138  126  125  123  123  123   3353
               710   123  126  142  135  127  124  124  132  147  149  152  153  154  153  154  154  154  154  XXX  151  152  152  152  152   XXXX
               711   152  153  153  152  153  153  153  154  155  156  157  157  157  157  160  160  159  158  158  158  157  156  156  156   3740
               712   157  157  157  158  158  159  158  159  158  158  159  159  156  155  157  154  151  150  148  149  150  151  157  157   3732
               713   156  158  157  157  157  156  156  157  156  156  156  158  159  160  160  158  159  160  160  160  160  159  159  159   3793
               714   158  159  159  160  158  160  159  159  161  162  163  162  159  164  158  161  159  161  163  162  159  161  162  161   3850
               715   161  161  158  156  157  160  160  161  162  163  163  164  164  165  165  164  163  162  155  149  146  143  142  140   3784
               716   139  139  144  145  147  156  158  158  151  155  154  150  150  152  158  161  155  154  157  147  144  144  142  141   3601
               717   143  145  145  149  149  148  150  153  156  160  161  162  162  160  158  156  161  159  157  155  153  156  153  153   3704
               718   151  145  149  148  148  150  147  150  155  159  159  160  155  150  147  149  149  149  154  153  152  153  154  153   3639
               719   151  152  153  151  XXX  150  150  154  154  153  154  156  158  158  158  154  149  144  148  151  XXX  151  153  152   XXXX
               720   147  152  153  152  152  153  153  153  154  154  156  156  157  155  158  157  155  149  148  154  158  159  155  158   3698
               721   160  161  161  158  153  147  146  149  152  153  159  160  161  161  162  161  159  159  156  158  160  160  154  154   3764
               722   157  155  153  153  148  150  153  154  152  157  160  159  156  153  154  156  161  164  163  160  156  151  151  149   3725
               723   146  145  144  143  146  153  151  148  160  161  160  160  158  154  154  152  151  149  149  147  147  147  146  144   3615
               724   143  143  143  142  142  142  145  148  150  151  150  149  149  148  147  146  145  144  XXX  142  142  141  142  142   XXXX
               725   141  140  142  142  139  139  142  146  148  149  151  156  159  155  153  152  151  153  156  150  147  146  145  144   3546
               726   143  143  142  141  139  139  140  143  144  147  149  153  155  151  148  146  145  144  144  142  142  142  143  145   3470
               727   145  145  147  144  143  143  143  148  155  153  150  154  153  152  150  149  149  147  147  147  146  146  146  146   3548
               728   146  143  142  143  149  144  147  159  156  157  152  153  154  154  153  151  150  148  146  145  146  145  145  148   3576
               729   147  147  148  149  150  149  146  147  148  150  150  150  149  150  150  151  151  151  149  148  148  147  145  143   3563
               730   142  141  139  138  138  138  140  143  145  146  147  149  149  150  150  149  148  147  145  144  144  144  143  140   3459
               731   139  140  139  138  137  137  137  138  141  141  142  140  143  142  143  144  144  144  141  140  137  137  137  136   3357
              ------------------------------------------------------------------------------------------------------------------------------------
              TOTAL 4495 4495 4533 4509 4489 4490 4510 4576 4626 4675 4703 4703 4700 4685 4688 4650 4633 4611 4631 4566 4535 4536 4505 4517 110831
              MEAN   145  145  146  145  145  145  145  148  149  151  152  152  152  151  151  150  149  149  149  147  146  146  145  146   3575
              MAX    161  161  161  160  158  160  160  161  162  163  163  164  164  165  165  164  163  164  163  162  160  161  162  161   3850
                N     31   31   31   31   30   31   31   31   31   31   31   31   31   31   31   31   31   31   28   31   30   31   31   31     27
              NOTE                        *)                                                                    *)        *)                    *)
                                                                                                                                                  
                   *): WITH MISSING DATA; TOTAL,MEAN,MAXIMUM ESTIMATED                                                                            
                                                                                                                                                  
                                                                                                                                                  
