                                                                                                                                                  
                                                                                                                                                  
                                                               *******************************                                                    
                                                                 DOWNWARD LONGWAVE RADIATION                                                      
                                                               *******************************                                                    
                                                                                                                  COUNTRY = JAPAN                 
                                                                                                                                                  
                                                                                                                                                  
                                                                     UNIT  = 0.01 MJ/m**2                                                         
                        STATION    : Tateno                                                                                                       
                        STATION NO.: 47646                                                                                                        
                        LOCATION   : 140ﾟ08' E                                                                                                    
                                      36ﾟ03' N                                                                                                    
                        ALTITUDE   :   25.2  m                                                                                                    
                        YEAR/MONTH : 1999/11                                                                                                      
                                                                                                                                                  
              DATE   -01  -02  -03  -04  -05  -06  -07  -08  -09  -10  -11  -12  -13  -14  -15  -16  -17  -18  -19  -20  -21  -22  -23  -24  TOTAL
                                                                                                                                                  
              11 1   126  131  133  136  134  133  136  140  140  143  146  149  151  152  147  140  137  137  136  135  125  121  122  126   3276
              11 2   121  129  130  132  132  131  129  129  129  129  131  130  129  128  128  129  129  128  128  128  126  124  123  127   3079
              11 3   121  125  126  108  110  115  116  116  113  112  118  117  125  115  111  110  106  109  113  114  124  129  130  130   2813
              11 4   127  129  130  130  129  131  123  129  122  131  129  133  131  129  122  120  115  114  115  109  103  101   99   98   2899
              11 5    97   97   96   96   94   93   94   95   97   99  100  101  102  103  104  105  104  103  103  102  103  103  103  102   2396
              11 6   101  100   99   98   98  100  105  106  104  110  113  117  117  114  119  117  112  114  112  118  116  113  111  112   2626
              11 7   119  122  130  131  130  130  131  131  129  130  125  127  129  128  126  130  126  118  118  129  124  129  128  129   3049
              11 8   119  111  116  119  110  108  124  132  125  115  XXX  128  133  131  126  129  130  129  132  137  130  114  111  110   XXXX
              11 9   110  108  106  105  104  104  104  103  105  108  109  123  118  126  133  132  133  130  129  125  111  108  113  124   2771
              1110   119  110   97   96  106   99   95   95   96   99   98  104  105  104  100   99   98   98   97   97   97   96   97   95   2397
              1111    94   94   93   93   93   92   92   93   95   98  101  103  106  109  121  130  118  118  121  120  116  119  119  120   2558
              1112   121  126  128  132  132  132  132  132  132  131  129  128  128  129  129  131  133  130  121  118  130  128  118  137   3087
              1113   134  138  136  112  123  131  133  134  133  112  111  113  112  112  118  111  108  106  104  102  101   99   98   97   2778
              1114    97   97   97   97   97   96   96   98  100  103  106  107  109  111  117  113  110  108  107  107  106  109  113  112   2513
              1115   116  118  126  126  130  129  131  XXX  133  134  134  136  136  138  139  139  139  140  138  138  138  138  137  136   XXXX
              1116   136  136  136  134  133  132  133  132  132  132  131  130  121  106  113  120  111  101   95   92   89   89   88   88   2810
              1117    88   88   87   86   86   87   87   88   89   92   93   94   96   95   94   94   98  101   99  109  104  114  122  122   2313
              1118   121  121  122  123  120  121  114  108  105   96   97  100  101  101  102  102  100  100  100   99   97   96   96   95   2537
              1119    94   94   93   92   92   92   92   93   97   99  102  105  106  107  111  110  106  103  102  102  102  101  100   99   2394
              1120    97   98  100   98  105   97  102  114  115  108  116  117  115  124  119  118  106  106  105  105  106  104  104  102   2581
              1121   100  100   99   98   97   96   96   97   98  100  102  103  105  105  105  105  104  103  103  103  103  103  102  101   2428
              1122   100   99   97   97   96   96   95   95   98  102  104  110  111  109  113  117  119  111  109  107  106  106  106  104   2507
              1123   104  103  102  104  109  109  108  109  116  118  120  119  118  114  116  119  112  110  104  104  110  120  118  115   2681
              1124   118  123  125  126  127  128  128  129  128  130  130  129  131  132  133  133  134  131  132  134  133  131  122  125   3092
              1125   120  107  106  105  111  113  114  124  111  116  130  128  123  106  107  108  110  111  111  109  109  110  113  113   2715
              1126   114  110  113  118  117  113  110  110  113  118  116  111  110  108  112  117  116  108  104  102  101  100  108  118   2667
              1127   116  115  117  117  115  106   98   99   91   94   96   98  103  104  117  107  109  112  116  120  120  117  116  113   2616
              1128   113   97   95   93   93   93   92   92   93   95   97   98   99   99   99   97   96   95   94   93   92   91   91   90   2287
              1129    88   87   86   86   86   85   85   85   87   89   91   92   93   94   95   94   94   94   93   94   94   98  100  115   2205
              1130   102  101  105  104   97  102   95   95   95   97   99  102  101   98   98   98   98   98   97   96   95   94   93   93   2353
              ------------------------------------------------------------------------------------------------------------------------------------
              TOTAL 3333 3314 3326 3292 3306 3294 3290 3312 3321 3340 3387 3452 3464 3431 3474 3474 3411 3366 3338 3348 3311 3305 3301 3348  79743
              MEAN   111  110  111  110  110  110  110  110  111  111  113  115  115  114  116  116  114  112  111  112  110  110  110  112   2658
              MAX    136  138  136  136  134  133  136  140  140  143  146  149  151  152  147  140  139  140  138  138  138  138  137  137   3276
                N     30   30   30   30   30   30   30   29   30   30   29   30   30   30   30   30   30   30   30   30   30   30   30   30     28
              NOTE                                       *)             *)                                                                      *)
                                                                                                                                                  
                   *): WITH MISSING DATA; TOTAL,MEAN,MAXIMUM ESTIMATED                                                                            
                                                                                                                                                  
                                                                                                                                                  
                                                                                                                                                  
