                                                                                                                                                  
                                                                                                                                                  
                                                               *******************************                                                    
                                                                 DOWNWARD LONGWAVE RADIATION                                                      
                                                               *******************************                                                    
                                                                                                                  COUNTRY = JAPAN                 
                                                                                                                                                  
                                                                                                                                                  
                                                                     UNIT  = 0.01 MJ/m**2                                                         
                        STATION    : Tateno                                                                                                       
                        STATION NO.: 47646                                                                                                        
                        LOCATION   : 140ﾟ08' E                                                                                                    
                                      36ﾟ03' N                                                                                                    
                        ALTITUDE   :   25.2  m                                                                                                    
                        YEAR/MONTH : 1999/10                                                                                                      
                                                                                                                                                  
              DATE   -01  -02  -03  -04  -05  -06  -07  -08  -09  -10  -11  -12  -13  -14  -15  -16  -17  -18  -19  -20  -21  -22  -23  -24  TOTAL
                                                                                                                                                  
              10 1   146  147  144  149  151  151  149  XXX  140  143  139  148  149  142  148  149  142  134  141  149  141  142  150  151   XXXX
              10 2   151  151  151  150  151  149  150  145  133  139  145  149  144  148  140  147  143  141  137  134  133  134  137  138   3440
              10 3   139  141  152  150  150  151  145  151  154  152  150  150  150  147  144  142  141  140  139  139  139  138  137  135   3476
              10 4   134  129  119  117  119  XXX  127  128  126  116  122  130  128  120  121  116  116  119  122  115  113  113  113  113   XXXX
              10 5   116  115  115  118  130  134  133  134  136  137  141  141  142  142  143  143  142  142  141  140  140  141  140  141   3247
              10 6   141  141  141  126  124  122  124  132  132  136  135  135  130  XXX  126  125  126  130  124  125  124  125  125  130   XXXX
              10 7   141  139  139  141  141  145  145  145  146  146  147  144  145  142  137  138  146  148  151  147  147  150  145  141   3456
              10 8   148  148  147  146  143  XXX  144  146  146  145  147  148  145  146  142  142  141  138  136  133  127  122  124  124   XXXX
              10 9   120  131  139  140  129  127  123  116  114  115  116  117  118  117  115  113  113  112  114  133  133  134  129  124   2942
              1010   131  124  107  107  106  105  106  107  109  111  113  113  114  117  115  114  112  112  113  111  112  113  113  112   2697
              1011   113  112  112  111  111  110  110  113  116  119  121  123  125  128  132  133  133  131  131  129  128  135  136  135   2947
              1012   131  125  126  135  126  122  121  123  126  128  130  132  135  137  138  139  138  136  134  143  143  146  141  129   3184
              1013   128  127  127  128  130  130  127  129  144  147  137  136  141  139  138  139  139  136  134  134  137  140  141  137   3245
              1014   140  146  143  149  150  149  143  136  137  140  138  141  147  145  149  150  148  145  142  140  138  138  138  138   3430
              1015   138  138  139  139  139  139  139  139  139  139  139  139  139  139  139  140  140  140  140  140  140  140  140  140   3343
              1016   140  140  140  140  141  140  140  140  140  141  141  142  142  142  141  143  142  141  140  139  137  137  135  136   3360
              1017   137  136  131  131  130  131  130  129  129  127  126  124  127  122  124  129  131  129  131  130  127  124  129  116   3080
              1018   108  106  104  102  101  100   99  102  110  112  116  116  114  114  109  108  114  115  109  109  106  112  107  107   2600
              1019   101  101  101  101  106  104  101  100  103  112  118  125  119  119  125  117  117  118  117  114  126  123  131  131   2730
              1020   128  129  128  128  129  130  129  130  131  131  134  133  133  132  133  133  130  123  116  112  110  110  109  107   3008
              1021   107  107  106  106  105  104  103  103  104  106  108  109  111  112  112  112  110  109  109  109  109  109  109  108   2587
              1022   107  108  109  109  114  XXX  118  XXX  XXX  XXX  132  131  137  132  130  131  131  132  130  129  130  131  125  125   XXXX
              1023   122  123  121  113  112  110  108  107  108  110  111  113  115  115  111  111  111  112  109  103  100   98   97   95   2635
              1024    95   98   99   99  100   98   93  XXX   99  101  105  107  106  106  106  106  108  105  104  103  103  102  101  101   XXXX
              1025   100   99   97   97   96   96   95   96   98  101  102  104  105  105  105  104  104  104  104  104  104  103  103  102   2428
              1026   100   99  100   99   98   98   98  100  104  107  109  110  116  113  113  111  111  111  112  113  118  130  124  116   2610
              1027   131  135  136  134  126  129  132  133  137  135  140  141  142  143  143  141  142  143  138  141  142  143  141  140   3308
              1028   137  136  133  133  131  125  120  117  118  118  119  119  119  119  119  117  115  115  113  112  111  110  111  112   2879
              1029   119  121  117  112  109  104  104  108  112  113  117  117  120  130  130  127  137  124  132  142  134  132  126  120   2907
              1030   118  117  116  114  113  112  112  XXX  126  126  126  120  122  124  129  119  125  136  129  124  122  124  125  118   XXXX
              1031   119  135  129  128  124  129  135  134  135  134  138  138  135  138  139  137  125  117  115  127  118  127  126  119   3101
              ------------------------------------------------------------------------------------------------------------------------------------
              TOTAL 3886 3904 3868 3852 3835 3813 3803 3838 3878 3912 3962 3995 4015 4005 3996 3976 3973 3938 3907 3923 3892 3926 3908 3841  93828
              MEAN   125  126  125  124  124  123  123  124  125  126  128  129  130  129  129  128  128  127  126  127  126  127  126  124   3027
              MAX    151  151  152  150  151  151  150  151  154  152  150  150  150  148  149  150  148  148  151  149  147  150  150  151   3476
                N     31   31   31   31   31   28   31   27   30   30   31   31   31   30   31   31   31   31   31   31   31   31   31   31     24
              NOTE                             *)        *)   *)   *)                  *)                                                       *)
                                                                                                                                                  
                   *): WITH MISSING DATA; TOTAL,MEAN,MAXIMUM ESTIMATED                                                                            
                                                                                                                                                  
                                                                                                                                                  
