                                                                                                                                                  
                                                                                                                                                  
                                                               *******************************                                                    
                                                                 DOWNWARD LONGWAVE RADIATION                                                      
                                                               *******************************                                                    
                                                                                                                  COUNTRY = JAPAN                 
                                                                                                                                                  
                                                                                                                                                  
                                                                     UNIT  = 0.01 MJ/m**2                                                         
                        STATION    : Tateno                                                                                                       
                        STATION NO.: 47646                                                                                                        
                        LOCATION   : 140ﾟ08' E                                                                                                    
                                      36ﾟ03' N                                                                                                    
                        ALTITUDE   :   25.2  m                                                                                                    
                        YEAR/MONTH : 1999/01                                                                                                      
                                                                                                                                                  
              DATE   -01  -02  -03  -04  -05  -06  -07  -08  -09  -10  -11  -12  -13  -14  -15  -16  -17  -18  -19  -20  -21  -22  -23  -24  TOTAL
                                                                                                                                                  
               1 1    79   78   78   77   76   76   76   77   77   79   80   81   82   82   81   81   80   79   80   79   80   91   94   82   1925
               1 2    79   92  102   88   77   78   79   78   79   80   83   85   85   86   95   89   88   87   87   88   88   87   89   91   2060
               1 3    83   82   81   82   80   80   80   80   80   83   84   88   85   84   83   82   81   80   80   80   80   80   80   80   1958
               1 4    83   81   79   79   79   79   79   79   80   82   84   86   85   85   85   85   84   83   82   81   80   80   79   79   1958
               1 5    79   79   78   77   77   77   78   78   79   81   82   83   84   84   85   85   85   84   84   84   84   85   85   85   1962
               1 6    92  111   88   84   83   82   82   82   82   84   90   96   98   94   97  101   98   97   97  106  107  103   98  105   2257
               1 7   102   95  100   96   91   88   88   88   90   94  104   98   94   95   97   96   98   96  100  115   99   86   99   92   2301
               1 8    95   79   79   82   77   76   77   75   75   76   77   82   87   78   79   78   78   80   88   99  102   96   99   82   1996
               1 9    76   73   73   73   72   72   72   72   73   74   75   76   78   79   78   77   77   76   76   76   76   75   75   75   1799
               110    74   75   74   74   74   75   75   76   79   80   81   82   84   86   84   83   81   80   91   84   79   79   79   78   1907
               111    79   79   81   81   79   79   79   80   81   81   82   83   83   84   82   81   80   80   80   79   79   79   79   78   1928
               112    78   78   78   79   79   78   79   80   81   83   84   85   86   90   97   92   86   85   83   82   82   84   82   81   1992
               113    81   81   80   79   78   78   78   79   80   81   83   84   84   86   87   86   84   83   82   82   83   83   84   84   1970
               114    83   82   81   80   80   80   80   79   80   81   84   86   86   86   86   85   83   82   81   81   81   81   82   86   1976
               115    95   99  100   99  101  107  102  105  110  109  111  114  115  114  115  116  113  114  113  114  112   90   84   84   2536
               116    83   82   81   80   80   80   80   80   81   83   85   86   87   88   92   93   92   91   90   89   88   87   85   83   2046
               117    82   80   78   76   76   76   75   76   77   78   79   79   80   81   82   82   82   81   81   81   81   82   82   96   1923
               118   107  104   92   89   92  103   94   98   92   89   87   89   91   92   93   94   93   92   92   92   91   90   89   87   2232
               119    86   85   86   88   88   88   89   89   95  102  110  117  120  123  122  120  120  121  121  111  121  123  124  101   2550
               120    92   91   89   88   88   90   89   88   88   89   94   96   95   97   98   99   99   99   97   96   97  107  100   93   2259
               121    92  108  106   94   83   79   78   78   79   80   80   81   81   81   81   80   79   77   78   78   78   81   79   79   1990
               122    84  104  101   92   80   78   79   79   80   81   83   86   87   88   88   89   87   87   89   90   89  XXX   90   90   XXXX
               123    90   87   84   84   84   83   83   83   85   87   89   95  100  102  103   99   95   94   97  104  110  109  105  106   2258
               124   108  110  111  107  110  109  112  113  114  116  116  117  116  115  116  116  117  117  115  105  113  116  116  117   2722
               125   117  118  118  118  119  119  118  120  120  120  116  115  121  119  122  118  114  120  121  122  123  123  123  122   2866
               126   117  101  108  116  119  119  121  121  117  118  104   92   94   97   96   96  107  100   95   94   91   89   87   88   2487
               127    95   95   95  109  109  113  111  115  117  115  117  121  122  123  123  118  109  109  111  114  113  113  112  113   2692
               128    98   91   90   89   87   86   86   86   87   89   91   93   94   95   95   96   97   96   94   92   92   88   85   89   2186
               129    88   90  108  110  101   84   87   81   81   82   83   84   84   90   95   86   83   82   82   82   82   82   81   80   2088
               130    81   86   77   75   75   74   72   73   74   74   73   73   74   76   77   78   78   78   79   87   97   85   92   95   1903
               131    95   82   82   81   81   79   79   79   79   81   83   85   86   87   87   87   87   86   87   87   89   94   94   92   2049
              ------------------------------------------------------------------------------------------------------------------------------------
              TOTAL 2773 2778 2758 2726 2675 2665 2657 2667 2692 2732 2774 2818 2848 2867 2901 2868 2835 2816 2833 2854 2867 2840 2832 2793  66935
              MEAN    89   90   89   88   86   86   86   86   87   88   89   91   92   92   94   93   91   91   91   92   92   92   91   90   2159
              MAX    117  118  118  118  119  119  121  121  120  120  117  121  122  123  123  120  120  121  121  122  123  123  124  122   2866
                N     31   31   31   31   31   31   31   31   31   31   31   31   31   31   31   31   31   31   31   31   31   30   31   31     30
              NOTE                                                                                                             *)               *)
                                                                                                                                                  
                   *): WITH MISSING DATA; TOTAL,MEAN,MAXIMUM ESTIMATED                                                                            
                                                                                                                                                  
                                                                                                                                                  
