                                                                                                                                                  
                                                                                                                                                  
                                                               *******************************                                                    
                                                                 DOWNWARD LONGWAVE RADIATION                                                      
                                                               *******************************                                                    
                                                                                                                  COUNTRY = JAPAN                 
                                                                                                                                                  
                                                                                                                                                  
                                                                     UNIT  = 0.01 MJ/m**2                                                         
                        STATION    : Tateno                                                                                                       
                        STATION NO.: 47646                                                                                                        
                        LOCATION   : 140ﾟ08' E                                                                                                    
                                      36ﾟ03' N                                                                                                    
                        ALTITUDE   :   25.2  m                                                                                                    
                        YEAR/MONTH : 1999/12                                                                                                      
                                                                                                                                                  
              DATE   -01  -02  -03  -04  -05  -06  -07  -08  -09  -10  -11  -12  -13  -14  -15  -16  -17  -18  -19  -20  -21  -22  -23  -24  TOTAL
                                                                                                                                                  
              12 1    93   92   91   90   89   89   92   92   99  101  108  111  112  113  116  116  117  120  120  124  126  126  124  124   2585
              12 2   123  124  124  124  124  123  124  124  124  124  124  123  124  121  119  110  108  105  100   96   94   92   90   89   2733
              12 3    88   88   88   87   87   86   86   86   87   88   89   90   90   89   88   88   88   87   89   88   88   86   86   85   2102
              12 4    84   84   84   83   84   84   86  107  113  106  113  112  103   97   97   96  102   98  101   94   92   92   94   98   2304
              12 5    99  104  105  108  109  108  110  112  112  112  102  101  103  111  113  104  104  108  104  114  125  123  123  125   2639
              12 6   126  126  127  127  127  127  124  127  125  113  113  119  114  125  123  111  102  101  101  100   99   97  106   93   2753
              12 7    90   89   90   90   89   88   87   86   87   87   88   88   87   89   88   87   86   85   85   85   84   84   84   84   2087
              12 8    83   84   84   84   84   84   83   84   85   87   89   90   91   92   92   92   92   91   94  113  115  116  118  119   2246
              12 9   113  110  104   95   94   95   97   96   91   91   96  102   99  101  103  103  101  100  101  100   97   96   95   94   2374
              1210   XXX   91   90   89   89   89   88   88   90   93  113  121  117  119  107  105  101   99   98   97   97   95   94   92   XXXX
              1211    89   88   88   87   86   88   89   90   92   93   96   97   99  100  100   98   97   96   91   89   88   87   86   86   2200
              1212    86   85   85   85   86   86   89   98   93   89   94   91   91  100   94   98  113   99   89   87   87   86   86   85   2182
              1213    85   84   84   84   84   84   82   83   85   87   89   90   92   93   94   94   94   95   94   92   91   90   89   87   2126
              1214    86   86   85   85   85   85   89   91   92  100  112  112  113   99   91   94   92   92  105   97  109  114  114  113   2341
              1215   105  113  113  104   92   98  101   97  107   96   93   99   99   96   96   98  100   91   89   88   88   88   87   86   2324
              1216    86   85   85   85   85   84   84   84   85   87   92  100  103   95   94   94   92   93   93   93   92   92   91   90   2164
              1217    89   89   89   89   89   90   90   90   91   93   95   96   99  105  XXX  103  110  111  111  111  110  110  109  110   XXXX
              1218   113  113  113  109  113  115  115  113  111  112  113  116  115  105  112  114  116  116  115  114  113  113  112  110   2711
              1219   110  106  108   98   88   86   82   83   83   85   86   86   88   89   89   90   93   98   95   96   91   87   87   86   2190
              1220    83   83   87  101  101   82   79   79   80   81   83   84   86   87   87   86   85   84   86   93   85   84   86   80   2052
              1221    78   77   78   78   78   77   76   76   77   79   81   82   84   84   85   84   84  XXX  XXX  XXX  XXX  XXX  XXX  XXX   XXXX
              1222   XXX  XXX  XXX  XXX  XXX  XXX  XXX  XXX   82   82   84   85   85   85   85   85   86   86   85   83   82   81   80   79   XXXX
              1223    79   79   79   79   79   79   80   80   81   83   86   86   87   90   89   87   86   86   85   85   85   84   83   82   1999
              1224    82   81   81   82   82   90   97  109   98  100   92   92   92   91   89   90   90   89   89   90   92   91   91   87   2167
              1225    84   84   85   85   85   90   88   86   88   88   91   92   94   94   94   94   93   91   91   90   89   88   86   86   2136
              1226    85   85   84   84   83   86   84   86   90   91   87   88   89   89   88   87   86   85   85   84   84   84   84   83   2061
              1227    83   82   82   82   82   81   81   82   83   84   85   86   86   87   88   89   88   87   87   87   87   87   87   87   2040
              1228    86   86   86   86   88   88   85   85   89   94   91   89   90   91   91   91   90   90   91   92   92   92   95   94   2152
              1229    93   92   94   89   93   90   88   87   88   89   92   94   95   96   97   96   96   95   96   97   97   95   94   93   2236
              1230    92   94   97  107  104  102  105  101   93   95   96   98  103  102  100   98   97   97  100  105  106  103  119  120   2434
              1231   120  113  121  119  118  119  116  116  118  120  121  121  111  103  113   98   96   97   98   98   94   94   92   91   2607
              ------------------------------------------------------------------------------------------------------------------------------------
              TOTAL 2902 2889 2905 2889 2871 2864 2871 2911 2919 2930 2994 3041 3041 3038 3019 2980 2985 2967 2964 2979 2976 2951 2967 2933  71123
              MEAN    94   93   94   93   93   92   93   94   94   95   97   98   98   98   97   96   96   96   96   96   96   95   96   95   2294
              MAX    126  126  127  127  127  127  124  127  125  124  124  123  124  125  123  116  117  120  120  124  126  126  124  125   2753
                N     29   30   30   30   30   30   30   30   31   31   31   31   31   31   30   31   31   30   30   30   30   30   30   30     27
              NOTE    *)   *)   *)   *)   *)   *)   *)   *)                                 *)             *)   *)   *)   *)   *)   *)   *)     *)
                                                                                                                                                  
                   *): WITH MISSING DATA; TOTAL,MEAN,MAXIMUM ESTIMATED                                                                            
                                                                                                                                                  
                                                                                                                                                  
