                                                                                                                                                  
                                                                                                                                                  
                                                               *******************************                                                    
                                                                 DOWNWARD LONGWAVE RADIATION                                                      
                                                               *******************************                                                    
                                                                                                                  COUNTRY = JAPAN                 
                                                                                                                                                  
                                                                                                                                                  
                                                                     UNIT  = 0.01 MJ/m**2                                                         
                        STATION    : Tateno                                                                                                       
                        STATION NO.: 47646                                                                                                        
                        LOCATION   : 140ﾟ08' E                                                                                                    
                                      36ﾟ03' N                                                                                                    
                        ALTITUDE   :   25.2  m                                                                                                    
                        YEAR/MONTH : 1999/09                                                                                                      
                                                                                                                                                  
              DATE   -01  -02  -03  -04  -05  -06  -07  -08  -09  -10  -11  -12  -13  -14  -15  -16  -17  -18  -19  -20  -21  -22  -23  -24  TOTAL
                                                                                                                                                  
               9 1   143  142  142  142  142  141  142  144  147  150  152  152  154  154  153  153  152  152  154  150  147  149  143  145   3545
               9 2   145  149  150  151  152  153  154  153  149  152  147  147  149  147  146  144  148  152  149  147  147  146  152  143   3572
               9 3   143  151  147  142  152  141  139  145  145  148  153  155  151  148  151  151  148  143  145  146  147  141  142  150   3524
               9 4   139  142  144  144  145  145  145  145  146  147  150  154  151  152  154  148  147  143  146  144  140  141  134  133   3479
               9 5   132  134  131  129  129  128  129  137  132  135  142  147  146  144  140  137  134  131  130  132  132  133  133  133   3230
               9 6   136  141  134  133  132  134  132  134  138  140  147  152  154  154  155  147  145  144  153  155  155  147  150  143   3455
               9 7   139  145  154  149  149  155  153  150  148  153  160  161  159  156  163  162  160  157  159  158  159  158  156  155   3718
               9 8   153  153  153  153  151  154  159  147  156  152  151  154  157  159  155  157  161  159  154  149  147  147  148  149   3678
               9 9   147  147  146  144  146  150  150  147  152  151  153  154  155  156  149  147  146  145  144  144  146  152  153  155   3579
               910   153  144  148  154  152  150  146  147  149  152  153  156  156  153  159  156  156  160  158  153  150  149  145  149   3648
               911   151  152  152  152  150  152  151  152  155  155  160  158  153  153  153  153  152  153  150  152  149  148  146  144   3646
               912   144  144  145  146  147  146  151  148  151  152  XXX  153  156  156  156  162  XXX  155  153  151  151  148  147  145   XXXX
               913   145  145  144  143  147  147  146  147  151  149  150  151  152  153  156  164  163  162  153  154  156  155  148  148   3629
               914   152  150  149  150  151  145  144  146  148  156  159  160  163  158  155  152  152  152  149  151  156  161  157  161   3677
               915   162  157  156  158  160  155  155  160  160  159  161  162  162  162  158  159  156  158  163  158  154  153  151  150   3789
               916   148  138  135  143  148  149  148  XXX  147  149  152  151  154  154  154  153  151  149  148  150  150  149  150  151   XXXX
               917   151  152  151  152  152  151  151  151  151  152  153  153  154  154  155  155  155  154  154  152  143  153  154  154   3657
               918   153  153  153  153  153  153  144  150  153  155  155  157  157  157  155  152  156  XXX  145  142  140  148  147  139   XXXX
               919   143  139  140  144  151  XXX  152  152  XXX  153  151  150  158  157  150  161  154  148  146  144  143  144  143  142   XXXX
               920   141  139  143  144  144  145  146  149  153  158  161  162  158  157  156  155  152  152  154  157  153  152  156  157   3644
               921   158  162  161  163  160  160  158  157  157  156  155  155  154  154  152  152  151  151  151  150  151  151  151  151   3721
               922   151  151  151  151  151  151  151  XXX  XXX  150  151  150  150  XXX  149  149  149  148  147  146  146  145  145  145   XXXX
               923   141  142  144  143  144  145  XXX  144  144  134  142  143  150  154  154  154  150  149  137  136  135  133  132  132   XXXX
               924   132  133  143  131  131  137  145  144  148  146  144  152  161  159  161  158  162  162  161  159  158  156  153  151   3587
               925   148  148  146  144  142  141  141  143  143  146  148  150  151  152  153  153  156  XXX  146  145  144  145  149  152   XXXX
               926   149  147  146  144  137  135  137  134  141  143  147  151  150  148  143  142  140  136  134  134  136  129  132  126   3361
               927   125  127  123  129  126  124  125  125  138  145  139  135  138  135  136  133  131  130  129  129  129  128  128  128   3135
               928   127  125  124  123  123  123  XXX  125  127  129  132  137  136  135  135  132  130  127  126  125  124  122  124  125   XXXX
               929   126  126  127  128  134  133  139  146  150  151  152  153  154  154  154  155  155  154  154  154  154  154  154  153   3514
               930   151  141  142  151  147  144  140  134  135  137  138  140  142  142  142  143  142  147  142  151  148  150  147  141   3437
              ------------------------------------------------------------------------------------------------------------------------------------
              TOTAL 4328 4319 4324 4333 4348 4332 4365 4347 4407 4455 4509 4555 4585 4569 4552 4539 4503 4470 4434 4418 4390 4387 4370 4350 106671
              MEAN   144  144  144  144  145  144  145  145  147  149  150  152  153  152  152  151  150  149  148  147  146  146  146  145   3556
              MAX    162  162  161  163  160  160  159  160  160  159  161  162  163  162  163  164  163  162  163  159  159  161  157  161   3789
                N     30   30   30   30   30   29   28   28   28   30   29   30   30   29   30   30   29   28   30   30   30   30   30   30     22
              NOTE                             *)   *)   *)   *)        *)             *)             *)   *)                                   *)
                                                                                                                                                  
                   *): WITH MISSING DATA; TOTAL,MEAN,MAXIMUM ESTIMATED                                                                            
                                                                                                                                                  
                                                                                                                                                  
                                                                                                                                                  
