                                                                                                                                                  
                                                                                                                                                  
                                                               *******************************                                                    
                                                                 DOWNWARD LONGWAVE RADIATION                                                      
                                                               *******************************                                                    
                                                                                                                  COUNTRY = JAPAN                 
                                                                                                                                                  
                                                                                                                                                  
                                                                     UNIT  = 0.01 MJ/m**2                                                         
                        STATION    : Tateno                                                                                                       
                        STATION NO.: 47646                                                                                                        
                        LOCATION   : 140ﾟ08' E                                                                                                    
                                      36ﾟ03' N                                                                                                    
                        ALTITUDE   :   25.2  m                                                                                                    
                        YEAR/MONTH : 2000/06                                                                                                      
                                                                                                                                                  
              DATE   -01  -02  -03  -04  -05  -06  -07  -08  -09  -10  -11  -12  -13  -14  -15  -16  -17  -18  -19  -20  -21  -22  -23  -24  TOTAL
                                                                                                                                                  
               6 1   143  143  141  142  135  131  130  130  133  145  141  141  141  144  145  143  147  146  144  144  143  142  131  124   3349
               6 2   133  126  138  140  125  120  120  125  129  131  127  127  129  132  135  135  137  132  129  131  140  136  140  137   3154
               6 3   134  130  127  128  129  129  131  135  134  137  143  143  142  147  148  145  145  145  144  144  139  138  138  138   3313
               6 4   136  135  129  120  118  116  117  115  117  120  122  124  128  126  126  127  134  134  132  134  129  129  132  129   3029
               6 5   132  130  115  112  110  113  111  117  121  122  131  121  121  124  127  123  122  123  129  122  121  121  137  129   2934
               6 6   135  134  135  138  136  125  134  133  134  139  135  137  135  137  132  131  128  126  124  123  123  123  123  123   3143
               6 7   123  122  121  120  120  121  123  125  127  131  134  137  136  135  135  134  133  132  131  129  129  129  126  125   3078
               6 8   126  127  127  127  127  128  129  130  128  132  135  136  138  139  142  145  148  147  152  152  153  155  154  155   3332
               6 9   154  147  143  144  147  150  152  152  155  155  154  155  156  156  155  153  153  146  144  143  143  143  142  142   3584
               610   142  141  141  141  141  141  141  141  141  141  142  144  143  144  144  144  142  139  139  139  140  139  140  138   3388
               611   139  140  139  138  138  138  139  139  141  142  142  142  141  142  142  138  140  139  134  138  138  132  131  131   3323
               612   134  137  133  133  133  135  135  136  136  137  138  141  142  141  141  142  141  140  140  139  140  140  140  140   3314
               613   140  140  140  141  141  141  141  142  144  145  146  146  146  146  145  145  143  144  143  142  143  142  142  142   3430
               614   142  142  143  142  142  143  143  143  144  143  144  146  146  146  145  145  142  143  140  144  144  145  132  126   3415
               615   124  130  130  128  125  126  136  137  132  135  142  143  143  142  138  133  132  132  130  127  125  124  124  123   3161
               616   123  130  136  123  123  137  144  134  129  132  136  141  142  142  142  145  139  137  135  131  128  126  128  128   3211
               617   131  132  138  136  128  139  147  146  151  147  144  148  146  149  149  148  148  144  142  142  142  142  142  143   3424
               618   142  141  137  133  138  137  135  129  128  129  132  134  134  136  140  142  142  138  136  135  134  135  134  137   3258
               619   136  136  136  133  131  130  131  132  135  137  137  138  137  137  139  142  145  138  134  132  131  131  131  131   3240
               620   131  138  138  129  127  127  128  130  132  135  138  141  139  140  140  139  138  136  134  133  132  132  132  131   3220
               621   131  131  131  132  133  134  140  143  147  148  147  149  151  151  152  151  150  149  150  149  147  143  141  139   3439
               622   139  138  136  135  134  134  133  134  134  135  135  138  142  144  145  145  142  143  143  143  144  144  146  148   3354
               623   145  145  146  145  144  145  145  144  145  145  146  146  XXX  XXX  147  147  146  146  146  146  146  147  147  145   XXXX
               624   144  145  146  147  146  146  145  147  148  148  149  148  147  147  146  145  145  145  145  145  145  144  144  144   3501
               625   144  144  144  144  144  144  144  145  146  146  146  147  146  146  145  145  144  141  143  143  143  143  142  141   3460
               626   141  141  141  142  141  141  142  143  144  145  146  147  149  148  150  143  143  136  133  131  130  138  138  140   3393
               627   137  143  143  138  130  139  141  138  137  139  140  142  147  154  152  152  154  151  150  147  149  153  153  154   3483
               628   154  155  156  155  157  155  152  152  155  153  153  155  154  152  152  153  154  154  154  154  153  154  151  152   3689
               629   152  151  149  149  152  152  152  148  152  155  153  157  156  154  155  155  153  147  146  150  153  150  154  153   3648
               630   154  157  157  157  157  157  156  157  158  157  155  152  149  151  149  147  147  147  144  145  145  151  151  145   3645
              ------------------------------------------------------------------------------------------------------------------------------------
              TOTAL 4141 4151 4136 4092 4052 4074 4117 4122 4157 4206 4233 4266 4269 4296 4303 4282 4277 4220 4190 4177 4172 4171 4166 4133 100254
              MEAN   138  138  138  136  135  136  137  137  139  140  141  142  142  143  143  143  143  141  140  139  139  139  139  138   3342
              MAX    154  157  157  157  157  157  156  157  158  157  155  157  156  156  155  155  154  154  154  154  153  155  154  155   3689
                N     30   30   30   30   30   30   30   30   30   30   30   30   29   29   30   30   30   30   30   30   30   30   30   30     29
              NOTE                                                                *)   *)                                                       *)
                                                                                                                                                  
                   *): WITH MISSING DATA; TOTAL,MEAN,MAXIMUM ESTIMATED                                                                            
                                                                                                                                                  
                                                                                                                                                  
                                                                                                                                                  
