                                                                                                                                                  
                                                                                                                                                  
                                                               *******************************                                                    
                                                                 DOWNWARD LONGWAVE RADIATION                                                      
                                                               *******************************                                                    
                                                                                                                  COUNTRY = JAPAN                 
                                                                                                                                                  
                                                                                                                                                  
                                                                     UNIT  = 0.01 MJ/m**2                                                         
                        STATION    : Tateno                                                                                                       
                        STATION NO.: 47646                                                                                                        
                        LOCATION   : 140ﾟ08' E                                                                                                    
                                      36ﾟ03' N                                                                                                    
                        ALTITUDE   :   25.2  m                                                                                                    
                        YEAR/MONTH : 2000/01                                                                                                      
                                                                                                                                                  
              DATE   -01  -02  -03  -04  -05  -06  -07  -08  -09  -10  -11  -12  -13  -14  -15  -16  -17  -18  -19  -20  -21  -22  -23  -24  TOTAL
                                                                                                                                                  
               1 1    91   89   88   88   87   86   86   86   87   88   90   91   92   92   93   92   92   93   91   89   87   85   85   86   2134
               1 2    90   85   83   82   82   82   82   81   83   84   86   87   92   98  108  110  117  119  119  119  119  119  119  119   2365
               1 3   120  116  114  119  109  107  111   94   92   93  106   97   97   98   98   97   95   93   92   90   90   89   88   88   2393
               1 4    88   87   86   85   85   85   86   85   87   89   90   92   93   93   93   93   92   91   90   89   87   87   86   85   2124
               1 5    85   85   86   87   85   85   85   85   87   89   95  113  100  103  107  XXX  123  122  122  120  121  123  122  123   XXXX
               1 6   121  121  122  123  123  123  120  123  122  119  122  119  108  117  114  112  119  123  125  124  127  127  127  127   2908
               1 7   123  126  118  128  127  126  127  129  129  131  132  130  125  128  113  120  130  127  115  117  117  125  124  124   2991
               1 8   121  115  114  113  115  119  120  121  121  121  123  122  123  122  124  123  104   99   98   96   95   94   94   93   2690
               1 9    92   92   90   90   91   93   89   96   94   99  103  115  121  124  125  125  125  122  121  123  125  127  127  126   2635
               110   125  123  122  123  124  124  124  124  124  120  108  103  102  102  103  103  102  101  100   97   95   92   90   89   2620
               111    88   87   87   91   93   91   90   93   85   86   86   86   87   88   87   87   87   89   91   87   85   87   85   87   2110
               112    97   98   95   99   98  111  114  114  114  115  117  118  117  116  116  115  116  115  115  116  117  117  117  117   2684
               113   117  117  117  117  118  120  121  121  120  122  121  122  124  126  126  127  126  126  127  127  127  127  126  124   2946
               114   119  114  119  124  125  126  119   99  108  120  117  106  100  100   99   98   97  100  104  113  111  111  112  119   2660
               115   116  118  117  119  118  119  116  113  114  111  109  111   95   95  101  112  108  111  103  108  100  112  112   99   2637
               116    90   89   89   88   88   87  XXX   87   88   90   93   95  100  105   99  104  112  113  108  111  114  117  118  118   XXXX
               117   119  119  119  118  118  118  117  116  116  116  117  116  108  116  120  120  119  117  118  118  118  116  117  116   2812
               118   116  116  114  104  112   98   90   89   90   90   91   94   97   95   93   93   91   91   91   91   94  109   99   97   2345
               119   106  111  109  111  108  109  107   99   97  113  113  116  117  118  117  117  117  116  115  112  111  102   95   93   2629
               120    89   89  108  113   97   89   86   85   85   85   86   88   90   90   90   96   94   89   85   85   83   82   81   81   2146
               121    82   82   82   80   79   77   77   77   77   78   79   79   80   80   82   79   78   77   76   76   76   77   76   76   1882
               122    76   76   77   77   77   78   78   78   79   81   82   85   86   86   87   90   91   86   85   86  101  107  113  114   2076
               123   115  115  103   96  107   90   85   85   86   88   91   99   99  115  119  121  121  124  125  125  124  124  101   94   2552
               124    94   93   93   92  101  109  112  111  113  115  118  115  117  109  113  114  115  103   98   98   96   95   94   97   2515
               125    99  108  114  114  115  115  113  110  111  112  112  112  111  111  110  110  109  108  108  101  106  105  102  101   2617
               126    99  101  100   98   84   78   76   76   77   78   79   80   80   81   82   81   81   81   95   86   87   89   92   82   2043
               127    85   79   77   79   79   76   75   76   85   86   83   85   88   93   89   83   83   83   86   86   81   80   79   78   1974
               128    78   77   77   76   76   76   76   76   77   78   80   81   82   83   84   85   85   86   85   85   84   84   82   82   1935
               129    81   81   80   80   80   80   79   79   81   82   84   85   86   87   87   87   88   89   95  100  103  101  107  103   2105
               130   101  104  102   90   90   89   86   85   88   95   90   92   95   96   98  100  100  100   99   97   94   93   91   90   2265
               131    89   88   87   87   86   85   85   84   85   86   87   88   90   89  100  105  102  102  104   90   80   80   80   79   2138
              ------------------------------------------------------------------------------------------------------------------------------------
              TOTAL 3112 3101 3089 3091 3077 3051 3029 2977 3002 3060 3090 3122 3102 3156 3177 3202 3219 3196 3186 3162 3155 3183 3141 3107  74753
              MEAN   100  100  100  100   99   98   98   96   97   99  100  101  100  102  102  103  104  103  103  102  102  103  101  100   2411
              MAX    125  126  122  128  127  126  127  129  129  131  132  130  125  128  126  127  130  127  127  127  127  127  127  127   2991
                N     31   31   31   31   31   31   30   31   31   31   31   31   31   31   31   30   31   31   31   31   31   31   31   31     29
              NOTE                                  *)                                           *)                                             *)
                                                                                                                                                  
                   *): WITH MISSING DATA; TOTAL,MEAN,MAXIMUM ESTIMATED                                                                            
                                                                                                                                                  
                                                                                                                                                  
