                                                                                                                                                  
                                                                                                                                                  
                                                               *******************************                                                    
                                                                 DOWNWARD LONGWAVE RADIATION                                                      
                                                               *******************************                                                    
                                                                                                                  COUNTRY = JAPAN                 
                                                                                                                                                  
                                                                                                                                                  
                                                                     UNIT  = 0.01 MJ/m**2                                                         
                        STATION    : Tateno                                                                                                       
                        STATION NO.: 47646                                                                                                        
                        LOCATION   : 140ﾟ08' E                                                                                                    
                                      36ﾟ03' N                                                                                                    
                        ALTITUDE   :   25.2  m                                                                                                    
                        YEAR/MONTH : 2000/03                                                                                                      
                                                                                                                                                  
              DATE   -01  -02  -03  -04  -05  -06  -07  -08  -09  -10  -11  -12  -13  -14  -15  -16  -17  -18  -19  -20  -21  -22  -23  -24  TOTAL
                                                                                                                                                  
               3 1    77   77   76   76   77   77   77   78   80   81   83   85   86   87   87   85   86   86   85   85   85   84   84   85   1969
               3 2    84   87   84   83   82   82   81   82   84   87   88   89   91   92   93   94   95   94   93   93   92   92   90   89   2121
               3 3    88   87   88   89   88   87   87   88   91   93   96   97   98  100   99   97   97   97   97  100  101   99   99   99   2262
               3 4   103  102  101   97   99  107  105  106  111  118  124  123  126  130  131  131  131  130  130  130  129  128  126  124   2842
               3 5   124  120  114  100   98   97   96   99  101  100  104  105  108  117  125  126  124  124  123  123  122  122  121  120   2713
               3 6   XXX  XXX  XXX  XXX  XXX  116  116  115  115  115  116  117  117  118  117  118  118  119  118  118  117  119  116  103   XXXX
               3 7    92   92   91   89   88   87   87   89   90   93   95   97   99  101  104  108  104  102   99  110  106  104  108  112   2347
               3 8   102   97  110  110  109   99   84   82   83   84   85   87   88  100  114  110   92  103  110   95   89   83   81   80   2277
               3 9    79   79   79   78   78   78   78   81   84   86   86   89   88   90   87   87   85   84   82   80   79   78   80   77   1972
               310    77   78   78   78   78   77   77   78   79   79   80   80   82   83   84   85   84   83   83   82   82   81   80   81   1929
               311    86   87   96  103   97   94   90   91   98  101  105  107  109  104  103  109  108  113  113  116  115  115  115  115   2490
               312   116  116  116  117  118  118  118  117  118  118  118  116  115  108  109   98   99   95  105  111   94   92   92  104   2628
               313   100  102  103  112  106   94   89   87   89   91   93   95   98  104  111   98   96   91   89   85   83   82   82   81   2261
               314    80   80   79   79   78   79   79   80   81   83   84   86   87   89   94  101   94   97   94  100  105   90   86   84   2089
               315    83   82   82   80   80   80   80   82   83   85   89   92   95  100   99   94   94   94   94  104   99   97  100  111   2179
               316   117  112  112  112  113  113  116  118  117  118  120  121  122  123  124  125  124  122  118  101   95   93   92   92   2720
               317    92   92   91   91   90   91   91   92   95  104  113  116  118  108  108   97   89   87   85   84   83   83   83   83   2266
               318    83   83   82   82   82   83   83   84   86   87   90   92   93   95   96   96   97   98   99   98   97   96   95   96   2173
               319    97   98   98   99   97   98   99   96  100  100  105  112  116  115  117  118  117  122  123  123  124  124  125  122   2645
               320   112  118  104   96   95   94   94   95   96  102  104  105  104  100   99   95   91   89   86   86   85   84   84   83   2301
               321    83   82   82   81   81   82   85   87   89   88   90  101  106  105  111  103  111  118  118  117  117  118  118  118   2391
               322   118  115  117  117  103   99   88   88   88   90   97   97  104  101  103   98   96   94   92   90   89   88   87   87   2346
               323    87   86   89   87   91   92   93   90   95  109  120  121  123  124  124  124  126  119  120  127  128  127  128  130   2660
               324   130  130  131  132  133  135  128  126  119  116  127  127  125  123  122  119  115   99   88   87   87   87   86   86   2758
               325    86   86   86   86   86   85   85   87   89   90   91  101  102  113   94   95   90   89   88   87   85   84   84   83   2152
               326    83   83   83   91   88   84   84   85   86   88   94   92   97  100   95  101   91   87   85   84   82   82   81   81   2107
               327    80   79   78   79   79   79   79   81   84   86   88   90   92   94   96   97   97   96   96   97   97   96   96   96   2132
               328    96  100  101  103  102   97   98  104  110  116  115  120  125  128  130  129  128  128  130  130  130  130  132  135   2817
               329   135  122  114  116  116  110  106  106  107  107  107  106  106  112  119  111  120  123  109  103  101  102  113  103   2674
               330    96   95   95   95   95   94   95   98   98   98  101  101   99  100  100  100   98   98   96   97   96   95   94   93   2327
               331    94  103   97   94   93   94   96   98  103  122  122  113  116  127  128  123  118  120  120  116  110  106  104  102   2619
              ------------------------------------------------------------------------------------------------------------------------------------
              TOTAL 2976 2967 2951 2948 2914 2902 2864 2890 2949 3035 3130 3180 3235 3291 3323 3272 3215 3201 3168 3159 3104 3061 3062 3055  73538
              MEAN    96   96   95   95   94   94   92   93   95   98  101  103  104  106  107  106  104  103  102  102  100   99   99   99   2372
              MAX    135  130  131  132  133  135  128  126  119  122  127  127  126  130  131  131  131  130  130  130  130  130  132  135   2842
                N     30   30   30   30   30   31   31   31   31   31   31   31   31   31   31   31   31   31   31   31   31   31   31   31     30
              NOTE    *)   *)   *)   *)   *)                                                                                                    *)
                                                                                                                                                  
                   *): WITH MISSING DATA; TOTAL,MEAN,MAXIMUM ESTIMATED                                                                            
                                                                                                                                                  
                                                                                                                                                  
