                                                                                                                                                  
                                                                                                                                                  
                                                               *******************************                                                    
                                                                 DOWNWARD LONGWAVE RADIATION                                                      
                                                               *******************************                                                    
                                                                                                                  COUNTRY = JAPAN                 
                                                                                                                                                  
                                                                                                                                                  
                                                                     UNIT  = 0.01 MJ/m**2                                                         
                        STATION    : Tateno                                                                                                       
                        STATION NO.: 47646                                                                                                        
                        LOCATION   : 140ﾟ08' E                                                                                                    
                                      36ﾟ03' N                                                                                                    
                        ALTITUDE   :   25.2  m                                                                                                    
                        YEAR/MONTH : 2000/04                                                                                                      
                                                                                                                                                  
              DATE   -01  -02  -03  -04  -05  -06  -07  -08  -09  -10  -11  -12  -13  -14  -15  -16  -17  -18  -19  -20  -21  -22  -23  -24  TOTAL
                                                                                                                                                  
               4 1   101   98   97   97   97   96   94   96   90   88   89   91   90   94   93   94   94   93   91   91   90   90   90   90   2234
               4 2    90   88   86   85   86   86   87   90   94   97  101  103  106  109  109  109  107  111  115  115  111  106  108  104   2403
               4 3   111  115  116  115  114  113  111  110  112  112  114  117  113  110  108  101  101  111  109  114  111   97   94   94   2623
               4 4    95   94   95   93   92   92   94   96   98  100  102  107  105  105  108  109  115  116  114  115  110  112  116  117   2500
               4 5   122  124  126  126  125  127  128  128  129  132  134  135  136  138  139  140  140  139  137  136  135  132  119  119   3146
               4 6   130  130  129  120  127  127  126  121  108  110  121  120  113  118  122  106  102  101  100  104  116  110  109  107   2777
               4 7   110  121  113  103  113  113  120  124  126  127  129  133  136  130  124  116  114  111  109  108  109  110  108  107   2814
               4 8   107  105  102  103  102  100  101  104  106  108  109  110  109  110  109  105   98   96   94   93   93   92   91   91   2438
               4 9    91   91   92   93   95   93   93   96   99  101  104  107  119  121  120  113  112  114  115  116  122  120  108  109   2544
               410   108  107  106  107  108  108  127  130  131  130  132  136  136  137  137  137  137  135  136  136  137  137  138  140   3073
               411   141  140  136  133  128  121  125  113  113   98   91   94   96   99  103  107  112  103  101  100  101  102  101   96   2654
               412    93   92   92   92   93   94   95   98  101  103  104  105  106  108  108  109  109  108  107  107  109  106  107  105   2451
               413   106  105  103  101  102  102  101  104  108  109  110  112  115  117  121  121  122  122  114  112  110  109  109  108   2643
               414   107  111  116  117  111  112  113  109  113  117  120  125  126  127  128  127  124  120  117  119  116  117  117  116   2825
               415   117  120  118  123  125  127  127  127  130  129  129  128  129  127  127  126  126  125  124  124  124  124  124  124   3004
               416   123  122  121  120  120  120  119  118  119  118  118  120  121  118  107  105  102  111  119  109  112  115  115  113   2785
               417   112  111  113  109  102   89   89   90   92   94   95   97   98   99  100  112  122  121  112  103   99  102   99   98   2458
               418    98   98   96   94   93   93   94   96   98  100  101  103  104  105  109  109  108  109  113  113  116  109  109  109   2477
               419   109  106  113  117  118  119  117  117  121  117  117  119  124  124  124  121  132  129  125  122  126  123  125  126   2891
               420   124  124  126  121  118  121  124  125  127  128  128  132  133  132  132  130  132  133  130  132  132  132  131  131   3078
               421   131  132  134  134  134  134  134  135  135  137  137  138  139  140  140  137  140  141  140  140  141  139  140  138   3290
               422   139  133  133  126  114  108  107  108  109  111  113  113  115  118  127  120  120  123  122  122  124  125  126  126   2882
               423   125  125  124  115  111  111  113  115  120  124  126  133  136  136  130  129  123  116  105  103  100   99   98   98   2815
               424    97   97   96   96   95   97   99  101  103  105  107  112  117  122  125  128  129  127  126  126  121  113  101   98   2638
               425    97   97   97   96   96   95   96   97  100  104  107  107  107  108  109  108  106  105  104  104  106  107  113  119   2485
               426   121  121  121  121  122  123  123  124  126  128  129  131  131  131  132  132  131  132  133  132  131  133  134  134   3076
               427   133  133  132  131  132  133  133  134  135  136  137  136  130  139  137  140  136  134  134  136  134  133  128  127   3213
               428   126  127  126  129  124  106  108  119  108  107  108  110  115  120  122  113  117  117  127  124  123  121  106  100   2803
               429    99   99   99   98   98   98  100  102  104  106  107  108  109  112  113  111  111  111  110  109  107  105  104  104   2524
               430   103  105  102  101  100  101  103  108  112  115  118  115  120  126  128  128  127  128  128  126  127  128  128  127   2804
              ------------------------------------------------------------------------------------------------------------------------------------
              TOTAL 3366 3371 3360 3316 3295 3259 3301 3335 3367 3391 3437 3497 3534 3580 3591 3543 3549 3542 3511 3491 3493 3448 3396 3375  82348
              MEAN   112  112  112  111  110  109  110  111  112  113  115  117  118  119  120  118  118  118  117  116  116  115  113  113   2745
              MAX    141  140  136  134  134  134  134  135  135  137  137  138  139  140  140  140  140  141  140  140  141  139  140  140   3290
                N     30   30   30   30   30   30   30   30   30   30   30   30   30   30   30   30   30   30   30   30   30   30   30   30     30
              NOTE                                                                                                                                
                                                                                                                                                  
                   *): WITH MISSING DATA; TOTAL,MEAN,MAXIMUM ESTIMATED                                                                            
                                                                                                                                                  
                                                                                                                                                  
                                                                                                                                                  
