                                                                                                                                                  
                                                                                                                                                  
                                                               *******************************                                                    
                                                                 DOWNWARD LONGWAVE RADIATION                                                      
                                                               *******************************                                                    
                                                                                                                  COUNTRY = JAPAN                 
                                                                                                                                                  
                                                                                                                                                  
                                                                     UNIT  = 0.01 MJ/m**2                                                         
                        STATION    : Tateno                                                                                                       
                        STATION NO.: 47646                                                                                                        
                        LOCATION   : 140ﾟ08' E                                                                                                    
                                      36ﾟ03' N                                                                                                    
                        ALTITUDE   :   25.2  m                                                                                                    
                        YEAR/MONTH : 2000/09                                                                                                      
                                                                                                                                                  
              DATE   -01  -02  -03  -04  -05  -06  -07  -08  -09  -10  -11  -12  -13  -14  -15  -16  -17  -18  -19  -20  -21  -22  -23  -24  TOTAL
                                                                                                                                                  
               9 1   145  145  146  147  147  153  155  156  157  162  161  161  161  160  159  157  154  154  152  152  150  150  150  150   3684
               9 2   149  151  148  148  148  147  148  151  153  155  156  158  160  159  159  159  161  162  161  158  151  144  142  141   3669
               9 3   139  139  139  137  133  132  132  133  134  133  134  134  136  138  138  138  140  151  146  144  146  148  147  145   3336
               9 4   146  146  146  146  145  142  141  143  141  149  149  148  150  147  143  140  131  135  128  127  126  125  132  142   3368
               9 5   145  146  144  143  145  143  142  143  146  147  148  149  148  149  148  147  146  146  147  147  147  147  146  146   3505
               9 6   146  148  147  148  148  148  148  149  150  151  151  150  146  150  156  154  153  157  149  143  144  146  142  141   3565
               9 7   148  153  153  155  155  155  155  156  156  155  156  155  156  155  155  148  145  149  152  152  156  157  157  153   3687
               9 8   155  157  153  153  156  155  155  157  157  159  159  156  159  157  157  158  158  157  157  157  156  156  156  157   3757
               9 9   157  157  157  157  157  156  156  156  157  154  155  155  152  151  155  159  153  147  146  144  144  143  143  142   3653
               910   141  146  145  144  142  150  151  150  149  154  153  153  152  151  149  148  148  149  148  149  146  145  157  152   3572
               911   151  149  153  160  158  155  154  154  154  154  155  153  153  155  156  155  155  150  149  149  152  153  152  149   3678
               912   150  149  150  150  151  150  151  151  152  157  156  158  159  159  157  159  155  151  148  147  146  151  149  147   3653
               913   143  147  156  154  153  152  152  153  149  147  153  154  154  155  154  153  155  154  154  153  153  153  153  153   3657
               914   153  153  154  154  154  154  153  155  156  157  158  158  159  159  160  150  145  145  145  147  143  142  143  145   3642
               915   152  157  157  157  158  157  157  157  156  155  160  160  158  159  156  152  153  153  149  146  145  140  139  140   3673
               916   142  143  150  145  144  144  143  149  155  159  159  158  156  154  154  155  155  156  157  157  156  157  154  150   3652
               917   150  153  157  156  155  156  154  155  155  159  160  158  159  159  157  156  XXX  XXX  XXX  XXX  XXX  146  145  152   XXXX
               918   156  155  146  140  138  132  139  140  135  142  152  149  149  143  140  140  140  137  136  135  145  142  135  136   3402
               919   132  132  131  130  130  130  130  131  133  141  142  146  142  137  137  137  136  137  137  137  136  136  138  136   3254
               920   135  133  133  130  129  128  129  129  130  131  132  131  131  131  130  129  128  126  125  128  128  128  128  144   3126
               921   142  133  130  123  122  121  121  123  125  127  131  132  133  132  131  131  130  128  127  126  125  125  123  123   3064
               922   123  124  129  125  124  122  122  124  126  129  131  135  136  138  141  142  140  139  136  137  138  137  134  130   3162
               923   131  136  138  140  140  141  139  139  143  143  146  147  148  148  149  149  150  150  151  151  150  149  149  149   3476
               924   150  151  151  148  152  150  150  152  153  152  152  148  144  146  147  144  147  150  151  151  152  148  139  140   3568
               925   144  140  146  142  130  134  139  146  137  138  137  139  139  141  143  140  136  135  141  143  148  149  150  146   3383
               926   144  143  141  138  138  138  140  142  142  141  141  135  134  140  128  138  145  137  124  122  117  115  115  115   3213
               927   114  113  112  112  113  114  115  116  116  118  120  122  124  126  137  139  133  125  119  120  116  114  113  114   2865
               928   113  112  111  111  111  111  110  112  114  117  119  122  125  128  129  136  141  131  129  120  118  118  122  117   2877
               929   115  116  116  117  120  122  127  124  123  133  129  134  136  134  141  140  136  128  133  134  139  139  138  133   3107
               930   127  127  122  122  122  121  120  123  126  133  143  141  145  147  148  146  144  145  146  145  147  146  146  145   3277
              ------------------------------------------------------------------------------------------------------------------------------------
              TOTAL 4238 4254 4261 4232 4218 4213 4228 4269 4280 4352 4398 4399 4404 4408 4414 4399 4359 4329 4287 4263 4263 4249 4237 4233 102957
              MEAN   141  142  142  141  141  140  141  142  143  145  147  147  147  147  147  147  145  144  143  142  142  142  141  141   3432
              MAX    157  157  157  160  158  157  157  157  157  162  161  161  161  160  160  159  161  162  161  158  156  157  157  157   3757
                N     30   30   30   30   30   30   30   30   30   30   30   30   30   30   30   30   29   29   29   29   29   30   30   30     29
              NOTE                                                                                    *)   *)   *)   *)   *)                    *)
                                                                                                                                                  
                   *): WITH MISSING DATA; TOTAL,MEAN,MAXIMUM ESTIMATED                                                                            
                                                                                                                                                  
                                                                                                                                                  
                                                                                                                                                  
