                                                                                                                                                  
                                                                                                                                                  
                                                               *******************************                                                    
                                                                 DOWNWARD LONGWAVE RADIATION                                                      
                                                               *******************************                                                    
                                                                                                                  COUNTRY = JAPAN                 
                                                                                                                                                  
                                                                                                                                                  
                                                                     UNIT  = 0.01 MJ/m**2                                                         
                        STATION    : Tateno                                                                                                       
                        STATION NO.: 47646                                                                                                        
                        LOCATION   : 140ﾟ08' E                                                                                                    
                                      36ﾟ03' N                                                                                                    
                        ALTITUDE   :   25.2  m                                                                                                    
                        YEAR/MONTH : 2000/07                                                                                                      
                                                                                                                                                  
              DATE   -01  -02  -03  -04  -05  -06  -07  -08  -09  -10  -11  -12  -13  -14  -15  -16  -17  -18  -19  -20  -21  -22  -23  -24  TOTAL
                                                                                                                                                  
               7 1   145  144  146  146  145  144  142  145  148  151  154  154  155  155  153  151  151  149  148  147  146  146  144  144   3553
               7 2   143  143  143  144  148  151  147  147  150  152  158  155  155  156  159  159  153  151  151  151  148  139  140  142   3585
               7 3   144  146  147  145  141  137  140  140  143  149  155  154  155  153  153  150  148  146  145  143  142  142  144  140   3502
               7 4   139  138  138  138  138  140  142  144  147  148  148  147  148  149  149  150  148  147  150  149  146  144  141  137   3465
               7 5   135  137  144  132  131  128  130  136  134  140  141  144  146  144  143  141  141  138  141  136  134  149  149  149   3343
               7 6   145  143  145  131  139  143  148  149  150  151  151  143  136  138  140  141  141  141  137  135  140  148  149  150   3434
               7 7   148  149  149  148  150  150  150  150  150  151  152  152  152  151  148  146  148  150  151  152  151  151  151  151   3601
               7 8   151  151  151  152  153  154  154  150  149  149  148  146  146  149  152  150  139  136  134  131  131  131  130  133   3470
               7 9   129  130  129  126  127  127  129  130  132  135  135  139  141  141  141  143  145  146  141  141  152  150  137  135   3281
               710   137  137  135  133  134  138  138  139  138  137  138  140  141  143  142  141  139  138  138  137  136  134  133  132   3298
               711   132  131  130  127  126  126  127  129  131  132  135  138  139  141  146  146  146  144  142  141  140  143  142  139   3273
               712   139  140  143  148  146  148  150  151  154  150  157  159  157  155  155  154  154  157  155  148  146  145  148  150   3609
               713   148  155  151  154  145  144  146  147  150  153  153  155  155  156  157  157  156  154  151  150  151  150  148  147   3633
               714   145  144  142  142  143  145  145  146  148  154  152  156  158  158  152  149  150  150  151  149  148  147  149  150   3573
               715   150  151  151  154  148  145  150  154  148  151  151  158  160  158  157  158  158  157  156  154  155  153  150  150   3677
               716   150  150  151  152  150  150  150  148  149  145  149  150  151  156  162  157  154  151  151  154  149  148  145  143   3615
               717   143  142  141  141  142  141  142  144  146  149  152  151  151  151  153  150  148  150  153  151  153  154  151  156   3555
               718   152  151  153  151  148  148  148  149  148  151  155  155  155  155  153  154  158  159  156  152  149  151  150  150   3651
               719   155  152  153  156  157  157  150  150  156  160  156  157  155  159  157  155  156  158  156  158  155  156  153  152   3729
               720   153  149  148  146  145  143  147  150  151  153  151  158  162  156  163  157  157  151  149  148  149  148  148  151   3633
               721   143  149  147  155  157  157  157  149  147  148  150  152  151  151  151  151  153  154  157  155  154  160  157  158   3663
               722   149  144  143  142  141  140  141  143  145  148  151  154  156  159  159  159  159  159  160  158  153  150  149  149   3611
               723   151  151  150  147  144  144  146  148  150  152  154  160  156  154  154  153  152  150  149  150  148  147  145  145   3600
               724   143  144  144  143  142  142  142  143  145  146  149  150  150  150  150  149  149  148  147  145  147  148  150  148   3514
               725   148  146  147  147  144  143  146  149  151  154  158  156  152  154  153  153  152  153  153  154  154  154  154  155   3630
               726   154  155  156  157  156  153  150  152  154  152  153  156  156  156  154  154  153  156  153  151  153  155  153  151   3693
               727   149  152  145  152  153  152  152  152  152  153  154  151  153  151  147  150  151  155  153  150  151  151  154  148   3631
               728   149  145  138  151  146  150  145  142  148  155  157  157  157  156  155  155  154  155  154  154  155  153  152  152   3635
               729   152  152  150  150  151  151  152  153  154  153  156  158  162  154  152  151  150  149  147  146  145  145  143  145   3621
               730   142  141  141  141  142  143  148  148  149  149  150  152  152  152  152  150  149  148  147  146  144  144  144  143   3517
               731   142  142  143  143  143  144  145  146  148  149  150  150  151  150  150  149  149  148  147  146  146  145  145  144   3515
              ------------------------------------------------------------------------------------------------------------------------------------
              TOTAL 4505 4504 4494 4494 4475 4478 4499 4523 4565 4620 4673 4707 4714 4711 4712 4683 4661 4648 4623 4582 4571 4581 4548 4539 110110
              MEAN   145  145  145  145  144  144  145  146  147  149  151  152  152  152  152  151  150  150  149  148  147  148  147  146   3552
              MAX    155  155  156  157  157  157  157  154  156  160  158  160  162  159  163  159  159  159  160  158  155  160  157  158   3729
                N     31   31   31   31   31   31   31   31   31   31   31   31   31   31   31   31   31   31   31   31   31   31   31   31     31
              NOTE                                                                                                                                
                                                                                                                                                  
                   *): WITH MISSING DATA; TOTAL,MEAN,MAXIMUM ESTIMATED                                                                            
                                                                                                                                                  
                                                                                                                                                  
