                                                                                                                                                  
                                                                                                                                                  
                                                               *******************************                                                    
                                                                 DOWNWARD LONGWAVE RADIATION                                                      
                                                               *******************************                                                    
                                                                                                                  COUNTRY = JAPAN                 
                                                                                                                                                  
                                                                                                                                                  
                                                                     UNIT  = 0.01 MJ/m**2                                                         
                        STATION    : Tateno                                                                                                       
                        STATION NO.: 47646                                                                                                        
                        LOCATION   : 140ﾟ08' E                                                                                                    
                                      36ﾟ03' N                                                                                                    
                        ALTITUDE   :   25.2  m                                                                                                    
                        YEAR/MONTH : 2000/10                                                                                                      
                                                                                                                                                  
              DATE   -01  -02  -03  -04  -05  -06  -07  -08  -09  -10  -11  -12  -13  -14  -15  -16  -17  -18  -19  -20  -21  -22  -23  -24  TOTAL
                                                                                                                                                  
              10 1   146  145  143  144  146  146  146  146  145  146  147  144  145  144  145  145  136  131  137  137  133  128  127  127   3379
              10 2   136  134  130  136  135  138  140  140  141  142  143  144  145  145  146  146  145  144  144  143  143  143  143  143   3389
              10 3   143  143  143  143  143  143  143  143  143  146  145  143  142  136  130  131  131  131  132  130  132  138  146  146   3346
              10 4   146  145  144  143  141  140  138  141  143  143  145  143  130  131  134  130  135  138  128  141  125  140  141  139   3324
              10 5   129  134  139  139  141  142  140  138  139  143  144  144  143  135  135  129  127  130  126  124  123  121  121  120   3206
              10 6   119  119  117  116  117  117  115  117  121  125  129  130  131  133  131  130  128  128  129  125  127  120  119  119   2962
              10 7   118  123  117  117  114  112  111  110  111  113  115  117  118  118  118  118  118  116  115  114  114  114  113  112   2766
              10 8   112  112  112  114  115  117  117  118  121  127  131  134  134  134  135  135  135  135  133  132  138  140  141  141   3063
              10 9   142  142  141  139  140  139  139  142  142  141  142  141  142  143  141  140  132  131  129  138  137  139  139  142   3343
              1010   141  140  138  140  140  139  136  135  140  141  134  136  133  127  127  126  126  125  125  124  124  130  135  128   3190
              1011   123  126  126  124  123  124  124  125  128  135  135  130  132  132  134  133  133  134  135  131  130  135  129  128   3109
              1012   128  127  130  134  142  143  140  128  123  126  129  131  133  135  137  137  135  130  139  135  135  137  142  142   3218
              1013   140  139  139  137  137  136  136  135  135  135  136  137  137  138  138  138  138  138  138  138  138  137  135  136   3291
              1014   134  129  123  117  123  121  115  113  115  117  118  121  125  132  125  120  119  125  124  132  137  138  137  135   2995
              1015   134  123  120  123  122  115  122  117  128  133  137  140  138  140  141  139  140  141  139  139  140  141  141  139   3192
              1016   134  132  129  122  115  113  113  120  120  122  122  117  122  120  118  117  116  116  117  119  113  116  116  115   2864
              1017   125  128  122  124  130  128  128  132  129  132  133  136  138  139  141  142  139  137  137  136  134  133  132  131   3186
              1018   130  131  132  132  129  129  130  130  131  132  132  132  131  126  121  121  118  114  112  109  106  104  103  102   2937
              1019   101  100  101  101  102  101  101  101  104  107  110  111  113  114  121  114  114  119  112  118  122  131  127  125   2670
              1020   131  134  131  122  130  134  134  129  135  137  137  137  139  139  138  139  141  142  142  142  142  141  140  141   3277
              1021   140  139  138  138  136  137  137  135  123  120  126  127  126  126  127  128  131  129  133  130  134  137  137  138   3172
              1022   136  129  138  139  138  138  138  136  138  135  139  139  138  139  139  139  138  137  138  137  138  138  133  132   3289
              1023   130  126  136  137  134  137  138  140  140  141  142  142  140  142  142  141  141  141  140  139  141  140  138  130   3318
              1024   126  131  120  117  132  137  129  120  115  116  119  118  117  116  116  115  114  112  112  112  112  112  111  111   2840
              1025   111  112  114  114  117  118  125  133  136  137  140  141  141  138  141  138  143  143  144  144  144  145  144  140   3203
              1026   132  129  125  123  125  126  122  124  128  133  136  136  138  140  130  127  126  129  127  122  116  118  131  129   3072
              1027   128  120  115  119  119  110  115  118  105  108  116  115  118  113  107  106  105  104  104  104  104  104  105  106   2668
              1028   109  104  110  125  120  105  103  111  115  119  120  125  127  130  130  130  130  131  132  130  130  129  130  131   2926
              1029   132  132  133  132  132  132  131  131  130  130  131  131  132  131  131  131  130  130  131  131  131  131  131  131   3148
              1030   131  131  131  131  130  131  132  132  131  129  126  127  124  112  112  112  111  112  106  111  102  102  101  101   2868
              1031   107  114  108  107  108   99   99  100  102  105  111  114  113  123  118  116  118  125  130  126  127  129  133  133   2765
              ------------------------------------------------------------------------------------------------------------------------------------
              TOTAL 3994 3973 3945 3949 3976 3947 3937 3940 3957 4016 4070 4083 4085 4071 4049 4013 3993 3998 3990 3993 3972 4011 4021 3993  95976
              MEAN   129  128  127  127  128  127  127  127  128  130  131  132  132  131  131  129  129  129  129  129  128  129  130  129   3096
              MAX    146  145  144  144  146  146  146  146  145  146  147  144  145  145  146  146  145  144  144  144  144  145  146  146   3389
                N     31   31   31   31   31   31   31   31   31   31   31   31   31   31   31   31   31   31   31   31   31   31   31   31     31
              NOTE                                                                                                                                
                                                                                                                                                  
                   *): WITH MISSING DATA; TOTAL,MEAN,MAXIMUM ESTIMATED                                                                            
                                                                                                                                                  
                                                                                                                                                  
