                                                                                                                                                  
                                                                                                                                                  
                                                               *******************************                                                    
                                                                 DOWNWARD LONGWAVE RADIATION                                                      
                                                               *******************************                                                    
                                                                                                                  COUNTRY = JAPAN                 
                                                                                                                                                  
                                                                                                                                                  
                                                                     UNIT  = 0.01 MJ/m**2                                                         
                        STATION    : Tateno                                                                                                       
                        STATION NO.: 47646                                                                                                        
                        LOCATION   : 140ﾟ08' E                                                                                                    
                                      36ﾟ03' N                                                                                                    
                        ALTITUDE   :   25.2  m                                                                                                    
                        YEAR/MONTH : 2000/08                                                                                                      
                                                                                                                                                  
              DATE   -01  -02  -03  -04  -05  -06  -07  -08  -09  -10  -11  -12  -13  -14  -15  -16  -17  -18  -19  -20  -21  -22  -23  -24  TOTAL
                                                                                                                                                  
               8 1   144  144  144  144  144  144  145  146  149  153  155  155  154  154  153  152  151  149  147  147  146  146  146  146   3558
               8 2   147  146  146  152  145  146  147  149  156  160  159  160  162  161  160  159  157  153  150  148  148  147  147  148   3653
               8 3   148  146  145  145  144  143  145  147  149  152  155  160  159  161  160  161  162  156  153  153  150  148  147  149   3638
               8 4   146  152  147  151  154  156  153  148  150  159  159  158  158  159  158  156  154  155  153  157  152  150  147  146   3678
               8 5   145  145  147  147  145  145  147  147  149  152  152  157  159  155  155  155  153  151  149  152  153  152  147  148   3607
               8 6   149  145  141  140  140  140  142  143  146  149  152  155  154  160  161  155  151  150  148  150  156  148  150  148   3573
               8 7   146  144  150  144  141  140  143  154  151  151  151  152  159  158  154  153  152  152  154  156  157  150  148  151   3611
               8 8   144  141  139  139  139  139  140  142  144  146  148  151  152  153  155  159  160  151  146  147  148  150  149  149   3531
               8 9   145  144  145  155  156  155  151  155  157  159  159  156  155  156  153  152  150  149  151  154  152  150  150  147   3656
               810   142  143  143  141  145  153  148  142  141  144  144  147  148  149  152  155  153  157  156  152  148  149  147  145   3544
               811   145  144  144  146  142  140  140  141  144  146  149  152  153  152  151  148  147  147  146  146  146  146  145  145   3505
               812   144  145  145  145  144  148  144  XXX  XXX  XXX  XXX  152  155  156  155  157  151  152  152  150  160  159  158  158   XXXX
               813   157  156  157  151  155  154  156  156  157  157  157  158  157  155  155  158  158  156  153  151  154  154  152  151   3725
               814   146  142  142  147  151  150  148  150  152  155  156  158  152  157  156  146  145  144  144  144  150  154  142  147   3578
               815   149  150  149  143  143  146  153  152  147  150  147  151  150  150  151  153  157  156  155  154  151  150  149  153   3609
               816   151  153  152  152  150  148  150  153  156  152  155  154  151  149  149  147  150  149  147  151  149  151  153  152   3624
               817   149  146  152  152  146  146  141  153  155  156  157  156  149  149  146  147  151  154  157  156  148  152  153  149   3620
               818   152  154  154  153  152  153  153  153  154  152  147  151  156  XXX  149  145  138  138  137  135  134  134  142  147   XXXX
               819   135  133  133  138  150  136  135  135  137  139  141  143  145  145  144  143  141  140  140  139  138  137  142  145   3354
               820   141  144  151  147  152  152  152  154  155  155  155  152  154  150  158  152  146  145  149  153  154  152  152  152   3627
               821   153  151  153  150  153  148  145  154  159  160  161  162  163  164  164  164  164  161  158  156  153  150  153  148   3747
               822   147  147  148  153  154  157  156  158  158  XXX  160  161  157  160  151  149  149  147  146  145  153  156  155  150   XXXX
               823   151  156  148  154  156  154  156  159  160  155  161  155  160  157  157  158  153  150  151  151  153  152  156  152   3715
               824   148  157  157  157  155  156  157  156  157  157  159  154  151  154  153  153  150  148  146  149  146  144  145  145   3654
               825   144  146  145  150  145  143  144  144  151  154  154  155  158  161  163  161  154  151  149  148  145  144  142  141   3592
               826   140  139  138  138  137  137  138  140  143  146  149  155  156  152  151  149  148  146  145  145  144  144  144  142   3466
               827   141  142  141  141  140  142  155  157  152  147  151  151  153  156  156  155  153  157  160  150  153  148  149  143   3593
               828   146  144  144  141  142  141  142  153  151  148  150  154  156  157  155  156  151  148  147  145  142  141  140  141   3535
               829   141  140  139  138  139  140  141  143  145  147  149  152  154  155  156  153  149  147  145  144  142  142  142  141   3484
               830   140  139  139  139  150  147  150  151  152  155  154  154  156  155  158  158  158  153  150  148  149  150  147  145   3597
               831   144  144  149  150  152  152  153  153  155  160  161  159  158  160  159  155  154  153  151  149  146  145  145  148   3655
              ------------------------------------------------------------------------------------------------------------------------------------
              TOTAL 4520 4522 4527 4543 4561 4551 4570 4638 4684 4721 4762 4790 4804 4814 4798 4764 4710 4665 4635 4625 4620 4595 4584 4572 111523
              MEAN   146  146  146  147  147  147  147  150  151  152  154  155  155  155  155  154  152  150  150  149  149  148  148  147   3597
              MAX    157  157  157  157  156  157  157  159  160  160  161  162  163  164  164  164  164  161  160  157  160  159  158  158   3747
                N     31   31   31   31   31   31   31   30   30   29   30   31   31   30   31   31   31   31   31   31   31   31   31   31     28
              NOTE                                       *)   *)   *)   *)             *)                                                       *)
                                                                                                                                                  
                   *): WITH MISSING DATA; TOTAL,MEAN,MAXIMUM ESTIMATED                                                                            
                                                                                                                                                  
                                                                                                                                                  
