                                                                                                                                                  
                                                                                                                                                  
                                                               *******************************                                                    
                                                                 DOWNWARD LONGWAVE RADIATION                                                      
                                                               *******************************                                                    
                                                                                                                  COUNTRY = JAPAN                 
                                                                                                                                                  
                                                                                                                                                  
                                                                     UNIT  = 0.01 MJ/m**2                                                         
                        STATION    : Tateno                                                                                                       
                        STATION NO.: 47646                                                                                                        
                        LOCATION   : 140ﾟ08' E                                                                                                    
                                      36ﾟ03' N                                                                                                    
                        ALTITUDE   :   25.2  m                                                                                                    
                        YEAR/MONTH : 2000/05                                                                                                      
                                                                                                                                                  
              DATE   -01  -02  -03  -04  -05  -06  -07  -08  -09  -10  -11  -12  -13  -14  -15  -16  -17  -18  -19  -20  -21  -22  -23  -24  TOTAL
                                                                                                                                                  
               5 1   127  127  126  127  120  116  112  115  120  121  120  117  116  117  117  119  122  122  124  118  116  116  115  115   2865
               5 2   118  114  113  113  112  113  117  118  121  124  122  124  121  119  128  125  124  129  133  137  138  139  135  132   2969
               5 3   126  117  122  128  134  129  114  115  117  121  123  131  130  137  132  117  130  132  133  132  131  130  129  125   3035
               5 4   122  123  121  126  128  120  113  106  108  109  110  112  113  115  129  129  126  127  122  112  109  108  109  111   2808
               5 5   121  110  103  102  101  101  103  105  107  109  110  111  112  111  110  110  109  109  108  109  112  126  130  129   2658
               5 6   130  129  129  129  130  130  131  131  131  129  133  134  135  135  134  135  136  135  135  135  135  134  135  135   3185
               5 7   123  129  133  131  132  135  137  121  122  123  128  136  133  133  132  131  132  132  138  136  130  130  128  127   3132
               5 8   135  132  130  133  128  126  129  128  126  126  131  140  143  136  126  126  125  123  122  122  121  119  120  119   3066
               5 9   119  118  117  117  117  115  117  118  120  121  124  125  122  120  119  119  116  114  113  113  113  112  119  117   2825
               510   129  133  133  133  133  122  119  111  112  113  115  116  117  123  120  114  114  114  117  127  130  127  128  128   2928
               511   130  130  129  130  130  130  128  130  128  129  132  136  135  137  137  136  137  138  138  139  136  132  133  119   3179
               512   116  136  137  124  132  121  124  136  133  127  131  142  143  141  141  141  142  139  139  140  138  137  140  139   3239
               513   141  142  141  142  141  141  142  140  143  143  144  143  144  144  143  144  144  145  144  144  143  143  142  141   3424
               514   140  140  136  136  140  138  129  133  144  144  144  141  136  136  139  137  139  139  139  141  137  131  129  124   3292
               515   131  139  133  115  115  115  119  129  126  132  136  136  135  140  140  137  136  142  140  138  137  137  135  135   3178
               516   133  133  133  131  130  130  130  127  115  116  117  119  123  123  122  124  122  121  118  120  126  124  124  124   2985
               517   129  130  130  130  127  118  118  122  133  139  138  137  135  135  132  130  132  134  134  135  135  137  136  137   3163
               518   135  134  134  130  129  136  137  137  138  137  137  136  136  136  131  123  121  116  115  114  114  113  113  112   3064
               519   112  113  112  115  116  115  118  121  123  128  133  133  132  131  132  129  130  130  129  133  132  132  133  134   3016
               520   134  136  136  135  135  135  136  135  135  138  136  136  137  138  138  137  137  138  137  138  137  137  137  138   3276
               521   138  137  136  137  137  137  136  137  138  138  139  131  141  132  133  136  137  123  130  131  126  124  118  112   3184
               522   112  111  111  111  113  129  115  117  130  125  126  134  137  134  135  131  129  127  126  126  126  126  126  127   2984
               523   127  127  126  124  124  125  126  125  126  128  130  132  134  136  135  133  134  135  139  144  143  138  128  141   3160
               524   143  145  143  140  137  128  123  128  137  131  140  138  136  127  128  129  128  125  123  122  121  120  119  118   3129
               525   117  115  114  113  112  112  118  134  133  120  115  117  118  118  120  120  120  120  120  119  118  118  118  117   2846
               526   118  117  117  117  118  118  120  123  125  128  130  129  131  131  132  130  128  128  127  127  127  127  126  125   2999
               527   125  123  123  123  122  121  127  130  138  141  139  139  139  142  146  147  146  145  145  146  146  150  148  146   3297
               528   146  146  146  146  147  149  151  151  150  149  145  145  144  150  143  142  141  138  139  150  143  138  135  136   3470
               529   128  129  127  128  130  132  129  125  126  127  126  128  133  136  133  128  126  126  127  124  123  123  123  123   3060
               530   120  120  120  120  119  120  123  123  124  128  128  127  127  128  128  129  130  129  128  128  129  130  126  127   3011
               531   127  131  132  133  127  XXX  131  135  141  144  146  146  147  147  146  146  145  144  144  143  144  144  144  143   XXXX
              ------------------------------------------------------------------------------------------------------------------------------------
              TOTAL 3952 3966 3943 3919 3916 3881 3872 3906 3970 3988 4028 4071 4085 4088 4081 4034 4038 4019 4026 4043 4016 4002 3981 3956  95508
              MEAN   127  128  127  126  126  125  125  126  128  129  130  131  132  132  132  130  130  130  130  130  130  129  128  128   3081
              MAX    146  146  146  146  147  149  151  151  150  149  146  146  147  150  146  147  146  145  145  150  146  150  148  146   3470
                N     31   31   31   31   31   30   31   31   31   31   31   31   31   31   31   31   31   31   31   31   31   31   31   31     30
              NOTE                             *)                                                                                               *)
                                                                                                                                                  
                   *): WITH MISSING DATA; TOTAL,MEAN,MAXIMUM ESTIMATED                                                                            
                                                                                                                                                  
                                                                                                                                                  
