                                                                                                                                                  
                                                                                                                                                  
                                                               *******************************                                                    
                                                                 DOWNWARD LONGWAVE RADIATION                                                      
                                                               *******************************                                                    
                                                                                                                  COUNTRY = JAPAN                 
                                                                                                                                                  
                                                                                                                                                  
                                                                     UNIT  = 0.01 MJ/m**2                                                         
                        STATION    : Tateno                                                                                                       
                        STATION NO.: 47646                                                                                                        
                        LOCATION   : 140ﾟ08' E                                                                                                    
                                      36ﾟ03' N                                                                                                    
                        ALTITUDE   :   25.2  m                                                                                                    
                        YEAR/MONTH : 2000/02                                                                                                      
                                                                                                                                                  
              DATE   -01  -02  -03  -04  -05  -06  -07  -08  -09  -10  -11  -12  -13  -14  -15  -16  -17  -18  -19  -20  -21  -22  -23  -24  TOTAL
                                                                                                                                                  
               2 1    79   78   78   78   78   78   78   78   79   81   82   84   84   85   86   86   86   86   85   85   84   87   89   89   1983
               2 2    99  105  109  109  104  108  103   91   94   92   88   87   88   88   89   90   90   90   89   89   88   88   87   86   2251
               2 3    86   86   86   85   84   88   90   90  107  102  102  106  102  103   95   94   96   94   93  100   94   92   92  101   2268
               2 4    99   97  100   97   91   88   89   87   88   94   92  101   95   91  102  109   92   93   88   87   86   85   84   82   2217
               2 5    81   81   81   81   81   81   81   81   83   85   86   87   88   89   90   90   89   89   88   88   88   88   88   90   2054
               2 6   106  111  106  114  110  109  109  107  113  110  116  116  107  110  111  116  118  119  120  122  122  122  122  122   2738
               2 7   121  106   93   91   89   88   87   87   88   90   91   91   91   91   92   91   91   91   90   90   91   99  108  105   2252
               2 8   114  114  113  113  111  104  106  105  103  103   96   93   94   97   96  102   99  108  108  114  114  112  110  108   2537
               2 9   107  104   98   99  109  104  109  102   85   86   87  102   87   85   98   93   81   79   78   78   77   77   78   78   2181
               210    78   77   77   77   77   77   78   78   80   81   82   83   85   86   85   85   84   83   83   82   82   82   83   83   1948
               211    82   81   81   81   80   80   79   80   84   86   95   90   88   89   90   91   91   91   90   90   89   88   88   87   2071
               212    86   85   84   83   85   84   84   84   86   88   89   91   92   94   94   95   96   95   93   92   92   92   91   88   2143
               213    88   87   87   87   86   85   84   84   86   88   90  100  110  103   95   99  112   99  102   96  103  101  102  103   2277
               214   110  109  113  114  114  115  113  115  115  116  117  117  117  116  116  116  109  111   97   93   94   96   94  102   2629
               215    95   92   89   88   87   87   87   93  104   92  103  100  113  108   86   90   82   79   78   77   77   77   78   77   2139
               216    77   76   76   77   76   75   75   76   77   78   79   89   81   86   84   80   79   78   77   76   75   75   75   75   1872
               217    74   74   75   74   75   74   75   76   77   78   80   81   82   82   82   83   90   91   88   83   84   90   81   89   1938
               218    94   89   79   78   77   77   76   77   79   81   82   98   98   86   84   84   82   80   79   78   78   78   77   77   1968
               219    77   77   77   78   79   85   85   90   90   87   86   96  106  109  113  114  112  112  108  114  112  110  112  114   2343
               220   114  114  115  116  117  116  116  116  116  116  117  118  118  118  117  115  115  102   90   88   86   85   86   87   2598
               221    91   87   82   81   83   82   80   80   80   80   81   82   82   81   82   82   81   79   78   77   77   77   77   77   1939
               222    77   77   76   76   76   76   76   77   78   80   81   83   85   84   84   83   84   84   83   82   85   88   88   88   1951
               223    86   79   78   78   78   78   78   78   80   84   86   84   86   90   95   96   92   89   96   96   98  107   89   91   2092
               224    88   85   83   82   80   81   82   83   84   86   88   90   93   97  109  114  111  108   98   81   80   76   76   75   2130
               225    75   74   74   74   75   75   76   76   77   78   79   80   81   84   84   82   79   78   78   78   78   80   85   88   1888
               226    80   80   83   82   84   85   96  103  105  107  109  110  111  111  111  107  107  112  111  111  112  112  109  110   2448
               227   111  110   95   83   82   81   81   82   83   85   86   88   89   94   94  107  108  109   94   86   84   83   82   82   2179
               228    81   80   81   80   79   79   79   80   81   84   86   90   92  100  105  101   94   89   88   87   89   97   98   97   2117
               229    97   89   74   74   74   75   75   77   78   80   82   86   97   95   90   85   82   79   92   96   87   86   78   78   2006
              ------------------------------------------------------------------------------------------------------------------------------------
              TOTAL 2653 2604 2543 2530 2521 2515 2527 2533 2580 2598 2638 2723 2742 2752 2759 2780 2732 2697 2642 2616 2606 2630 2607 2629  63157
              MEAN    91   90   88   87   87   87   87   87   89   90   91   94   95   95   95   96   94   93   91   90   90   91   90   91   2178
              MAX    121  114  115  116  117  116  116  116  116  116  117  118  118  118  117  116  118  119  120  122  122  122  122  122   2738
                N     29   29   29   29   29   29   29   29   29   29   29   29   29   29   29   29   29   29   29   29   29   29   29   29     29
              NOTE                                                                                                                                
                                                                                                                                                  
                   *): WITH MISSING DATA; TOTAL,MEAN,MAXIMUM ESTIMATED                                                                            
                                                                                                                                                  
                                                                                                                                                  
                                                                                                                                                  
                                                                                                                                                  
