                                                                                                                                                  
                                                                                                                                                  
                                                               *******************************                                                    
                                                                 DOWNWARD LONGWAVE RADIATION                                                      
                                                               *******************************                                                    
                                                                                                                  COUNTRY = JAPAN                 
                                                                                                                                                  
                                                                                                                                                  
                                                                     UNIT  = 0.01 MJ/m**2                                                         
                        STATION    : Tateno                                                                                                       
                        STATION NO.: 47646                                                                                                        
                        LOCATION   : 140ﾟ08' E                                                                                                    
                                      36ﾟ03' N                                                                                                    
                        ALTITUDE   :   25.2  m                                                                                                    
                        YEAR/MONTH : 2000/11                                                                                                      
                                                                                                                                                  
              DATE   -01  -02  -03  -04  -05  -06  -07  -08  -09  -10  -11  -12  -13  -14  -15  -16  -17  -18  -19  -20  -21  -22  -23  -24  TOTAL
                                                                                                                                                  
              11 1   135  135  134  134  134  134  134  134  135  136  136  137  138  139  139  140  140  140  140  140  139  139  139  139   3290
              11 2   138  138  138  137  138  139  139  138  139  138  138  138  138  138  138  139  139  139  137  137  136  136  136  135   3306
              11 3   135  135  134  135  135  135  136  136  136  136  136  134  134  135  135  135  134  122  117  115  113  110  109  107   3089
              11 4   106  108  114  105  103  101  100  102  104  112  131  128  123  117  120  111  110  130  130  131  127  127  117  107   2764
              11 5   107  106  106  105  104  103  102  103  105  106  108  109  111  113  113  114  114  113  112  112  111  109  108  109   2603
              11 6   112  111  107  106  106  108  113  116  118  123  129  134  122  129  123  115  116  135  133  128  132  133  128  128   2905
              11 7   135  136  136  136  136  136  136  136  136  136  137  137  137  129  119  120  120  132  123  126  141  125  119  125   3149
              11 8   125  117  125  117  108  122  130  132  134  133  120  113  116  117  118  121  126  118  113  117  119  121  122  122   2906
              11 9   121  126  125  125  124  124  124  123  123  124  124  125  126  125  119  119  116  125  125  127  128  128  129  127   2982
              1110   128  122  120  116  108  121  124  121  129  130  128  126  131  132  135  130  129  128  127  127  122  110  114  114   2972
              1111   107  105  104  103  104  104  102  102  103  106  109  107  106  106  106  105  103  101  101  110  121  119  111  107   2552
              1112   110  120  122  124  124  124  124  125  126  127  128  127  129  120  128  128  130  121  124  124  117  110  107  107   2926
              1113   110  106  107  107  107  108  103  100  102  103  107  123  124  117  116  119  114  110  109  111  112  117  121  115   2668
              1114   110  115  126  127  127  126  128  129  129  131  131  131  131  132  132  132  133  133  132  132  132  132  132  133   3096
              1115   133  134  134  133  132  129  126  117  114  125  128  125  128  132  136  136  135  135  135  133  134  132  131  133   3130
              1116   131  134  132  131  130  129  127  127  127  127  127  127  127  127  126  125  125  125  124  124  125  125  125  125   3052
              1117   125  125  125  125  125  126  126  126  126  127  127  127  127  128  128  128  128  129  129  129  129  129  129  129   3052
              1118   129  129  129  116  115  104  100   98   99  100  101  103  105  105  104  103  100   98   96   93   92   91   91   91   2492
              1119    90   90   90   90   89   89   88   89   90   92   96  100   98   98   98   99  106  123  121  122  124  123  124  124   2453
              1120   124  125  125  124  126  126  126  125  125  124  125  125  126  127  127  127  127  126  127  128  128  129  130  132   3034
              1121   133  143  147  148  145  139  137  137  134  134  135  135  134  133  133  132  132  130  123  124  113  110  116  121   3168
              1122   120  123  118  117  113  112  110  107  103  102   99  111  119  119  113  111  100  100   99  103  107   99  107  108   2620
              1123   107  114  119  118  116  116  119  120  118  121  110  105  101  XXX  XXX  XXX  XXX   97   98   97   96   96   95   95   XXXX
              1124    94   93   93   92   91   91   91   91   93   95  XXX  XXX  XXX  XXX  XXX  XXX  105  108  115  115  114  115  107  103   XXXX
              1125   109  105   99   98   98   98   99   99  106  109  109  114  119  121  125  119  111  119  122  123  119  113  114  111   2659
              1126   109  106  105  112  106  101  101  100  101  104  105  106  107  XXX  108  108  107  108  108  112  115  115  111  113   XXXX
              1127   117  109  105  123  122  122  120  109  106  108  112  118  115  115  112  112  118  122  126  126  119  110  110  117   2773
              1128   116  114  118  116  107  101   92   91   91   92   92   91   91   91   91   91   90   89   88   87   86   85   85   84   2279
              1129    84   84   84   83   83   82   82   83   85   87   89   89   91   94   97   95   94   92   94   98   94  104  118  110   2196
              1130    95   94   94   95   97  102   98   98   94   92   95   98   97   98   98   99   96   96  103  111  112  113  113  116   2404
              ------------------------------------------------------------------------------------------------------------------------------------
              TOTAL 3495 3502 3515 3498 3453 3452 3437 3414 3431 3480 3531 3561 3570 3597 3576 3549 3516 3544 3531 3562 3557 3505 3498 3487  85023
              MEAN   117  117  117  117  115  115  115  114  114  116  118  119  119  120  119  118  117  118  118  119  119  117  117  116   2834
              MAX    138  143  147  148  145  139  139  138  139  138  138  138  138  139  139  140  140  140  140  140  141  139  139  139   3306
                N     30   30   30   30   30   30   30   30   30   30   29   29   29   27   28   28   29   30   30   30   30   30   30   30     27
              NOTE                                                      *)   *)   *)   *)   *)   *)   *)                                        *)
                                                                                                                                                  
                   *): WITH MISSING DATA; TOTAL,MEAN,MAXIMUM ESTIMATED                                                                            
                                                                                                                                                  
                                                                                                                                                  
                                                                                                                                                  
