                                                                                                                                                  
                                                                                                                                                  
                                                               *******************************                                                    
                                                                 DOWNWARD LONGWAVE RADIATION                                                      
                                                               *******************************                                                    
                                                                                                                  COUNTRY = JAPAN                 
                                                                                                                                                  
                                                                                                                                                  
                                                                     UNIT  = 0.01 MJ/m**2                                                         
                        STATION    : Tateno                                                                                                       
                        STATION NO.: 47646                                                                                                        
                        LOCATION   : 140ﾟ08' E                                                                                                    
                                      36ﾟ03' N                                                                                                    
                        ALTITUDE   :   25.2  m                                                                                                    
                        YEAR/MONTH : 2000/12                                                                                                      
                                                                                                                                                  
              DATE   -01  -02  -03  -04  -05  -06  -07  -08  -09  -10  -11  -12  -13  -14  -15  -16  -17  -18  -19  -20  -21  -22  -23  -24  TOTAL
                                                                                                                                                  
              12 1   117  117  117  115  115  115  113  112  113  113  112   97   94   94   95   94   94   93   93   92   92   91   90   90   2468
              12 2    89   89   89   88   87   87   86   87   88   91   92   93   93   95   96  100   98   95   93  102   98   92   92   91   2211
              12 3    90   90   89   90   98   96   96   92  100  107  114  115  109  113  117  119  121  120  118  117  117  116  117  115   2576
              12 4   115  101   94   91   90   89   89   89   90   90   92   92   92   93   93   93   92   92   91   89   89   89   91   92   2218
              12 5    89   88   87   87   87   88   90   88   88   88   89   91   92   93   95   97   97   96   96   95   95   94   94   92   2196
              12 6    91   91   90   89   88   87   87   87   87   88   89   91   92   93   93   94   93   93   91   90   90   90   86   84   2154
              12 7    89   86   84   82   81   80   80   81   84   87   87   85   86   86   87  XXX  XXX   86   86   86   86   87   96  112   XXXX
              12 8   112  113  113  112  110   95   85   85   86   88   90  XXX  XXX  XXX  XXX  XXX   96   96   95   95   93   92   91   89   XXXX
              12 9    88   88   86   85   85   85   85   86   87   90   93   95   97   99  100  101  100   99   98   98   98   97   96   96   2232
              1210    94   97   95   95   94   93   91   92  104  113  117  119  121  112  117  112  106  111  126  127  122  110  104  102   2574
              1211   101  100   97   95   93   91   89   89  100  114  114  114  120  113   97   96   96   96   99   89   86   85   82   81   2337
              1212    81   81   81   80   79   80   79   80   80   82   83   85   87   91   89   87   86   85   84   83   82   82   83   82   1992
              1213    82   81   81   81   81   80   80   81   82   84   86   88   90   91   92   92   91   90   90   93   91   91   93   93   2084
              1214    93   95  101  109  109  103  105  107  105  105  105  106  107  107  108  111  114  110  109  105  102  100   90   88   2494
              1215    87   87   86   86   86   85   84   84   86   88   90   91   93   93   93   93   93   93   93   93   94   94   94   94   2160
              1216    92   91   90   89   88   88   86   87   88   91   95   99  102  104  105  104  103  101   98   96   94   92   91   90   2264
              1217    89   89   88   88   88   90  102  101  104   93   95  104  111  117  113  117  119  121  120  122  122  122  120  119   2554
              1218   120  120  121  120  120  120  120  XXX  XXX  XXX  XXX  XXX  XXX  125  122  113  119  126  126  127  127  127  126  127   XXXX
              1219   126  120  125  127  126  126  126  125  127  117  103  104  107  109  108  107  103  101  100   97   95   99  102  105   2685
              1220   106  102   99   95  103   96  104  105  114  119  120  120  122  124  124  124  124  123  123  118  120  122  115  115   2737
              1221   117  116  121  121  121  117  118  118  110   97   98  100  101  101   98   97  103  101  103   99   93   94   94   95   2533
              1222    91   96   92   91   93   91   87   86   92   96  112  115  112  113  113  118  110  117  112  106  116  118  119  119   2515
              1223   121  120  120  116  105  116  117  117  113  105  100   94   95   96   96   96   96   95   94   93   94   94   95   94   2482
              1224    93   93   91   90   91   92   92   91   92   92   93   94   95   95   95   95  102  113  110  111  105  105  115  109   2354
              1225   101   94   89   88   88   87   87   85   86   88   90   92  105  101   99   98   94   91   90   88   99   84   83   82   2189
              1226    81   81   80   80   80   80   79   79   81   82   84   85   86   86   86   85   83   82   80   80   80   79   77   76   1952
              1227    76   76   76   77   77   77   77   78   79   81   83   84   85   86   86   86   85   85   84   84   84   84   83   83   1956
              1228    83   82   81   81   80   80   80   79   81   83   86   88   89   90   90   90   90   89   89   89   94  101   95   89   2079
              1229    85   82   82   81   80   79   79   79   81   83   84   85   86   86   87   86   86   85   85   85   85   84   84   84   2003
              1230    83   82   82   82   82   82   83   90   96   96  107  109  115  116  118  118  118  116  119  120  120  121  121  122   2498
              1231   123  123  123  124  117  114  120  123  124  125  126  127  126  125  119  119  118  117  116  119  120  119  119  123   2909
              ------------------------------------------------------------------------------------------------------------------------------------
              TOTAL 3005 2971 2950 2935 2922 2889 2896 2877 2942 2973 3026 3060 3109 3150 3131 3143 3131 3118 3111 3088 3083 3055 3038 3033  72413
              MEAN    97   96   95   95   94   93   93   93   95   96   98   99  100  102  101  101  101  101  100  100   99   99   98   98   2336
              MAX    126  123  125  127  126  126  126  125  127  125  126  127  126  125  124  124  124  126  126  127  127  127  126  127   2909
                N     31   31   31   31   31   31   31   30   30   30   30   29   29   30   30   29   30   31   31   31   31   31   31   31     28
              NOTE                                       *)   *)   *)   *)   *)   *)   *)   *)   *)   *)                                        *)
                                                                                                                                                  
                   *): WITH MISSING DATA; TOTAL,MEAN,MAXIMUM ESTIMATED                                                                            
                                                                                                                                                  
                                                                                                                                                  
