                                                                                                                                                  
                                                                                                                                                  
                                                               *******************************                                                    
                                                                 DOWNWARD LONGWAVE RADIATION                                                      
                                                               *******************************                                                    
                                                                                                                  COUNTRY = JAPAN                 
                                                                                                                                                  
                                                                                                                                                  
                                                                     UNIT  = 0.01 MJ/m**2                                                         
                        STATION    : Tateno                                                                                                       
                        STATION NO.: 47646                                                                                                        
                        LOCATION   : 140ﾟ08' E                                                                                                    
                                      36ﾟ03' N                                                                                                    
                        ALTITUDE   :   25.2  m                                                                                                    
                        YEAR/MONTH : 2001/12                                                                                                      
                                                                                                                                                  
              DATE   -01  -02  -03  -04  -05  -06  -07  -08  -09  -10  -11  -12  -13  -14  -15  -16  -17  -18  -19  -20  -21  -22  -23  -24  TOTAL
                                                                                                                                                  
              12 1    90   90   89   89   89   89   88   93  107  116  104  104   99  100  105  107  107  108  109  109  104  100  100   99   2395
              12 2    99  100  101   98   95   93   91   88   90   92   94   97   99  100  103  103  104  101  100   99   98  101  101  107   2354
              12 3   114  109  109  118  119  117  117  119  119  117  102  103  104  104  105  105  105  104  103  103  102  102  100  100   2600
              12 4   112  120  121  122  123  122  122  122  123  123  122  124  124  122  120  117  123  121  121  111  103  115  116  103   2852
              12 5    99  113  115  116  120  119  116  117  116  121  123  124  122  122  123  124  117  123  118  107  115  121  123  122   2836
              12 6   123  126  126  127  125  127  126  126  125  124  125  125  125  125  124  124  114  113  104  101  113  114  107  100   2869
              12 7   113  118  106   95   89   88   88   89   95   92   91   92   92   91   91   91   92   94  112   97   91   90   86   86   2269
              12 8    86   86   86   96  111  110   97   89   87   89   90   91   94   99   98   95   94   94   93   93   93   93   92   91   2247
              12 9    90   88   88   88   87   87   87   86   88   91   92   93   93   93   93   91   90   89   87   87   87   87   87   87   2136
              1210    86   86   86   86   85   85   85   85   87   88   89   91   91   91   88   87   85   85   84   84   84   84   84   83   2069
              1211    83   83   83   83   82   82   82   82   84   86   87   87   87   88   89   89   88   87   86   85   85   85   84   84   2041
              1212    84   84   84   83   83   83   83   84   86   87   89   90   91   92   93   92   91   91   91   93   92   95  112  116   2169
              1213   119  122  121  114  114  114  117  119  119  121  121  122  126  126  125  125  127  125  113  102  100   99  110  111   2812
              1214   123  123  123  122  121  120  116  111  112   97   93   93   93   92   91   90   88   86   85   84   83   83   84   83   2396
              1215    83   83   84   84   84   83   83   84   86   86   87   91   88   87   87   86   85   85   84   84   84   84   84   84   2040
              1216    83   83   83   83   83   82   82   84   86   87   89   90   91   91   91   91   90   89   88   87   87   86   85   85   2076
              1217    85  102   96   84   84   84   84   84   86   88   90   91   94   96   96   94   94   93   92   92   91   92   91   90   2173
              1218    91   88   87   86   86   85   85   84   86   87   87   88   89   89   90   90   88   90   99   87   97   91   85   83   2118
              1219    82   81   80   80   80   81   81   81   82   84   86   89   89   91   91   91   90   89   88   88   88   87   94   94   2067
              1220    86   83   83   82   82   82   82   82   83   85   87   89   91   92   91   90   88   88   88   88   88   87   87   90   2074
              1221    93  104  104  110  111  110  110  112  113  114  114  116  117  116  117  117  117  117  117  117  117  117  117  117   2714
              1222   118  117  110  101   97   92   92   89   85   87   90   92   92   91   90   89   87   86   84   84   83   82   82   81   2201
              1223    80   80   80   80   79   79   79   80   82   84   85   86   87   87   88   88   88   88   87   86   86   87   87  102   2035
              1224   109  101   98   98   90   84   84   84   85   87   88   88   90   90   91   91   90   90   99  105  106  104  101  103   2256
              1225   107  105  108  102  100  102  105  105  111  117  118  118  119  120  119  118  104  106  107  110  114  115  116  115   2661
              1226   114  113  111  111  110  107  105   99   87   88   89   90   92   96   95   94   89   88   87   86   86   85   85   84   2291
              1227    84   84   84   84   83   83   82   83   84   87   89   90  103  103  105  101   90   91   89   89   89   89   88   87   2141
              1228    86   86   85   85   85   86   85   84   85   86   88   89   90   91   92   92   95  107  104   96   86   83   83   82   2131
              1229    81   80   80   81   85   85   87   83   83   92  108  103  101   92  109  115  109   96   93   98   96   90   88   87   2222
              1230    84   84   83   82   82   83   84   85   85   87   90   92   95   92   89   87   86   84   83   82   82   81   81   81   2044
              1231    80   80   80   80   81   81   81   81   83   84   85   86   86   87   88   88   88   87   87   86   86   86   86   88   2025
              ------------------------------------------------------------------------------------------------------------------------------------
              TOTAL 2967 3002 2974 2950 2945 2925 2906 2894 2930 2974 2992 3024 3054 3056 3077 3062 3003 2995 2982 2920 2916 2915 2926 2925  71314
              MEAN    96   97   96   95   95   94   94   93   95   96   97   98   99   99   99   99   97   97   96   94   94   94   94   94   2300
              MAX    123  126  126  127  125  127  126  126  125  124  125  125  126  126  125  125  127  125  121  117  117  121  123  122   2869
                N     31   31   31   31   31   31   31   31   31   31   31   31   31   31   31   31   31   31   31   31   31   31   31   31     31
              NOTE                                                                                                                                
                                                                                                                                                  
                   *): WITH MISSING DATA; TOTAL,MEAN,MAXIMUM ESTIMATED                                                                            
                                                                                                                                                  
                                                                                                                                                  
