                                                                                                                                                  
                                                                                                                                                  
                                                               *******************************                                                    
                                                                 DOWNWARD LONGWAVE RADIATION                                                      
                                                               *******************************                                                    
                                                                                                                  COUNTRY = JAPAN                 
                                                                                                                                                  
                                                                                                                                                  
                                                                     UNIT  = 0.01 MJ/m**2                                                         
                        STATION    : Tateno                                                                                                       
                        STATION NO.: 47646                                                                                                        
                        LOCATION   : 140ﾟ08' E                                                                                                    
                                      36ﾟ03' N                                                                                                    
                        ALTITUDE   :   25.2  m                                                                                                    
                        YEAR/MONTH : 2001/03                                                                                                      
                                                                                                                                                  
              DATE   -01  -02  -03  -04  -05  -06  -07  -08  -09  -10  -11  -12  -13  -14  -15  -16  -17  -18  -19  -20  -21  -22  -23  -24  TOTAL
                                                                                                                                                  
               3 1   125  129  129  127  126  125  124  123  123  122  121  120  121  121  121  121  120  119  118  118  118  117  116  115   2919
               3 2   116  116  115  115  114  115  115  115  113  111  107  100  106  108  106  115  117  101   90   88   87   86   85   84   2525
               3 3    83   83   82   82   82   83   84   85   87   92   98  102  108  119  120  119  119  118  119  120  117  115  111  110   2438
               3 4   109  111  112  113  117  117  117  120  121  125  126  126  128  122  121  123  123  120  112   97   89   90  101  103   2743
               3 5   102  103   97   90   90   83   82   82   83   85   87   90   90   90   89   89   89   88   87   87   87   86   86   86   2128
               3 6    89   89   88   89   88   87   87   89   91   94   95   97   99  100  102  102  101  100   99  101  102  101  101  101   2292
               3 7   101  101  101  102  102  102  100  105  107  110  117  115  122  127  123  119  111  115  107   88   86   86   85   85   2517
               3 8    84   83   82   82   81   81   80   82   84   86   90   99   89   93  102  111  116  116  117  114  114  113  110  104   2313
               3 9   107  104   90   78   76   76   77   78   79   80   82   91  103   87   88   88   87   84   83   83   83   82   81   80   2047
               310    79   79   79   79   79   78   78   79   80   82   84   86   87   88   88   92   93   97   97  101   94   89   92   90   2070
               311    95   90   82   79   78   78   78   79   80   81   85   95   95   90   87   86   86   84   86   85   95  107  101  105   2107
               312   103  101  106  110  111  109  109  109  109  105  103  109  107   99   94   93   89  105   90  100  106  108  112  110   2497
               313   109  111  113  113  111   93   79   77   78   80   82   82   84   85   85   85   85   87   87   86   86   86   85   85   2154
               314    85   85   84   85   85   86   86   87   90   92   93   95   98  102  109  110  106  102  103  109  105  109  104  101   2311
               315    99   96   95   95  100   98   99  102  108  116  119  128  125  120  115  118  108  103   99   96  107   99  100   90   2535
               316    87   86   86   85   84   84   84   85   86   87   89   91   91   93   95   96   96   94   95   95   95   97   98  100   2179
               317   102  105  106  102   96   97  108  107  112  113  119  121  127  128  128  127  127  126  127  127  127  127  127  127   2813
               318   127  127  127  127  126  127  126  122  126  126  125  120  111  102  101  101   99   99   98   96   95   94   92   92   2686
               319    91   91   91   91   90   89   90   91   93   95   96  100  103  110  108  107  109  107  105  102  104  102  101  100   2366
               320    99   97   95   94   94   94   94   95   97  100  103  109  117  111  114  116  120  116  112  106  104  102  100   99   2488
               321    98   98  100  102  102  102  105  104  100  103  106  110  113  114  117  115  116  117  123  116  115  116  112  115   2619
               322   115  105  103  105  115  119  121  117  108  105  104  110  112  114  129  129  118  115  111  130  123  112  118  110   2748
               323   112  120  110  106  104  103  102  103  104  108  110  111  114  114  114  113  114  118  125  125  125  123  124  125   2727
               324   125  121  121  109  116  103   99  100  102  104  106  108  111  119  125  122  116  110  110  109  109  120  116  123   2704
               325   116  115  109  111  127  130  127  127  130  131  133  132  130  131  133  130  131  132  133  132  132  131  131  131   3065
               326   131  134  135  135  135  135  134  134  134  134  132  130  131  129  111  102  102  100  100   98   95   92   94   93   2850
               327    91   94   97  106  109  107   92   92   95   96   98   99  101  102  103  104  103  100   99   99   98   99  103  119   2406
               328   123  124  123  123  123  124  124  123  117  124  124  123  117  108  107  107  106  108  105  104  104  120  127  127   2815
               329   127  127  126  126  125  124  123  123  122  122  121  120  119  120  121  120  120  120  119  120  118  118  117  116   2914
               330   116  116  116  116  116  116  116  116  110   97  104  104  101  104   97   93   92   90   88   86   87   88   94   91   2454
               331   100   99  100  110  114  116  116  115  115  115  116  XXX  XXX  XXX  XXX  115  114  109   96  104   88   91  105  101   XXXX
              ------------------------------------------------------------------------------------------------------------------------------------
              TOTAL 3246 3240 3200 3187 3216 3181 3156 3166 3184 3221 3275 3329 3370 3357 3360 3368 3333 3300 3240 3222 3195 3206 3229 3218  77943
              MEAN   105  105  103  103  104  103  102  102  103  104  106  107  109  108  108  109  108  106  105  104  103  103  104  104   2514
              MAX    131  134  135  135  135  135  134  134  134  134  133  132  131  131  133  130  131  132  133  132  132  131  131  131   3065
                N     31   31   31   31   31   31   31   31   31   31   31   30   30   30   30   31   31   31   31   31   31   31   31   31     30
              NOTE                                                           *)   *)   *)   *)                                                  *)
                                                                                                                                                  
                   *): WITH MISSING DATA; TOTAL,MEAN,MAXIMUM ESTIMATED                                                                            
                                                                                                                                                  
                                                                                                                                                  
