                                                                                                                                                  
                                                                                                                                                  
                                                               *******************************                                                    
                                                                 DOWNWARD LONGWAVE RADIATION                                                      
                                                               *******************************                                                    
                                                                                                                  COUNTRY = JAPAN                 
                                                                                                                                                  
                                                                                                                                                  
                                                                     UNIT  = 0.01 MJ/m**2                                                         
                        STATION    : Tateno                                                                                                       
                        STATION NO.: 47646                                                                                                        
                        LOCATION   : 140ﾟ08' E                                                                                                    
                                      36ﾟ03' N                                                                                                    
                        ALTITUDE   :   25.2  m                                                                                                    
                        YEAR/MONTH : 2001/10                                                                                                      
                                                                                                                                                  
              DATE   -01  -02  -03  -04  -05  -06  -07  -08  -09  -10  -11  -12  -13  -14  -15  -16  -17  -18  -19  -20  -21  -22  -23  -24  TOTAL
                                                                                                                                                  
              10 1   142  144  144  144  144  143  143  143  142  142  143  145  146  146  146  146  146  146  146  146  146  146  146  146   3471
              10 2   146  146  146  146  146  146  138  134  147  136  128  129  129  128  126  125  123  119  116  114  113  114  113  112   3120
              10 3   113  114  113  112  112  111  111  112  114  116  118  120  122  122  122  123  122  121  121  121  119  116  116  115   2806
              10 4   118  116  114  126  136  137  136  137  138  138  126  139  136  125  137  132  140  143  140  141  143  142  141  141   3222
              10 5   141  141  141  140  139  140  139  144  144  144  144  144  144  148  147  148  147  146  146  140  131  137  138  145   3418
              10 6   138  135  123  134  135  140  139  143  143  133  129  133  131  134  140  139  134  135  128  137  135  126  127  134   3225
              10 7   132  131  124  132  136  134  131  125  126  130  129  125  130  136  130  119  118  116  115  115  116  120  115  116   3001
              10 8   118  120  120  122  119  114  123  136  140  141  140  140  140  140  140  141  142  141  141  142  141  141  140  141   3223
              10 9   139  136  128  130  118  119  118  127  128  138  140  129  124  125  123  128  135  129  125  122  130  129  133  136   3089
              1010   139  139  139  139  139  139  140  141  142  143  145  146  147  148  148  147  147  146  146  146  146  147  148  149   3456
              1011   150  150  150  149  148  147  146  146  140  149  149  148  138  131  132  133  131  130  129  128  128  127  126  125   3330
              1012   125  123  123  122  123  122  124  126  135  140  142  142  137  128  127  127  125  123  122  123  122  124  137  126   3068
              1013   120  117  114  112  111  111  111  112  113  115  118  121  122  122  124  126  124  129  121  118  117  116  114  111   2819
              1014   110  109  108  107  107  107  106  108  110  113  116  120  121  122  128  133  132  128  126  119  117  118  116  123   2804
              1015   116  117  111  108  104  103  103  106  110  111  113  117  117  116  114  115  115  111  110  111  113  113  112  114   2680
              1016   111  121  115  114  113  118  119  120  123  126  123  122  133  129  134  123  128  132  133  134  136  138  138  139   3022
              1017   140  140  139  138  139  140  140  141  141  142  143  143  143  144  143  142  140  140  140  139  139  140  139  140   3375
              1018   139  140  136  134  133  133  133  133  133  133  132  132  132  131  131  130  129  128  126  115  104   99   98   99   3033
              1019    98   98   97   96   96   95   95   96   99  100  102  103  104  105  106  106  106  104  103  103  104  104  105  104   2429
              1020   102  101  100  100   99   99   98  100  102  104  106  108  109  109  110  109  107  106  106  107  107  106  106  113   2514
              1021   115  111  115  116  114  112  111  115  116  121  124  123  127  130  132  132  133  133  132  130  129  127  126  121   2945
              1022   116  115  112  111  110  110  110  114  127  130  132  135  137  142  142  139  140  138  138  138  138  137  139  140   3090
              1023   142  143  141  141  142  140  139  132  124  121  123  124  125  126  126  125  128  139  134  117  114  112  111  110   3079
              1024   110  109  110  107  107  107  105  107  110  113  115  119  124  123  120  118  118  120  117  115  117  126  130  128   2775
              1025   123  114  112  112  109  108  108  109  111  114  116  117  118  118  118  118  116  116  119  116  122  116  113  113   2756
              1026   109  107  112  120  108  107  108  111  109  110  111  112  113  114  114  113  112  112  111  110  110  109  108  108   2658
              1027   107  105  105  105  105  104  103  105  107  110  112  114  115  116  115  114  113  113  113  117  116  113  117  113   2657
              1028   113  113  110  119  122  123  123  125  131  136  135  135  134  135  138  139  139  140  142  143  141  143  145  143   3167
              1029   142  139  139  138  137  133  124  135  134  120  126  133  139  140  136  123  121  118  109  108  108  105  101  100   3008
              1030   100  100  100  101  101  102  101  102  114  125  122  125  120  122  126  131  129  132  124  128  124  121  124  123   2797
              1031   120  119  131  114  112  119  117  116  130  125  120  130  116  114  114  113  112  111  111  110  110  111  110  110   2795
              ------------------------------------------------------------------------------------------------------------------------------------
              TOTAL 3834 3813 3772 3789 3764 3763 3742 3801 3883 3919 3922 3973 3973 3969 3989 3957 3952 3945 3890 3853 3836 3823 3832 3838  92832
              MEAN   124  123  122  122  121  121  121  123  125  126  127  128  128  128  129  128  127  127  125  124  124  123  124  124   2995
              MAX    150  150  150  149  148  147  146  146  147  149  149  148  147  148  148  148  147  146  146  146  146  147  148  149   3471
                N     31   31   31   31   31   31   31   31   31   31   31   31   31   31   31   31   31   31   31   31   31   31   31   31     31
              NOTE                                                                                                                                
                                                                                                                                                  
                   *): WITH MISSING DATA; TOTAL,MEAN,MAXIMUM ESTIMATED                                                                            
                                                                                                                                                  
                                                                                                                                                  
