                                                                                                                                                  
                                                                                                                                                  
                                                               *******************************                                                    
                                                                 DOWNWARD LONGWAVE RADIATION                                                      
                                                               *******************************                                                    
                                                                                                                  COUNTRY = JAPAN                 
                                                                                                                                                  
                                                                                                                                                  
                                                                     UNIT  = 0.01 MJ/m**2                                                         
                        STATION    : Tateno                                                                                                       
                        STATION NO.: 47646                                                                                                        
                        LOCATION   : 140ﾟ08' E                                                                                                    
                                      36ﾟ03' N                                                                                                    
                        ALTITUDE   :   25.2  m                                                                                                    
                        YEAR/MONTH : 2001/06                                                                                                      
                                                                                                                                                  
              DATE   -01  -02  -03  -04  -05  -06  -07  -08  -09  -10  -11  -12  -13  -14  -15  -16  -17  -18  -19  -20  -21  -22  -23  -24  TOTAL
                                                                                                                                                  
               6 1   143  145  136  134  131  122  119  121  121  127  136  138  145  144  136  137  137  135  132  130  127  128  131  127   3182
               6 2   128  127  124  124  124  124  124  121  121  128  130  131  127  125  127  139  140  124  120  119  119  118  117  116   2997
               6 3   116  116  115  114  113  113  114  115  117  120  123  127  129  128  134  132  131  126  125  125  124  124  124  122   2927
               6 4   122  122  121  121  117  116  118  120  123  126  127  129  131  132  134  133  131  133  131  129  128  127  126  127   3024
               6 5   129  128  127  129  133  133  134  135  135  137  146  149  144  142  144  144  143  142  144  144  144  145  146  146   3343
               6 6   146  149  145  143  144  144  145  145  146  146  146  147  148  148  149  149  149  149  149  149  148  148  147  147   3526
               6 7   147  146  146  146  146  144  132  133  139  138  136  142  147  148  146  147  145  144  144  143  140  136  142  144   3421
               6 8   144  144  144  144  144  144  144  144  145  146  147  148  145  145  134  139  134  133  142  143  143  143  142  141   3422
               6 9   140  140  134  126  130  128  123  126  130  132  131  132  133  138  131  129  127  137  141  142  143  144  143  139   3219
               610   142  142  142  143  143  143  144  144  146  147  141  139  145  150  151  150  151  151  144  146  146  145  144  145   3484
               611   144  144  142  141  144  141  128  141  138  132  132  134  137  141  139  143  136  138  140  146  146  142  142  143   3354
               612   141  137  139  140  133  133  137  137  137  138  141  142  142  142  143  141  134  137  142  142  143  144  144  142   3351
               613   140  137  144  144  144  144  143  136  139  147  143  146  145  148  138  138  142  142  143  141  142  142  142  140   3410
               614   141  142  143  143  144  145  145  145  145  144  145  145  145  145  145  144  144  145  145  144  144  143  143  143   3457
               615   143  143  144  143  142  142  143  143  143  143  143  144  144  145  145  143  142  142  141  141  140  141  140  140   3420
               616   141  141  140  140  140  140  141  142  143  143  144  144  145  143  138  135  135  128  135  142  141  138  140  140   3359
               617   132  129  136  132  141  134  137  141  139  146  148  148  147  151  143  139  140  145  148  134  133  137  133  132   3345
               618   132  130  129  129  129  129  129  134  135  138  137  140  143  146  148  148  145  146  143  137  138  141  138  144   3308
               619   143  145  145  146  147  145  147  150  154  155  157  159  158  157  154  154  153  152  154  155  155  154  152  150   3641
               620   151  151  151  151  154  153  152  152  154  154  153  153  152  153  153  144  140  139  134  144  144  143  143  143   3561
               621   143  142  142  142  142  141  142  142  142  142  142  143  143  143  143  143  143  142  141  135  136  132  138  140   3384
               622   141  139  136  137  136  137  137  139  138  138  140  141  142  146  145  143  145  144  147  143  142  145  145  145   3391
               623   144  142  139  140  140  140  142  144  142  147  151  151  150  150  148  148  146  145  147  140  143  143  144  144   3470
               624   144  144  145  145  145  142  148  148  147  150  150  155  150  150  149  146  145  149  147  146  145  144  144  144   3522
               625   143  143  142  142  143  143  143  145  147  149  150  153  153  150  150  150  150  150  152  149  146  151  148  145   3537
               626   145  143  139  139  141  143  141  142  146  147  153  157  156  156  153  150  151  149  145  144  144  146  143  146   3519
               627   143  142  142  146  143  141  145  151  148  152  159  161  159  163  162  159  151  149  152  144  144  142  139  139   3576
               628   137  136  136  135  136  136  139  142  147  149  150  148  151  148  148  147  146  146  146  145  143  145  141  145   3442
               629   145  144  143  142  146  144  140  148  145  142  144  147  150  152  151  152  152  152  149  148  152  150  153  149   3540
               630   148  143  145  147  143  144  146  150  152  155  155  157  158  159  160  159  156  154  152  153  149  146  148  147   3626
              ------------------------------------------------------------------------------------------------------------------------------------
              TOTAL 4198 4176 4156 4148 4158 4128 4122 4176 4204 4258 4300 4350 4364 4388 4341 4325 4284 4268 4275 4243 4232 4227 4222 4215 101758
              MEAN   140  139  139  138  139  138  137  139  140  142  143  145  145  146  145  144  143  142  143  141  141  141  141  141   3392
              MAX    151  151  151  151  154  153  152  152  154  155  159  161  159  163  162  159  156  154  154  155  155  154  153  150   3641
                N     30   30   30   30   30   30   30   30   30   30   30   30   30   30   30   30   30   30   30   30   30   30   30   30     30
              NOTE                                                                                                                                
                                                                                                                                                  
                   *): WITH MISSING DATA; TOTAL,MEAN,MAXIMUM ESTIMATED                                                                            
                                                                                                                                                  
                                                                                                                                                  
                                                                                                                                                  
