                                                                                                                                                  
                                                                                                                                                  
                                                               *******************************                                                    
                                                                 DOWNWARD LONGWAVE RADIATION                                                      
                                                               *******************************                                                    
                                                                                                                  COUNTRY = JAPAN                 
                                                                                                                                                  
                                                                                                                                                  
                                                                     UNIT  = 0.01 MJ/m**2                                                         
                        STATION    : Tateno                                                                                                       
                        STATION NO.: 47646                                                                                                        
                        LOCATION   : 140ﾟ08' E                                                                                                    
                                      36ﾟ03' N                                                                                                    
                        ALTITUDE   :   25.2  m                                                                                                    
                        YEAR/MONTH : 2001/11                                                                                                      
                                                                                                                                                  
              DATE   -01  -02  -03  -04  -05  -06  -07  -08  -09  -10  -11  -12  -13  -14  -15  -16  -17  -18  -19  -20  -21  -22  -23  -24  TOTAL
                                                                                                                                                  
              11 1   109  107  107  106  105  107  112  111  112  113  119  121  122  121  126  124  117  119  114  114  116  119  123  120   2764
              11 2   122  123  123  123  121  116  112  110  111  113  117  121  121  119  119  119  118  120  122  124  124  121  118  116   2853
              11 3   113  120  118  122  114  110  113  120  126  128  129  130  133  134  138  137  137  137  137  135  134  133  132  131   3061
              11 4   131  130  130  131  129  127  111  103  103  105  106  106  103  103  103  104  103  100   98   96   95   95   95   96   2603
              11 5   103   96   96   96   97   98  100  110  118  121  119  126  129  127  129  131  126  129  133  135  136  136  135  134   2860
              11 6   135  136  135  134  135  134  134  134  135  138  136  137  139  139  137  135  135  136  125  120  105   99   97   96   3086
              11 7    94   93   93   92   92   92   96   97  103  101  101  104  113  104  103  106  101  100  100   99   98   97   98   97   2374
              11 8    97   96   95   94   94   94   95   97  105  110  106  109  124  115  112  117  114  110  113  123  118  117  125  120   2600
              11 9   117  117  111  111  111  122  120  127  130  131  131  132  134  133  133  133  133  131  132  132  131  130  129  129   3040
              1110   128  129  129  128  128  127  128  127  128  127  127  127  128  128  127  126  126  124  122  121  118  108  102  102   2965
              1111    97   96   95   94   93   92   91   91   93   96   99  102  102  103  104  104  105  105  110  120  116  113  108  105   2434
              1112   107  119  115  119  116  125  125  121  124  127  126  126  126  127  126  121  102  100  100   99   99   99   99   99   2747
              1113    98   97   98   99  103   95   94   94   95   99  111  111  111  105  102  101   99  102  117  118  119  120  119  121   2528
              1114   121  112   99   96   96   94   94   94   95   97   99   98  102  109  104   99   98   96   95   95   96   99  103  102   2393
              1115    94   95  111  105  102  102   99   92   96  103  111  111  109  110  105  110  110  113  112  109  107  109  102   98   2515
              1116   102  112  119  118  107   94   92   92   93   96   98  100  101  102  103  103  101  101  100   99   99  100  100   99   2431
              1117    99  100  103  107  104   99  104  105  107  108  113  111  111  112  111  108  107  107  118  117  105  101   99   99   2555
              1118   100   98   97   92   99  100   95  100   97  102  108   98   98   98   98   99   97   96  107  117  100   95   94   93   2378
              1119    92   92   91   92   91   89   89   91   94   95   97   97   98   98   99   99   99   98   98   97   97   96   96   96   2281
              1120    96   94   93   92   92   93   93  103  105  104  115  108  104  103  104  104  103  103  102  103  102  102  100  100   2418
              1121    98   98   99   99  108  105   98  101   97   99  101  103  104  105  104  104  103  102  101  100  100  100   99   97   2425
              1122    96   95   93   93   92   91   91   93   96   99  101  102  103  104  105  105  105  105  104  103  103  102  101  101   2383
              1123   100   99   97   96   95   95   95   94   96   98  100  102  103  104  105  104  102  102  102  102  102  102  101   99   2395
              1124    98   97   96   95   94   94   93   93   94   97   99  101  103  106  109  109  107  106  106  105  104  103  102  102   2413
              1125   101  100  100   99   99   97   95   92   92   95   97   99  101  102  103  104  102  101  101  101   99   99   99   98   2376
              1126    97   98   98   97   97   98   98   97  107  124  124  124  124  124  124  125  122  125  114   99   96   94   94   93   2593
              1127    92   91   90   88   88   88   87   87   89   90   92   92   94   94   94   94   94   93   92   91   91   91   90   89   2181
              1128    89   88   86   86   86   86   86   86   88   90   92   94   96   97   98   98   98   97   98   98   96   95   95   95   2218
              1129    98  101  100   94   92   94   92   92   95   98  104  105  105  106  107  106  103  103  106  112  121  125  125  125   2509
              1130   130  131  132  130  126  123  122  121  112  111  108  108  115  118  130  129  123  112   98   96   94   93   91   91   2744
              ------------------------------------------------------------------------------------------------------------------------------------
              TOTAL 3154 3160 3149 3128 3106 3081 3054 3075 3136 3215 3286 3305 3356 3350 3362 3358 3290 3273 3277 3280 3221 3193 3171 3143  77123
              MEAN   105  105  105  104  104  103  102  103  105  107  110  110  112  112  112  112  110  109  109  109  107  106  106  105   2571
              MAX    135  136  135  134  135  134  134  134  135  138  136  137  139  139  138  137  137  137  137  135  136  136  135  134   3086
                N     30   30   30   30   30   30   30   30   30   30   30   30   30   30   30   30   30   30   30   30   30   30   30   30     30
              NOTE                                                                                                                                
                                                                                                                                                  
                   *): WITH MISSING DATA; TOTAL,MEAN,MAXIMUM ESTIMATED                                                                            
                                                                                                                                                  
                                                                                                                                                  
                                                                                                                                                  
