                                                                                                                                                  
                                                                                                                                                  
                                                               *******************************                                                    
                                                                 DOWNWARD LONGWAVE RADIATION                                                      
                                                               *******************************                                                    
                                                                                                                  COUNTRY = JAPAN                 
                                                                                                                                                  
                                                                                                                                                  
                                                                     UNIT  = 0.01 MJ/m**2                                                         
                        STATION    : Tateno                                                                                                       
                        STATION NO.: 47646                                                                                                        
                        LOCATION   : 140ﾟ08' E                                                                                                    
                                      36ﾟ03' N                                                                                                    
                        ALTITUDE   :   25.2  m                                                                                                    
                        YEAR/MONTH : 2001/01                                                                                                      
                                                                                                                                                  
              DATE   -01  -02  -03  -04  -05  -06  -07  -08  -09  -10  -11  -12  -13  -14  -15  -16  -17  -18  -19  -20  -21  -22  -23  -24  TOTAL
                                                                                                                                                  
               1 1   121  118  113  104   92   89   86   83   81   81   82   82   83   84   84   82   81   81   82   82   82   82   82   83   2120
               1 2    83   82   82   82   82   83   85   87   91   96   96   92   94   96   96   97   96   94   93   93   92   89   88   87   2156
               1 3    86   86   85   85   85   85   84   84   86   88   97   91   90   88   88   87   84   83   82   81   81   80   80   79   2045
               1 4    78   78   78   79   78   79   78   79   81   83   84   84   86   89   88   83   81   80   80   80   79   79   79   79   1942
               1 5    78   79   78   77   77   77   77   78   80   82   83   84   85   86   86   85   86   91   83   82   81   81   80   79   1955
               1 6    79   78   78   77   77   77   77   77   77   78   80   81   83   84   84   83   81   80   80   80   80   80   79   79   1909
               1 7    79   78   78   77   78   78   77   78   81   85   96  101  107  107  108  113  114  114  114  113  113  113  113  113   2328
               1 8   113  113  114  115  116  116  115  117  116  114  115  113  113  113  114  113  102  106  108  110  111  111  111  111   2700
               1 9   101   87   90   86  100  108  101   86   86   87   95  115  115  112  103  109  108  113  115  118  119  118  117  117   2506
               110   117  118  118  117  116  118  119  121  112  104  117  117  119  118  122  118  119  116  107  112  115  108  102  113   2763
               111   114  103   89   88   94  109  110  111  111  108   97   94   94   94   94   95   94   93   93   92   90   89   88   87   2331
               112    86   85   84   85   82   82   81   82   84   85   86   88   90   89   87   86   84   84   82   82   82   82   81   81   2020
               113    81   80   80   85   82   80   80   86   92   91   94  100  100  102  104  111  112  102   96   85   84   83   82   82   2174
               114    81   81   80   79   79   79   78   78   79   81   86   82   82   82   85   82   76   74   74   74   74   83   90   81   1920
               115    79   80   74   74   73   73   73   73   75   77   78   78   79   80   81   89   80   79   79   78   77   76   75   75   1855
               116    74   74   73   73   72   72   72   72   74   76   78   79   80   80   81   81   80   80   82   79   79   80   86   89   1866
               117    86   78   76   75   75   74   74   75   76   78   80   81   83   84   83   81   80   79   78   78   77   77   76   75   1879
               118    75   75   77   77   77   76   76   77   78   81   82   84   85   87   88   89   89   88   85   83   82   80   80   79   1950
               119    79   78   77   76   77   77   76   77   78   80   81   82   83   87   90   90   89   90   94   98  103   97   93   98   2050
               120   107  107  106  108  108  109  109  109  105  106  111  111  113  112  111  113  113  114  112  112  112  112  113  113   2646
               121   113  112  111   98   88   87   86   84   83   83   84   86   88   89   88   87   84   83   83   83   83   83   84   88   2138
               122    98   93   96   97  103   84   84   86   87   88   92   92   89   93  100  107  107  105  108  108  108  106  112  112   2355
               123   112  112  111  111  110  103  106  109  110  110  111  103   89   91   92  106  114  111   86   83   80   79   78   78   2395
               124    78   78   77   77   76   76   77   76   78   79   80   81   83   84   84   84   84   83   83   83   83   83   82   84   1933
               125   XXX  XXX  XXX  XXX  XXX  XXX  XXX  XXX  XXX  XXX  XXX  114  110  113  117  119  119  119  119  118  119  118  118  118   XXXX
               126   118  118  118  119  119  119  118  118  117  117  117  118  118  118  117  115  114  113  110  112  114  112  112  112   2783
               127   112  112  112  112  113  113  113  114  114  114  114  114  115  116  116  116  115  115  115  114  114  117  113  105   2728
               128   107   90   88   87   85   85   85   92   91   95   97   93   98   97   95   94   93   93   93   92   90   88   88   86   2202
               129    85   84   84   84   83   82   81   80   82   83   84   86   86   85   85   83   83   84   83   82   82   82   82   81   1996
               130    80   80   81   80   79   79   79   79   81   82   83   84   84   85   86   86   86   86   86   86   87   86   85   84   1994
               131    83   83   82   81   81   80   80   80   82   84   85   92   99  105  107  103  102  101  105  110  112  114  111  105   2267
              ------------------------------------------------------------------------------------------------------------------------------------
              TOTAL 2877 2812 2781 2753 2747 2737 2725 2737 2756 2787 2858 2902 2923 2950 2964 2987 2950 2934 2890 2883 2885 2868 2860 2853  68104
              MEAN    93   91   90   89   89   88   88   88   89   90   92   94   94   95   96   96   95   95   93   93   93   93   92   92   2197
              MAX    121  118  118  119  119  119  119  121  117  117  117  118  119  118  122  119  119  119  119  118  119  118  118  118   2783
                N     30   30   30   30   30   30   30   30   30   30   30   31   31   31   31   31   31   31   31   31   31   31   31   31     30
              NOTE    *)   *)   *)   *)   *)   *)   *)   *)   *)   *)   *)                                                                      *)
                                                                                                                                                  
                   *): WITH MISSING DATA; TOTAL,MEAN,MAXIMUM ESTIMATED                                                                            
                                                                                                                                                  
                                                                                                                                                  
