                                                                                                                                                  
                                                                                                                                                  
                                                               *******************************                                                    
                                                                 DOWNWARD LONGWAVE RADIATION                                                      
                                                               *******************************                                                    
                                                                                                                  COUNTRY = JAPAN                 
                                                                                                                                                  
                                                                                                                                                  
                                                                     UNIT  = 0.01 MJ/m**2                                                         
                        STATION    : Tateno                                                                                                       
                        STATION NO.: 47646                                                                                                        
                        LOCATION   : 140ﾟ08' E                                                                                                    
                                      36ﾟ03' N                                                                                                    
                        ALTITUDE   :   25.2  m                                                                                                    
                        YEAR/MONTH : 2001/05                                                                                                      
                                                                                                                                                  
              DATE   -01  -02  -03  -04  -05  -06  -07  -08  -09  -10  -11  -12  -13  -14  -15  -16  -17  -18  -19  -20  -21  -22  -23  -24  TOTAL
                                                                                                                                                  
               5 1    97   97   96   96   96  112  123  123  124  125  125  125  124  117  117  114  119  127  127  125  121  113  109  111   2763
               5 2   122  125  125  125  125  124  124  124  126  127  128  129  128  127  127  128  127  128  128  127  127  126  126  126   3029
               5 3   127  128  127  128  128  127  127  127  128  128  130  130  131  127  127  128  127  125  123  121  122  122  121  112   3021
               5 4   117  122  123  126  126  120  126  125  122  110  107  108  108  109  110  111  113  112  111  114  108  107  106  108   2749
               5 5   119  123  118  109  114  121  113  109  111  116  129  136  134  131  131  127  128  128  130  123  127  117  115  118   2927
               5 6   114  113  114  128  119  118  115  116  126  119  124  125  122  119  119  120  120  120  120  120  119  119  118  117   2864
               5 7   116  116  116  116  115  115  116  118  120  123  126  125  126  126  125  125  124  122  122  122  122  121  121  120   2898
               5 8   120  120  123  122  122  125  126  130  138  138  138  145  145  146  146  147  147  147  146  146  146  146  146  147   3302
               5 9   147  147  147  147  147  143  142  142  142  143  144  144  144  145  146  146  143  139  141  141  141  141  141  141   3444
               510   140  140  140  140  140  140  140  140  141  141  142  143  140  141  141  138  141  140  140  133  130  129  135  137   3332
               511   137  129  130  134  133  135  134  131  123  116  120  125  132  136  126  121  118  119  136  131  113  110  110  108   3007
               512   107  105  104  103  103  103  103  105  107  109  110  112  114  114  116  116  115  116  116  116  115  116  116  116   2657
               513   115  115  114  112  112  112  113  115  116  117  118  120  122  123  125  124  123  121  118  116  115  114  114  114   2808
               514   113  112  112  113  112  113  114  116  119  122  125  125  122  119  121  122  123  127  126  120  119  122  126  125   2868
               515   127  124  121  122  128  127  123  127  127  121  123  124  129  127  129  130  127  129  127  128  129  127  129  134   3039
               516   138  143  142  145  147  145  146  145  145  145  146  148  148  147  XXX  XXX  XXX  XXX  XXX  XXX  XXX  XXX  135  126   XXXX
               517   119  116  115  121  111  105  105  106  108  109  110  111  112  113  114  116  118  116  113  112  111  111  111  111   2694
               518   112  112  112  112  112  112  113  114  116  118  120  122  124  124  124  124  126  126  126  124  124  121  121  122   2861
               519   122  121  121  120  119  118  119  121  128  133  131  127  127  125  125  134  142  138  135  138  128  121  121  129   3043
               520   132  120  119  119  118  117  118  120  121  123  125  128  131  133  135  136  136  133  129  128  127  126  126  126   3026
               521   126  127  130  131  141  142  143  136  130  130  133  133  138  140  139  137  134  133  134  140  145  145  142  134   3263
               522   133  129  129  138  143  143  143  144  142  143  143  144  146  147  143  141  141  141  142  144  141  140  142  142   3384
               523   142  142  142  142  143  144  142  144  146  147  148  146  147  145  147  145  145  146  146  147  147  147  147  XXX   XXXX
               524   XXX  XXX  XXX  XXX  XXX  XXX  XXX  XXX  XXX  XXX  XXX  XXX  XXX  XXX  XXX  XXX  XXX  145  142  140  142  144  142  146   XXXX
               525   145  144  143  144  136  141  138  141  136  130  137  134  133  137  146  145  138  138  138  131  130  129  129  129   3292
               526   129  133  142  136  145  146  139  137  142  147  148  144  143  142  143  143  143  143  143  143  142  142  143  142   3400
               527   142  141  142  143  143  145  145  143  142  141  140  140  140  139  136  136  135  135  137  136  136  133  131  132   3333
               528   130  134  134  137  136  129  131  135  130  133  137  133  123  121  122  121  120  121  120  119  120  122  127  125   3060
               529   131  121  125  122  127  125  135  129  125  140  140  140  135  140  134  138  133  132  134  137  129  123  123  123   3141
               530   124  124  124  125  125  127  127  127  129  133  140  142  147  146  145  146  144  141  139  140  142  146  144  144   3271
               531   146  146  144  144  144  146  147  148  149  149  150  149  150  147  145  138  138  140  144  148  149  148  149  146   3504
              ------------------------------------------------------------------------------------------------------------------------------------
              TOTAL 3915 3894 3900 3928 3937 3946 3959 3965 3987 4005 4067 4089 4098 4086 4067 4058 4049 4058 4064 4039 3996 3956 3966 3937  95192
              MEAN   126  126  126  127  127  127  128  128  129  129  131  132  132  132  131  131  131  131  131  130  129  128  128  127   3071
              MAX    147  147  147  147  147  146  147  148  149  149  150  149  150  147  147  147  147  147  146  148  149  148  149  147   3504
                N     30   30   30   30   30   30   30   30   30   30   30   30   30   30   29   29   29   30   30   30   30   30   31   30     28
              NOTE    *)   *)   *)   *)   *)   *)   *)   *)   *)   *)   *)   *)   *)   *)   *)   *)   *)   *)   *)   *)   *)   *)        *)     *)
                                                                                                                                                  
                   *): WITH MISSING DATA; TOTAL,MEAN,MAXIMUM ESTIMATED                                                                            
                                                                                                                                                  
                                                                                                                                                  
