                                                                                                                                                  
                                                                                                                                                  
                                                               *******************************                                                    
                                                                 DOWNWARD LONGWAVE RADIATION                                                      
                                                               *******************************                                                    
                                                                                                                  COUNTRY = JAPAN                 
                                                                                                                                                  
                                                                                                                                                  
                                                                     UNIT  = 0.01 MJ/m**2                                                         
                        STATION    : Tateno                                                                                                       
                        STATION NO.: 47646                                                                                                        
                        LOCATION   : 140ﾟ08' E                                                                                                    
                                      36ﾟ03' N                                                                                                    
                        ALTITUDE   :   25.2  m                                                                                                    
                        YEAR/MONTH : 2001/07                                                                                                      
                                                                                                                                                  
              DATE   -01  -02  -03  -04  -05  -06  -07  -08  -09  -10  -11  -12  -13  -14  -15  -16  -17  -18  -19  -20  -21  -22  -23  -24  TOTAL
                                                                                                                                                  
               7 1   146  154  145  141  140  140  142  143  140  144  150  149  149  149  149  149  149  148  145  142  139  134  132  132   3451
               7 2   131  129  132  140  140  132  132  133  136  138  140  142  145  151  150  146  145  144  141  140  139  139  139  139   3343
               7 3   139  142  138  141  143  140  153  156  155  149  155  151  150  150  149  148  147  146  144  143  143  143  144  143   3512
               7 4   143  142  142  142  142  141  142  144  147  150  152  154  156  157  157  157  158  158  153  148  147  146  145  144   3567
               7 5   143  142  141  140  139  139  140  142  145  147  149  152  154  155  154  154  151  149  147  149  148  149  149  150   3528
               7 6   148  149  148  147  144  148  153  152  155  157  159  163  164  164  162  161  159  157  157  155  153  152  149  150   3706
               7 7   147  144  147  138  132  137  136  132  130  131  133  137  138  135  137  139  137  134  133  135  135  142  146  134   3289
               7 8   134  132  131  147  146  139  134  132  132  133  134  135  136  139  144  144  145  146  140  138  142  135  135  134   3307
               7 9   135  133  132  133  133  134  136  137  138  140  143  145  145  145  146  147  147  146  141  140  138  136  135  139   3344
               710   136  134  133  133  133  138  152  153  146  139  140  142  144  147  144  142  142  140  138  136  134  132  131  132   3341
               711   134  132  131  133  133  134  137  144  147  145  147  148  149  150  151  151  150  149  147  154  156  154  153  151   3480
               712   147  144  140  141  143  143  146  149  151  154  155  155  157  157  156  155  154  153  151  150  149  148  147  149   3594
               713   150  149  147  147  146  147  149  151  154  157  158  158  158  157  156  157  157  156  153  152  151  151  150  150   3661
               714   150  150  149  147  146  146  149  151  153  155  156  158  159  160  161  164  165  161  159  156  153  153  152  150   3703
               715   151  150  150  150  149  152  155  153  155  155  158  161  159  158  155  151  150  148  147  145  145  146  147  147   3637
               716   148  146  145  144  145  146  145  144  145  145  145  143  144  145  147  148  148  149  147  146  147  146  146  146   3500
               717   146  147  147  147  147  148  153  157  156  157  162  160  160  160  160  159  159  157  155  156  157  159  153  150   3712
               718   151  151  147  145  147  153  153  148  147  148  149  157  156  151  148  149  156  158  157  156  156  154  155  153   3645
               719   154  154  154  152  148  154  154  153  155  156  157  156  154  153  153  150  154  152  150  155  150  146  154  152   3670
               720   151  141  150  154  154  155  155  155  155  155  153  157  159  155  153  151  154  152  148  145  145  145  146  150   3638
               721   146  145  148  153  155  155  151  152  157  163  160  163  164  162  157  155  160  160  154  154  151  155  158  155   3733
               722   149  149  148  147  147  147  148  151  152  155  161  157  156  155  154  153  154  155  155  157  157  154  151  151   3663
               723   150  150  151  150  149  149  149  151  153  156  159  161  163  164  166  164  162  161  159  157  157  156  155  154   3746
               724   152  151  150  150  149  150  151  153  156  159  160  161  163  162  164  164  165  162  158  161  159  155  154  149   3758
               725   150  155  149  151  152  157  157  160  162  159  159  164  157  154  155  156  156  152  151  151  150  155  148  154   3714
               726   156  155  154  152  154  154  151  153  155  158  155  154  154  153  153  153  153  144  152  152  147  142  142  148   3644
               727   145  150  148  147  142  142  135  145  151  145  145  153  151  141  138  143  151  151  148  131  129  130  131  130   3422
               728   133  134  146  139  130  140  145  144  147  146  149  152  152  151  149  149  148  148  148  148  148  148  148  147   3489
               729   146  143  140  132  133  132  133  135  139  148  147  147  147  149  149  148  143  145  145  140  139  139  139  142   3400
               730   139  139  141  145  143  142  143  142  147  150  152  150  149  150  150  151  150  149  148  146  146  147  147  151   3517
               731   154  152  157  158  152  152  158  149  151  152  155  157  159  158  157  159  163  159  153  152  159  160  159  157   3742
              ------------------------------------------------------------------------------------------------------------------------------------
              TOTAL 4504 4488 4481 4486 4456 4486 4537 4564 4612 4646 4697 4742 4751 4737 4724 4717 4732 4689 4624 4590 4569 4551 4540 4533 110456
              MEAN   145  145  145  145  144  145  146  147  149  150  152  153  153  153  152  152  153  151  149  148  147  147  146  146   3563
              MAX    156  155  157  158  155  157  158  160  162  163  162  164  164  164  166  164  165  162  159  161  159  160  159  157   3758
                N     31   31   31   31   31   31   31   31   31   31   31   31   31   31   31   31   31   31   31   31   31   31   31   31     31
              NOTE                                                                                                                                
                                                                                                                                                  
                   *): WITH MISSING DATA; TOTAL,MEAN,MAXIMUM ESTIMATED                                                                            
                                                                                                                                                  
                                                                                                                                                  
