                                                                                                                                                  
                                                                                                                                                  
                                                               *******************************                                                    
                                                                 DOWNWARD LONGWAVE RADIATION                                                      
                                                               *******************************                                                    
                                                                                                                  COUNTRY = JAPAN                 
                                                                                                                                                  
                                                                                                                                                  
                                                                     UNIT  = 0.01 MJ/m**2                                                         
                        STATION    : Tateno                                                                                                       
                        STATION NO.: 47646                                                                                                        
                        LOCATION   : 140ﾟ08' E                                                                                                    
                                      36ﾟ03' N                                                                                                    
                        ALTITUDE   :   25.2  m                                                                                                    
                        YEAR/MONTH : 2001/08                                                                                                      
                                                                                                                                                  
              DATE   -01  -02  -03  -04  -05  -06  -07  -08  -09  -10  -11  -12  -13  -14  -15  -16  -17  -18  -19  -20  -21  -22  -23  -24  TOTAL
                                                                                                                                                  
               8 1   153  149  148  146  146  146  147  150  153  155  159  163  165  170  163  154  153  150  155  149  148  151  149  148   3670
               8 2   154  155  156  156  156  155  154  154  153  155  156  154  153  157  158  154  151  154  155  153  153  152  153  152   3703
               8 3   152  152  152  151  152  153  153  153  153  151  158  160  159  152  153  152  154  154  153  152  150  148  147  145   3659
               8 4   145  145  145  145  144  145  147  154  156  158  155  152  151  153  155  157  153  151  148  148  154  151  146  141   3599
               8 5   140  135  140  147  139  145  148  145  146  147  146  144  144  142  141  142  137  146  146  145  148  146  148  148   3455
               8 6   146  142  147  148  148  147  146  148  150  152  153  153  153  153  153  153  152  152  151  150  149  150  149  150   3595
               8 7   150  150  150  150  150  150  150  151  151  151  151  152  152  152  153  153  152  152  151  151  150  150  149  149   3620
               8 8   149  149  150  149  149  149  149  150  151  152  153  154  154  154  154  153  152  152  152  152  151  151  151  150   3630
               8 9   151  150  150  152  152  152  153  153  154  155  156  159  157  158  156  155  153  152  153  152  151  155  154  149   3682
               810   147  148  157  158  159  153  158  159  158  160  159  163  164  163  162  161  160  164  159  158  159  158  157  155   3799
               811   156  158  157  160  160  160  160  159  156  159  161  157  160  159  153  153  156  156  155  155  154  155  154  154   3767
               812   154  154  154  154  154  153  153  154  154  154  154  153  153  153  153  153  152  152  151  151  151  150  150  150   3664
               813   150  150  150  150  151  151  151  152  153  155  156  157  154  151  153  154  151  152  150  152  154  154  156  155   3662
               814   152  150  144  153  153  157  158  158  157  151  156  156  159  160  159  160  156  150  149  148  154  157  157  156   3710
               815   154  155  155  155  155  154  154  154  155  154  152  149  147  147  147  146  145  144  143  141  140  150  152  154   3602
               816   153  153  153  152  152  153  153  150  147  140  141  142  141  140  140  140  140  139  143  143  144  144  140  145   3488
               817   142  140  131  130  127  126  126  128  130  133  136  135  134  134  134  134  135  135  133  134  144  138  138  141   3218
               818   147  149  153  153  149  151  143  146  149  148  155  156  156  154  153  152  151  147  148  145  146  146  143  140   3580
               819   129  135  138  133  125  125  126  127  128  130  135  137  140  137  137  137  136  135  132  132  131  131  131  131   3178
               820   131  129  129  129  127  128  130  135  137  141  144  143  141  141  143  140  140  140  138  140  140  135  134  137   3272
               821   138  138  135  141  142  151  152  152  153  154  156  157  158  158  158  159  160  161  161  161  161  162  162  161   3691
               822   161  161  162  162  162  162  161  162  161  162  161  158  159  161  160  160  160  160  158  152  148  148  152  150   3803
               823   147  145  153  149  144  143  154  154  156  159  159  159  156  153  153  152  152  150  147  147  145  149  157  157   3640
               824   152  144  150  154  144  142  141  142  143  145  146  147  147  150  149  148  145  142  139  141  151  146  144  150   3502
               825   146  147  145  150  146  148  142  141  148  152  156  157  150  150  149  154  156  147  148  146  147  144  142  154   3565
               826   157  157  151  156  152  142  142  151  158  156  156  157  155  157  155  149  151  149  153  155  154  155  153  157   3678
               827   156  157  157  157  157  156  155  155  156  157  157  154  156  XXX  151  150  152  153  155  155  147  143  145  149   XXXX
               828   148  153  148  155  154  152  149  144  155  157  157  150  150  152  148  147  147  144  150  156  154  153  150  153   3626
               829   155  152  147  155  152  148  148  149  153  149  154  151  149  149  152  146  145  147  155  155  151  144  147  153   3606
               830   153  152  145  143  147  145  143  153  154  155  155  156  154  154  152  152  147  150  153  148  148  148  152  148   3607
               831   148  151  152  152  152  152  152  151  151  151  150  150  150  152  152  151  149  140  140  142  137  147  139  137   3548
              ------------------------------------------------------------------------------------------------------------------------------------
              TOTAL 4616 4605 4604 4645 4600 4594 4598 4634 4679 4698 4743 4735 4721 4718 4699 4671 4643 4620 4624 4609 4614 4611 4601 4619 111414
              MEAN   149  149  149  150  148  148  148  149  151  152  153  153  152  152  152  151  150  149  149  149  149  149  148  149   3594
              MAX    161  161  162  162  162  162  161  162  161  162  161  163  165  170  163  161  160  164  161  161  161  162  162  161   3803
                N     31   31   31   31   31   31   31   31   31   31   31   31   31   30   31   31   31   31   31   31   31   31   31   31     30
              NOTE                                                                     *)                                                       *)
                                                                                                                                                  
                   *): WITH MISSING DATA; TOTAL,MEAN,MAXIMUM ESTIMATED                                                                            
                                                                                                                                                  
                                                                                                                                                  
