                                                                                                                                                  
                                                                                                                                                  
                                                               *******************************                                                    
                                                                 DOWNWARD LONGWAVE RADIATION                                                      
                                                               *******************************                                                    
                                                                                                                  COUNTRY = JAPAN                 
                                                                                                                                                  
                                                                                                                                                  
                                                                     UNIT  = 0.01 MJ/m**2                                                         
                        STATION    : Tateno                                                                                                       
                        STATION NO.: 47646                                                                                                        
                        LOCATION   : 140ﾟ08' E                                                                                                    
                                      36ﾟ03' N                                                                                                    
                        ALTITUDE   :   25.2  m                                                                                                    
                        YEAR/MONTH : 2001/09                                                                                                      
                                                                                                                                                  
              DATE   -01  -02  -03  -04  -05  -06  -07  -08  -09  -10  -11  -12  -13  -14  -15  -16  -17  -18  -19  -20  -21  -22  -23  -24  TOTAL
                                                                                                                                                  
               9 1   146  140  139  146  140  136  129  131  137  131  133  135  135  137  137  139  143  142  142  143  144  143  143  143   3334
               9 2   144  142  131  129  133  129  129  131  134  132  135  137  142  143  142  142  140  138  138  137  140  141  142  141   3292
               9 3   137  137  141  139  139  135  138  142  143  145  150  151  151  150  153  150  149  150  150  148  148  148  148  149   3491
               9 4   150  149  148  149  148  146  143  148  146  150  150  151  150  150  149  148  146  137  139  143  141  128  125  125   3459
               9 5   124  124  124  124  129  129  123  125  127  132  138  135  136  133  139  144  143  147  144  143  146  146  146  146   3247
               9 6   146  145  145  145  145  144  143  143  143  145  141  149  150  149  144  132  132  136  135  139  140  146  143  141   3421
               9 7   145  139  145  137  140  147  147  148  149  149  151  150  155  156  156  155  153  147  151  147  151  151  152  150   3571
               9 8   145  145  143  138  133  136  146  151  154  156  158  156  159  161  161  158  160  159  157  157  157  159  155  154   3658
               9 9   157  155  154  155  154  155  156  159  160  161  160  161  160  161  161  161  161  160  159  159  156  157  155  157   3794
               910   159  159  157  157  159  159  159  159  160  161  161  162  161  161  161  161  162  162  162  162  161  159  158  161   3843
               911   161  161  157  158  159  159  160  160  160  160  160  160  160  159  159  159  158  157  156  153  151  154  151  144   3776
               912   146  142  140  144  152  142  149  153  146  145  156  153  148  145  145  145  145  142  145  143  148  143  141  147   3505
               913   146  141  137  140  143  142  147  148  152  151  154  155  156  157  156  154  154  152  153  152  153  153  153  153   3602
               914   153  153  153  153  153  154  154  154  155  156  156  156  157  158  157  156  152  153  155  155  155  155  155  155   3713
               915   155  155  155  155  155  156  156  156  155  155  153  159  156  159  157  156  153  154  152  155  153  153  154  154   3721
               916   153  153  155  155  153  150  155  154  157  154  156  157  156  147  147  153  150  154  156  154  146  145  135  138   3633
               917   138  145  135  136  131  139  147  147  135  149  151  145  151  149  144  145  141  140  138  137  136  136  136  138   3389
               918   141  150  151  149  153  153  154  148  153  155  150  157  154  152  150  152  144  143  142  141  140  140  138  138   3548
               919   138  138  137  138  138  137  151  138  139  146  152  148  138  138  137  137  137  136  135  140  147  150  151  151   3397
               920   148  148  149  149  148  148  148  148  148  148  148  148  148  149  149  149  149  149  149  149  149  148  147  146   3559
               921   145  146  145  146  146  146  146  145  145  146  146  145  144  143  143  144  141  141  142  140  137  137  135  135   3429
               922   134  134  134  134  133  131  130  129  123  114  112  117  108  102  104  105  105  104  103  103  103  103  104  104   2773
               923   102  101  101  100  100  100  101  104  107  119  121  118  113  113  112  111  110  110  109  109  108  108  107  106   2590
               924   105  104  104  105  105  104  105  108  110  112  115  117  119  121  121  121  120  117  115  115  114  114  113  112   2696
               925   110  109  108  108  107  106  106  108  111  115  118  119  120  121  122  121  119  117  117  117  121  122  121  130   2773
               926   133  127  123  116  115  120  133  125  132  136  133  129  137  134  134  131  131  129  127  127  129  125  125  125   3076
               927   124  124  126  126  127  130  131  130  130  132  132  139  147  140  145  135  132  131  131  131  131  131  130  132   3167
               928   133  131  134  132  134  133  141  142  145  143  142  139  136  121  122  121  121  120  118  117  116  113  111  110   3075
               929   107  105  105  106  106  105  105  111  115  121  120  123  118  116  115  115  114  114  122  125  125  120  123  123   2759
               930   126  129  135  135  129  127  128  132  136  134  136  137  140  140  143  142  142  140  141  142  144  144  143  144   3289
              ------------------------------------------------------------------------------------------------------------------------------------
              TOTAL 4151 4131 4111 4104 4107 4098 4160 4177 4207 4253 4288 4308 4305 4265 4265 4242 4207 4181 4183 4183 4190 4172 4140 4152 100580
              MEAN   138  138  137  137  137  137  139  139  140  142  143  144  144  142  142  141  140  139  139  139  140  139  138  138   3353
              MAX    161  161  157  158  159  159  160  160  160  161  161  162  161  161  161  161  162  162  162  162  161  159  158  161   3843
                N     30   30   30   30   30   30   30   30   30   30   30   30   30   30   30   30   30   30   30   30   30   30   30   30     30
              NOTE                                                                                                                                
                                                                                                                                                  
                   *): WITH MISSING DATA; TOTAL,MEAN,MAXIMUM ESTIMATED                                                                            
                                                                                                                                                  
                                                                                                                                                  
                                                                                                                                                  
