                                                                                                                                                  
                                                                                                                                                  
                                                               *******************************                                                    
                                                                 DOWNWARD LONGWAVE RADIATION                                                      
                                                               *******************************                                                    
                                                                                                                  COUNTRY = JAPAN                 
                                                                                                                                                  
                                                                                                                                                  
                                                                     UNIT  = 0.01 MJ/m**2                                                         
                        STATION    : Tateno                                                                                                       
                        STATION NO.: 47646                                                                                                        
                        LOCATION   : 140ﾟ08' E                                                                                                    
                                      36ﾟ03' N                                                                                                    
                        ALTITUDE   :   25.2  m                                                                                                    
                        YEAR/MONTH : 2001/04                                                                                                      
                                                                                                                                                  
              DATE   -01  -02  -03  -04  -05  -06  -07  -08  -09  -10  -11  -12  -13  -14  -15  -16  -17  -18  -19  -20  -21  -22  -23  -24  TOTAL
                                                                                                                                                  
               4 1    97   97   90   84   83   82   82   82   84   87   89   91   94   96   97   98   93   95  106  106   91   95  102   92   2213
               4 2    91   90   91   90   89   90   91   93   95   97   99  101  101  105  105  110  113  115  110  106  106  107  107  107   2409
               4 3   108  108  108  108  116  125  106  106  107  111  112  114  115  117  126  129  126  125  123  122  122  121  121  120   2796
               4 4   119  118  118  116  115  112  113   96   93  100   99   95   96   98  101   99   97   96   95   94   93   93   93   92   2441
               4 5    92   93   93   93   92   93   93   96   97   99  100  102  102  104  106  109  111  110  110  108  105  105  107  106   2426
               4 6   105  103  100   99   97   98   99  101  103  104  105  105  106  107  107  106  106  107  108  107  107  107  110  115   2512
               4 7   109  110  108  122  110  115  108  107  115  115  117  113  114  113  112  112  111  110  109  109  125  122  125  115   2726
               4 8   121  122  132  133  133  133  133  131  115  128  122  120  123  126  120  118  118  117  111  110  109  108  107  107   2897
               4 9   108  113  122  128  126  119  119  119  121  128  124  123  122  120  121  119  117  116  115  115  114  114  114  114   2851
               410   117  121  121  127  120  115  113  115  124  126  129  125  119  117  117  116  115  115  115  115  116  115  117  120   2850
               411   127  121  130  135  130  119  123  137  134  131  133  133  124  123  122  121  121  121  129  130  128  132  126  117   3047
               412   116  116  118  114  129  134  135  130  124  133  134  132  135  136  141  132  122  119  116  128  130  125  119  115   3033
               413   118  108   96   96   94   93   95   97   99  101  102  106  109  107  108  108  108  107  106  106  106  105  105  105   2485
               414   104  102  101  101   99   98  100  103  106  109  114  119  122  115  115  125  127  126  124  122  117  117  112  105   2683
               415   102  101  100   99   98   98   99  101  103  107  109  109  111  110  113  113  113  117  116  107  106  106  105  103   2546
               416   102  101   99   97   95   94   95   97  100  103  104  106  110  111  111  114  114  111  109  109  113  124  119  111   2549
               417   110  111  111  110  109  109  111  113  114  115  116  120  122  124  118  117  118  116  118  117  117  120  118  114   2768
               418   111  108  108  107  109  109  110  114  112  116  127  129  127  135  131  128  126  127  128  129  133  134  137  135   2930
               419   134  134  135  137  136  136  136  138  138  137  140  140  138  137  133  120  118  116  114  113  112  110  109  108   3069
               420   108  107  107  106  108  109  110  110  113  116  119  121  123  124  124  123  121  122  121  120  125  130  129  130   2826
               421   130  129  127  127  126  126  125  124  123  124  124  124  124  125  125  125  125  126  126  126  126  126  127  128   3018
               422   128  128  128  128  128  124  127  127  126  112  117  114  106  106  112  108  106  102   96   94   92   90   90   89   2678
               423    88   87   87   87   88   89   91   94   96   98  101  104  105  107  108  109  110  110  110  110  109  107  106  105   2406
               424   106  108  107  109  112  112  115  125  128  126  131  133  134  134  134  135  134  134  134  130  131  130  130  125   2997
               425   127  128  130  129  129  128  132  131  131  131  131  131  130  131  131  130  130  128  127  127  126  125  125  124   3092
               426   124  123  123  122  122  122  120  118  111  109  100  101  102  106  107  106  104  103  103  103  107  102  105  108   2651
               427   104  102  101  100  100   99   99  101  104  108  110  116  118  114  114  113  112  111  110  111  111  113  112  116   2599
               428   114  111  110  108  107  106  107  109  111  113  116  125  121  116  117  120  118  118  123  123  123  121  121  119   2777
               429   119  120  129  132  134  133  134  136  138  138  128  134  136  136  134  135  136  139  137  138  139  140  138  138   3221
               430   138  138  138  138  138  139  139  140  141  140  139  139  138  136  138  136  129  118  110  107  105  103  101   98   3086
              ------------------------------------------------------------------------------------------------------------------------------------
              TOTAL 3377 3358 3368 3382 3372 3359 3360 3391 3406 3462 3491 3525 3527 3536 3548 3534 3499 3477 3459 3442 3444 3447 3437 3381  82582
              MEAN   113  112  112  113  112  112  112  113  114  115  116  118  118  118  118  118  117  116  115  115  115  115  115  113   2753
              MAX    138  138  138  138  138  139  139  140  141  140  140  140  138  137  141  136  136  139  137  138  139  140  138  138   3221
                N     30   30   30   30   30   30   30   30   30   30   30   30   30   30   30   30   30   30   30   30   30   30   30   30     30
              NOTE                                                                                                                                
                                                                                                                                                  
                   *): WITH MISSING DATA; TOTAL,MEAN,MAXIMUM ESTIMATED                                                                            
                                                                                                                                                  
                                                                                                                                                  
                                                                                                                                                  
