                                                                                                                                                  
                                                                                                                                                  
                                                               *******************************                                                    
                                                                 DOWNWARD LONGWAVE RADIATION                                                      
                                                               *******************************                                                    
                                                                                                                  COUNTRY = JAPAN                 
                                                                                                                                                  
                                                                                                                                                  
                                                                     UNIT  = 0.01 MJ/m**2                                                         
                        STATION    : Tateno                                                                                                       
                        STATION NO.: 47646                                                                                                        
                        LOCATION   : 140ﾟ08' E                                                                                                    
                                      36ﾟ03' N                                                                                                    
                        ALTITUDE   :   25.2  m                                                                                                    
                        YEAR/MONTH : 2001/02                                                                                                      
                                                                                                                                                  
              DATE   -01  -02  -03  -04  -05  -06  -07  -08  -09  -10  -11  -12  -13  -14  -15  -16  -17  -18  -19  -20  -21  -22  -23  -24  TOTAL
                                                                                                                                                  
               2 1   111  111  112  115  116  116  112  112  110  113  115  118  119  119  118  118  109   96   95   93   91   94   96   96   2605
               2 2    99  101  104  104  111  107   96  106  107  109  110  110  111  111  103   93   84   84   84   84   83   82   80   80   2343
               2 3    79   78   77   78   79   79   79   80   83   85   86   88   86   86   86   87   86   86   85   84   83   83   83   83   1989
               2 4    82   83   85   87   87   85   88   94   97   98   99   99   97   94   94   95   95   96   97   97   99  102  102  105   2257
               2 5   110  113  113  113  111  105  105   98  103  114  116  112  106  117  120  121  122  113  116  117  110  111  112  118   2696
               2 6   109   95   93   92   97   91  108  115  110  118  118  118  112  101  105  106  111  102  100  105  113  117  118  117   2571
               2 7   117  116  117  117  118  117  117  117  116  116  116  116  115  115  115  115  115  115  115  114  114  114  114  114   2775
               2 8   114  114  114  115  115  114  106   98  112   96   93  101  100   93   90   87   85   85   84   84   83   84   84   89   2340
               2 9    85   82   89   91  104  104  102   96   84   83   90  102   94   87   88   88   89   88   88   87   87   87   86   86   2167
               210    85   84   83   83   81   81   81   81   84   88   89   88   90   98  103  103  104  103  103  101   94   88   85   83   2163
               211    83   83   83   83   83   89  101  100   93   84   85   86   88   88   89   90   90   89   87   85   84   85   86   85   2099
               212    80   80   80   81   87   90   82   81   82   89   92   95   90   92   86   88   87   85   88   90   93   94   91   91   2094
               213    90   89   86   91   89   91   88   84   93  100  104  106  105   99   98   93   91   99  100   98  103   95   98   92   2282
               214   105  108  109  110  109  109  109  109  109  107  108  107   88   88   91   91  107  100   93   90   94  106  103   87   2437
               215    86   79   88   80   77   77   75   75   77   77   79   79   80   81   83   83  XXX   82   82   81   81   81   82   83   XXXX
               216    84   89   85   89   95   97   88   96  110   90   87   89   90   88   90   86   84   83   82   80   80   79   78   78   2097
               217    77   76   75   75   75   75   76   76   77   78   80   82   83   84   84   86   87   88   88   88   89   90   96   94   1979
               218   102  104  103  104  104  101   93   98  103  105  100   90  103  107  108  102   95   94  104   98   92   92   92   91   2385
               219    91   90   89   88   88   88   88   88   89   92   94   96   99  103  101  105  104  101  102   96   90   88   87   85   2242
               220    84   84   83   82   81   81   82   82   83   83   85   86   88   90   91   90   90   91   90   89   89   90   92   98   2084
               221   110  115  104  108  111  106   95   95  100   93   94   96   97  106  117  118  119  121  119  121  122  123  118  106   2614
               222   117  119  113   96   94   93   92   92   94   97   98   99  101  102  101  100  102  102  102  102  102  101  100  100   2419
               223    99   98   97   94   93   92   91   92   95   98  101  103  104  104  104  104  103  105  110  122  123  123  122  122   2499
               224   119  123  122  122  121  121  121  121  121  120  119  121  120  119  119  119  119  117  116  115  115  114  114  115   2853
               225   116  107   99   91   89   85   84   83   85   86   92   99   93   95   88   84   84   83   82   81   80   80   79   79   2124
               226    77   77   77   76   76   77   77   78   80   81   82   84   88   88   87   87   89   90   86   83   82   82   82   82   1968
               227    81   81   81   80   80   80   81   81   84   86   88   90   91   93   94   94   94   94   93   94   94   94   94   96   2118
               228    97   95   92   92   92   93  104  108  113  116  117  117  115  119  123  125  119  116  110  111  117  119  121  125   2656
              ------------------------------------------------------------------------------------------------------------------------------------
              TOTAL 2689 2674 2653 2637 2663 2644 2621 2636 2694 2702 2737 2777 2753 2767 2776 2758 2764 2708 2701 2690 2687 2698 2695 2680  65184
              MEAN    96   96   95   94   95   94   94   94   96   97   98   99   98   99   99   99   99   97   96   96   96   96   96   96   2328
              MAX    119  123  122  122  121  121  121  121  121  120  119  121  120  119  123  125  122  121  119  122  123  123  122  125   2853
                N     28   28   28   28   28   28   28   28   28   28   28   28   28   28   28   28   27   28   28   28   28   28   28   28     27
              NOTE                                                                                    *)                                        *)
                                                                                                                                                  
                   *): WITH MISSING DATA; TOTAL,MEAN,MAXIMUM ESTIMATED                                                                            
                                                                                                                                                  
                                                                                                                                                  
                                                                                                                                                  
                                                                                                                                                  
                                                                                                                                                  
