                                                                                                                                                  
                                                                                                                                                  
                                                               *******************************                                                    
                                                                 DOWNWARD LONGWAVE RADIATION                                                      
                                                               *******************************                                                    
                                                                                                                  COUNTRY = JAPAN                 
                                                                                                                                                  
                                                                                                                                                  
                                                                     UNIT  = 0.01 MJ/m**2                                                         
                        STATION    : Tateno                                                                                                       
                        STATION NO.: 47646                                                                                                        
                        LOCATION   : 140ﾟ08' E                                                                                                    
                                      36ﾟ03' N                                                                                                    
                        ALTITUDE   :   25.2  m                                                                                                    
                        YEAR/MONTH : 2002/12                                                                                                      
                                                                                                                                                  
              DATE   -01  -02  -03  -04  -05  -06  -07  -08  -09  -10  -11  -12  -13  -14  -15  -16  -17  -18  -19  -20  -21  -22  -23  -24  TOTAL
                                                                                                                                                  
              12 1   110  110  112  111  112  117  118  122  123  124  124  124  124  124  125  123  124  123  121  123  122  124  119  121   2880
              12 2   122  121  120  120  103   95   94   93   94   96   97   99  101  109  108  109  120  115  105  118  118  101   96   94   2548
              12 3    93   92   92   91   91   91  100  109  105  106   99   98  101  103  112  106  105  109  103  102  105  113  109  119   2454
              12 4   119  122  126  126  126  126  125  125  126  126  125  127  128  128  128  129  128  130  129  117  111  110  106  104   2947
              12 5   103  102  102  102  106  106  104  105  107  109  109  114  111  111  123  131  127  124  119  121  111  108  113  122   2690
              12 6   122  123  123  122  113  103  116  121  112  114  117  107  101  102  102  101  103  108  103   98  111  115  118  117   2672
              12 7   116  116  117  118  118  118  119  118  119  118  119  119  119  118  118  118  118  118  118  117  117  117  117  116   2826
              12 8   117  117  116  116  116  116  116  115  115  115  116  116  116  115  115  114  115  114  114  112  113  114  115  114   2762
              12 9   113  113  113  113  113  113  113  113  113  113  113  113  113  112  112  112  110  110  112  111  110  113  114  110   2695
              1210   112  108  110  112  113  113  112  111  112  112  113  107   93   88   88   88   88   89   89   86   86   85   84   87   2386
              1211    83   82   81   80   79   79   79   80   81   82   83   83   84   85   87   87   87   87   87   86   84   82   82   81   1991
              1212    81   82   81   81   81   81   81   81   85   86   89   93   93   98   90   89   91   88   87   86   86   85   85   85   2065
              1213    84   84   83   82   83   81   80   80   82   84   86   86   87   90  105   98   94   99   93   83   81   81   80   80   2066
              1214    80   79   79   78   78   78   78   77   79   80   82   83   84   84   85   85   84   84   85   85   85   85   85   87   1969
              1215    84   84   84   84   84   84   84   84   85   89   92   97   97  100  101   94   91   90   90   90   91   91   90   90   2150
              1216    89   89   88   89   92   93   91   95   92   95   96   96   94   96   97  101  105  111  115  118  120  120  115  118   2415
              1217   126  127  126  122  106  117  117  103   97   96   95   95   94   93   92   91   89   88   87   87   86   86   86   86   2392
              1218    87   89   97  112  116  116  116  116  117  119  113  112  102  106   98   97   96   96   97   97   96   92   92   92   2471
              1219    91   94  109  110  111  108  109  110  114  117  118  119  120  121  120  118  119  121  122  122  121  118  114  112   2738
              1220   118  118  103   93   91   89   90   92   91   89   95   98  100   95   95   99  101   99   96   94   91   92   95   93   2317
              1221   102  114  114  116  113  113  116  118  119  120  120  121  119  117  117  117  117  117  117  117  117  117  117  118   2793
              1222   119  119  118  117  116  115  114  114  113  115  117  118  118  119  118  118  117  117  117  116  116  116  116  115   2798
              1223   112   92   88   87   86   85   85   85   87   93   95   89   89   89   91   96   91   89   89   94  101  108  113  102   2236
              1224   100  110  114  115  115  115  116  116  117  117  117  118  119  119  119  119  120  120  120  120  120  120  108   91   2765
              1225    90   89   88   88   92   93   90   97   97   99   96   94  100  104  108  108  106   98   96   94   93   97  101   89   2307
              1226    90   86   85   84   82   82   81   80   80   80   81   82   83   86   83   82   80   80   80   79   78   79   78   78   1959
              1227    79   79   79   79   79   79   78   79   80   82   84   85   83   81   81   80   79   79   79   78   78   78   77   77   1912
              1228    76   77   77   78   85  101  103  101   87  107   93   91   86   86   86   86   85   87   86   83   84   83   84   83   2095
              1229    83   82   82   82   82   81   82   81   83   85   86   87   88   87   85   84   83   82   82   82   82   82   81   81   1995
              1230    81   80   81   80   80   81   80   80   82   87   85   86   87   88   88   88   86   86   86   86   87   88   88   87   2028
              1231    86   84   83   84   84   84   83   84   86   87   93   91   91   91   91  100  101  108  115  115  114  113  110  105   2283
              ------------------------------------------------------------------------------------------------------------------------------------
              TOTAL 3068 3064 3071 3072 3046 3053 3070 3085 3080 3142 3148 3148 3125 3145 3168 3168 3160 3166 3139 3117 3115 3113 3088 3054  74605
              MEAN    99   99   99   99   98   98   99  100   99  101  102  102  101  101  102  102  102  102  101  101  100  100  100   99   2407
              MAX    126  127  126  126  126  126  125  125  126  126  125  127  128  128  128  131  128  130  129  123  122  124  119  122   2947
                N     31   31   31   31   31   31   31   31   31   31   31   31   31   31   31   31   31   31   31   31   31   31   31   31     31
              NOTE                                                                                                                                
                                                                                                                                                  
                   *): WITH MISSING DATA; TOTAL,MEAN,MAXIMUM ESTIMATED                                                                            
                                                                                                                                                  
                                                                                                                                                  
