                                                                                                                                                  
                                                                                                                                                  
                                                               *******************************                                                    
                                                                 DOWNWARD LONGWAVE RADIATION                                                      
                                                               *******************************                                                    
                                                                                                                  COUNTRY = JAPAN                 
                                                                                                                                                  
                                                                                                                                                  
                                                                     UNIT  = 0.01 MJ/m**2                                                         
                        STATION    : Tateno                                                                                                       
                        STATION NO.: 47646                                                                                                        
                        LOCATION   : 140ﾟ08' E                                                                                                    
                                      36ﾟ03' N                                                                                                    
                        ALTITUDE   :   25.2  m                                                                                                    
                        YEAR/MONTH : 2002/10                                                                                                      
                                                                                                                                                  
              DATE   -01  -02  -03  -04  -05  -06  -07  -08  -09  -10  -11  -12  -13  -14  -15  -16  -17  -18  -19  -20  -21  -22  -23  -24  TOTAL
                                                                                                                                                  
              10 1   145  145  145  145  145  146  146  147  147  147  149  149  150  149  149  149  151  156  157  157  154  152  147  141   3568
              10 2   135  129  127  126  124  124  125  126  128  130  131  133  133  134  133  134  133  131  132  128  127  130  132  130   3115
              10 3   129  129  128  126  126  130  128  129  129  132  136  133  141  139  146  144  144  138  135  135  133  130  129  126   3195
              10 4   123  121  123  138  140  138  125  117  118  122  126  129  130  131  133  135  134  133  133  134  131  129  128  126   3097
              10 5   125  127  124  123  121  119  119  122  125  127  129  130  130  130  128  127  125  124  123  123  122  122  122  122   2989
              10 6   122  122  122  122  122  125  133  123  137  127  129  134  136  143  140  139  139  140  140  139  141  142  142  143   3202
              10 7   146  148  148  149  151  152  153  153  153  152  145  144  142  146  141  144  144  147  145  141  139  140  140  138   3501
              10 8   138  140  145  142  141  140  141  139  139  141  141  141  141  139  141  140  140  139  138  138  138  138  139  137   3356
              10 9   138  137  138  139  139  140  140  141  141  137  136  130  130  128  128  125  130  133  124  117  120  129  133  134   3187
              1010   133  133  132  134  135  133  118  112  115  119  122  117  117  116  116  116  115  113  110  108  106  104  102  102   2828
              1011   102  102  102  101  101  100  100  101  103  106  108  109  110  111  110  108  108  107  107  107  107  106  106  105   2527
              1012   104  102  103  101  101  100  100  102  106  108  110  112  114  115  115  113  110  108  107  107  107  107  107  106   2565
              1013   105  103  102  102  102  103  105  107  110  112  115  117  118  118  117  117  115  113  112  112  112  112  112  111   2652
              1014   111  111  111  110  109  110  110  111  113  116  119  122  123  124  124  124  125  123  122  120  119  120  120  120   2817
              1015   120  120  120  123  127  134  132  136  138  127  126  127  128  129  129  129  127  126  139  132  128  126  133  144   3100
              1016   140  136  122  115  112  111  111  112  113  115  119  120  122  122  122  120  119  118  118  116  115  114  114  113   2839
              1017   112  112  112  111  109  108  113  111  120  120  119  120  121  121  121  120  120  119  119  119  121  133  135  130   2846
              1018   122  128  135  138  139  138  139  140  139  140  141  141  140  138  134  130  134  140  141  139  141  131  135  134   3277
              1019   133  136  139  143  142  139  139  139  137  143  142  146  145  142  139  139  138  139  141  140  139  138  139  139   3356
              1020   137  136  137  137  137  137  139  139  142  143  143  143  143  142  140  139  138  139  136  139  135  138  139  138   3336
              1021   137  136  135  136  137  137  137  137  138  139  139  139  139  138  138  137  138  139  138  135  124  112  111  115   3211
              1022   131  131  120  118  121  125  107  108  114  113  114  116  117  126  124  127  119  118  124  128  127  126  124  126   2904
              1023   133  133  133  132  132  132  131  132  131  130  132  123  128  118  117  122  113  116  118  130  131  130  130  131   3058
              1024   130  130  128  128  129  129  129  130  131  132  134  135  134  133  133  133  132  132  127  127  126  119  132  127   3120
              1025   134  134  133  132  130  115  111  113  113  119  122  119  122  120  117  118  114  111  111  111  113  110  110  116   2848
              1026   115  123  132  133  133  133  133  134  134  135  136  135  135  134  134  134  133  131  127  134  135  135  134  134   3176
              1027   134  135  121  116  111  123  130  120  108  110  111  113  112  112  113  117  114  122  129  114  110  111  117  102   2805
              1028   107  107  100  101   99   98   97   98  100  102  103  104  107  109  106  106  102  100   99   97   97   98   99   98   2434
              1029    95   93   93   93   93   93   93   94   96   97   99  100  101  102  102  101  100   99   98   98   97  101   97   95   2330
              1030    94   94   94   94   95   95   95   96   97   99  100  102  103  102  102  102  101  101  100   97   98   97   95   95   2348
              1031    94   95   94   94   94   93   93   94   97  103  109  108  107  111  108  112  116  126  129  131  130  131  133  133   2635
              ------------------------------------------------------------------------------------------------------------------------------------
              TOTAL 3824 3828 3798 3802 3797 3800 3772 3763 3812 3843 3885 3891 3919 3922 3900 3901 3871 3881 3879 3853 3823 3811 3836 3811  92222
              MEAN   123  123  123  123  122  123  122  121  123  124  125  126  126  127  126  126  125  125  125  124  123  123  124  123   2975
              MAX    146  148  148  149  151  152  153  153  153  152  149  149  150  149  149  149  151  156  157  157  154  152  147  144   3568
                N     31   31   31   31   31   31   31   31   31   31   31   31   31   31   31   31   31   31   31   31   31   31   31   31     31
              NOTE                                                                                                                                
                                                                                                                                                  
                   *): WITH MISSING DATA; TOTAL,MEAN,MAXIMUM ESTIMATED                                                                            
                                                                                                                                                  
                                                                                                                                                  
