                                                                                                                                                  
                                                                                                                                                  
                                                               *******************************                                                    
                                                                 DOWNWARD LONGWAVE RADIATION                                                      
                                                               *******************************                                                    
                                                                                                                  COUNTRY = JAPAN                 
                                                                                                                                                  
                                                                                                                                                  
                                                                     UNIT  = 0.01 MJ/m**2                                                         
                        STATION    : Tateno                                                                                                       
                        STATION NO.: 47646                                                                                                        
                        LOCATION   : 140ﾟ08' E                                                                                                    
                                      36ﾟ03' N                                                                                                    
                        ALTITUDE   :   25.2  m                                                                                                    
                        YEAR/MONTH : 2002/11                                                                                                      
                                                                                                                                                  
              DATE   -01  -02  -03  -04  -05  -06  -07  -08  -09  -10  -11  -12  -13  -14  -15  -16  -17  -18  -19  -20  -21  -22  -23  -24  TOTAL
                                                                                                                                                  
              11 1   133  133  131  133  131  130  130  127  127  128  129  130  132  131  131  130  128  126  121  106  104  104  112  105   2992
              11 2   109  102   98   96   94   92   91   92   93   94   97  101  105  101  103  113  102  113  101   98  108  106  102   97   2408
              11 3    93   92   91   90   89   88   88   90   92   94   97   99  100  102  104  105  112  104  105   98   96   96   95   95   2315
              11 4    94   92   92   91   91   91   90   91   93   94   96   97   98   99  104  100   98   96   94   93   92   91   90   89   2256
              11 5    89   88   88   88   87   87   87   88   90   91   93   94   96   98   98  101   97   96   94   92   91   90   89   89   2201
              11 6    88   88   88   87   86   87   87   88   91   92   95   96  102  101  104   99   95   94   93   92   92   91   90   90   2216
              11 7    90   90   90   90   92   96  101  107  114  118  120  121  123  124  123  123  109  110  114  109  126  111  100   98   2599
              11 8    99   95   95   95  100  106  103  103  103  109  119  127  126  122  116  122  113  113  113  106  104  103  108  115   2615
              11 9   102  106  116  117  120  111   97   97  101  116  108  101  104  104   97   90   87   87   86   86   86   86   86   86   2377
              1110    87   87   88   87   88   88   89   90   92   94   96   98   98   99   99  100   99  101  101   96   96   96   96   96   2261
              1111    95   94   94   93   93   93   94   96  100  103  103  103  105  106  106  105  105  108  113  110  110  107  106  105   2447
              1112   109  106  106  107  107  109  108  110  115  117  131  138  132  141  131  127  126  125  121  113  111  105  103  102   2800
              1113   101  100  100  104  101   99   98   98   99  101  102  103  104  105  108  106  105  102   98   95   93   93   92   92   2399
              1114    91   90   90   89   88   88   87   88   91   94   95   96   97   99   99  100  100  101  100   99  101  102  103  102   2290
              1115   103  111  109  109  110  111  112  113  114  113  114  117  117  118  117  107  114  108  113  114  XXX  XXX  XXX  XXX   XXXX
              1116   XXX  XXX  117  120  120  120  121  121  121  121  121  120  121  120  120  120  110  114  120  117  116  118  118  118   XXXX
              1117   118  117  117  115  119  117  117  118  115  114  119  121  119  122  123  124  124  124  124  125  125  125  126  125   2893
              1118   125  122  127  126  123  125  125  117   99  100  102  103  104  105  106  105  105  105  105  104  101   99  105  100   2638
              1119    99   97   92   93   91   93   96   98   95   98  102  106  110  114  119  121  121  121  119  122  121  122  123  124   2597
              1120   123  124  124  124  123  124  124  124  124  125  126  128  128  128  129  129  128  122  127  124  109  121  126  126   2990
              1121   126  125  118  112  107  106  109  102  112  115  117  113  118  113  113  116  116  113  110  110  100   96  104  118   2689
              1122   111  103  107  113  117  117  118  118  118  119  119  119  119  119  119  119  119  114  104  105  114  111  119  120   2761
              1123   120  120  119  114  115  109  117  121  121  120  121  124  124  126  126  125  127  126  127  127  127  127  126  127   2936
              1124   127  127  127  126  123  124  126  126  127  128  123  113  115  129  125  107  110  111  116  121  115  114  115  116   2891
              1125   123  124  122  126  128  128  127  128  129  130  131  132  132  130  129  130  131  XXX  131  131  131  130  130  129   XXXX
              1126   128  128  128  127  125  121  119  121  123  123  121  107  104   99   98  104  110  115  113  111  110   96   93  104   2728
              1127    99   89   87   87   86   86   86   87   89   90   92   95   97   98   98   97   96   94   92   93   93   89   87   87   2194
              1128    86   86   85   85   85   85   86   86   88   90   91   92   93   94   94   93   92   91   90   90   90   89   89   88   2138
              1129    88   87   86   86   85   85   89   88   89   91   93   95   96   97   98   98   97   96   96   96   96   96   97  102   2227
              1130   100   98  102  103  102  104  107  106  105  104   99  103  101  102  103  103  102  104  115  116  115  115  114  113   2536
              ------------------------------------------------------------------------------------------------------------------------------------
              TOTAL 3162 3126 3134 3133 3126 3120 3129 3139 3170 3226 3272 3292 3320 3346 3340 3319 3278 3243 3256 3199 3180 3132 3150 3162  75993
              MEAN   105  104  104  104  104  104  104  105  106  108  109  110  111  112  111  111  109  108  109  107  106  104  105  105   2533
              MAX    133  133  131  133  131  130  130  128  129  130  131  138  132  141  131  130  131  126  131  131  131  130  130  129   2992
                N     29   29   30   30   30   30   30   30   30   30   30   30   30   30   30   30   30   29   30   30   29   29   29   29     27
              NOTE    *)   *)                                                                              *)             *)   *)   *)   *)     *)
                                                                                                                                                  
                   *): WITH MISSING DATA; TOTAL,MEAN,MAXIMUM ESTIMATED                                                                            
                                                                                                                                                  
                                                                                                                                                  
                                                                                                                                                  
