                                                                                                                                                  
                                                                                                                                                  
                                                               *******************************                                                    
                                                                 DOWNWARD LONGWAVE RADIATION                                                      
                                                               *******************************                                                    
                                                                                                                  COUNTRY = JAPAN                 
                                                                                                                                                  
                                                                                                                                                  
                                                                     UNIT  = 0.01 MJ/m**2                                                         
                        STATION    : Tateno                                                                                                       
                        STATION NO.: 47646                                                                                                        
                        LOCATION   : 140ﾟ08' E                                                                                                    
                                      36ﾟ03' N                                                                                                    
                        ALTITUDE   :   25.2  m                                                                                                    
                        YEAR/MONTH : 2002/03                                                                                                      
                                                                                                                                                  
              DATE   -01  -02  -03  -04  -05  -06  -07  -08  -09  -10  -11  -12  -13  -14  -15  -16  -17  -18  -19  -20  -21  -22  -23  -24  TOTAL
                                                                                                                                                  
               3 1   124  124  125  125  124  124  124  123  121  118  105  104  114  110  112  117  105  114  124  123  123  123  123  123   2852
               3 2   123  122  121  121  122  121  119  119  120  121  124  116  113  107  110  113  117  117  119  122  117  115  114  114   2827
               3 3   115  112  115  115  113  111  104  102   97  108  107  101   91   92   91   88   87   86   91  103  108  108  109  109   2463
               3 4   106  112  112  112  113  104   92   86   85   86   87   88   90   90   92   93   93   94   94   93   93   94   93   92   2294
               3 5    93   93   93   94   97  103  108  106  113  116  117  117  118  122  123  123  122  122  122  123  123  123  124  126   2721
               3 6   126  126  126  126  124  124  124  124  124  126  127  128  130  126  125  129  127  127  127  123  114  113  115  117   2978
               3 7   104   91   89   88   88   89   91   91   92   93   95   98  101  110  108  109  114  112  106  104   93   91   90   87   2334
               3 8    86   85   85   83   81   81   81   82   84   85   88   91   92   90   89   89   89   90   89   88   87   87   86   86   2074
               3 9    86   85   84   84   84   84   84   85   87   89   92   94   97   98   99  100   99   98   97   96   96   95   94   93   2200
               310    92   91   90   88   88   87   86   87   91   94   97   97   98  100  100  100  104  104  104  103  102  104  115  120   2342
               311   114  116  113  108  114  109   97   94   94   93   93   92   91   94   97   98   99   99   99  100  101  100   99   98   2412
               312    96   95   94   92   90   90   91   92   93  XXX   99  102  105  107  113  123  123  124  125  123  119  117  113   93   XXXX
               313    88   85   84   86   86   85   86   86   88   90   91   93   93   94   95   95   95   95   94   95   95   95   95   96   2185
               314    96   95   93   91   91   91   90   90   92   94   97  103  106  105  107  115  117  117  117  119  119  119  121  124   2509
               315   126  125  127  129  133  133  134  136  135  136  138  139  134  122  127  139  127  129  124  108  104  104  105  102   3016
               316   101  100  103  106  105   97  103  110  113  116  118  117  109  117  116  114  106  101  100   99   99   99   99  100   2548
               317   102  113  104  105   99   99   99  110  109  109  114  120  117  110  110  110  109  107  108  110  116  116  115  114   2625
               318   111  101   98   96   95   98   94   94   96  100  101  103  105  109  121  120  112  113  123  121  123  120   97   92   2543
               319    91   90   89   89   89   89   88   90   92   94   95   96   98   97   98  102  100  101  101  100   98   98   98   99   2282
               320   100  106   96   91   91   90   90   91   93   95   96   97   97   96   97   97   99   99   99  100   99   99   99   98   2315
               321    98   97   96   96   94   92   92   94   98  101  107  118  123  127  128  129  128  126  121  117  116  115  115  120   2648
               322   122  119  117  114  113  114  116  115  120  126  130  127  129  126  127  128  128  130  128  126  126  126  124  123   2954
               323   123  123  121  121  121  121  121  120  121  122  123  123  122  112  123  118   97   93   91   90   89   88   88   89   2660
               324    89   91   93   96   96   97   89   86   87   89   91   93   94  102  106  103  116  118  104  114   96   91   90   89   2320
               325    89   90   93   89   89   87   91   91   91   92   93   94   99  102  102  102   99   94   92   92   93   95  114  110   2283
               326   103  114  120  121  121  121  121  122  123  124  124  125  129  128  127  128  128  128  129  129  128  128  128  128   2977
               327   128  128  127  126  126  129  129  129  128  130  129  130  130  130  129  127  125  124  121  120  119  121  106   99   2990
               328    88   86   85   84   84   83   83   84   86   87   89   91   91   93   95   97   97   95   95   96   97   98  105  108   2197
               329   123  126  127  127  126  127  126  125  126  127  128  128  129  130  130  132  134  135  133  132  132  135  137  137   3112
               330   137  138  138  137  133  132  129  124  109  110  112  120  123  110  110  109  108  106  122  116  119  130  131  128   2931
               331   132  130  131  131  131  120  111  123  126  132  131  122  123  120  126  113  121  130  131  127  117  110  116  127   2981
              ------------------------------------------------------------------------------------------------------------------------------------
              TOTAL 3312 3309 3289 3271 3261 3232 3193 3211 3234 3311 3338 3367 3391 3376 3433 3460 3425 3428 3430 3412 3361 3357 3358 3341  80160
              MEAN   107  107  106  106  105  104  103  104  104  107  108  109  109  109  111  112  110  111  111  110  108  108  108  108   2586
              MAX    137  138  138  137  133  133  134  136  135  136  138  139  134  130  130  139  134  135  133  132  132  135  137  137   3112
                N     31   31   31   31   31   31   31   31   31   30   31   31   31   31   31   31   31   31   31   31   31   31   31   31     30
              NOTE                                                 *)                                                                           *)
                                                                                                                                                  
                   *): WITH MISSING DATA; TOTAL,MEAN,MAXIMUM ESTIMATED                                                                            
                                                                                                                                                  
                                                                                                                                                  
