                                                                                                                                                  
                                                                                                                                                  
                                                               *******************************                                                    
                                                                 DOWNWARD LONGWAVE RADIATION                                                      
                                                               *******************************                                                    
                                                                                                                  COUNTRY = JAPAN                 
                                                                                                                                                  
                                                                                                                                                  
                                                                     UNIT  = 0.01 MJ/m**2                                                         
                        STATION    : Tateno                                                                                                       
                        STATION NO.: 47646                                                                                                        
                        LOCATION   : 140ﾟ08' E                                                                                                    
                                      36ﾟ03' N                                                                                                    
                        ALTITUDE   :   25.2  m                                                                                                    
                        YEAR/MONTH : 2002/01                                                                                                      
                                                                                                                                                  
              DATE   -01  -02  -03  -04  -05  -06  -07  -08  -09  -10  -11  -12  -13  -14  -15  -16  -17  -18  -19  -20  -21  -22  -23  -24  TOTAL
                                                                                                                                                  
               1 1    87   86   87   90   87   90   90   85   85   89   91   91   91   92   93   92   92   95   92   90   90   89   89   88   2151
               1 2    88   86   85   85   84   84   85  104  105  100  110   95  111  104  107  115  109   90   82   82   89   81   80   80   2241
               1 3    81   75   75   75   75   75   76   77   78   79   80   81   82   83   82   81   81   80   80   79   79   79   79   79   1891
               1 4    80   80   80   80   79   79   80   81   83   85   86   88   89   90   91   92   92   92   91   91   90   89   89   88   2065
               1 5    87   86   86   87   87   87   87   86   89   93  115  113  109  102   97   89   87   86   85   92  102   86   82   79   2199
               1 6    80   80   80   80   80   79   79   79   81   83   85   86   94   93   90   89   91   89   85   84   84   83   82   82   2018
               1 7    81   81   81   80   80   80   80   85   86   99   99  106  112  114  116  117  109  101   98  101   96   98  106  120   2326
               1 8   119  119  118  118  118  118  110   91   91   90   91   93   95   95   97  103  109  108  104   86   79   79   79   79   2389
               1 9    79   79   79   79   80   81   82   82   82   84   86   88   89   89   89   88   87   86   86   86   86   85   85   85   2022
               110    85   85   85   85   85   86   86   86   87   89   92   93   94   95   96   96   94   94   94   94   93   98   94   92   2178
               111    94   91   90   91   91   90   89   89   91   93   95   98   99  102  100   98   96   94   93   92   92   91   90   88   2237
               112    88   89   88   87   87   86   86   87   88   91   93   95   97   99  100  100  100   99   98   96   96   95   95   94   2234
               113    93   93   92  101   91   91   91   93   96   95   98  102   99  108   99  100  106   99   94   92   90   88   88   87   2286
               114    87   86   85   84   84   83   84   84   85   87   90   92   93   95   96   97  109  120  120  121  121  122  122  123   2370
               115   120  114  111   99   95   94   94   95   96   96   99  100  103  105  107  109  109  108  107  107  108  108  108  107   2499
               116   108  111  111  106  109  110  117  122  124  132  133  132  132  131  131  130  129  127  126  125  124  122  120  121   2933
               117   120  120  120  119  118  118  117  115  117  117  118  118  117  113  115  114  108   90  102  101  100  105  102  101   2685
               118   100  106  107  109  102   91   83   83   83   84   85   86   86   87   88   89   88   87   86   86   84   84   84   83   2151
               119    83   82   82   81   81   80   79   79   80   82   85   88   91   90   93   90   90   88   87   88   87   87   93   96   2062
               120    92   97   91   89  106  110  110  109   92   89   91   91   96  114  117  105   98   95   99  109  108  112  119  121   2460
               121   121  121  121  122  119  118  118  121  121  126  129  132  131  133  134  135  133  132  129  131  126  131  131  128   3043
               122   126  124  124  119  101   97   96   96   95   97  101  103  100  102  111  122  120  114  106  104   87   85   84   84   2498
               123    83   83   83   83   83   82   81   81   82   83   84   85   86   87   88   87   88   86   84   83   83   83   83   83   2014
               124    83   82   81   80   80   80   80   80   81   83   85   86   87   87   88   88   88   88   89   97   89   86   85   84   2037
               125    83   82   82   81   81   81   81   80   81   83   85   85   85   85   85   85   85   85   85   85   84   83   82   82   1996
               126    82   81   81   81   80   80   80   81   84   96  102  101  115  117  117  118  117  118  119  119  118  119  119  121   2446
               127   122  124  124  124  123  124  125  129  130  131  130  123  121  121  120  105  102   93   91   90   89   93   94   98   2726
               128    88   87   87   87   86   86   85   85   86   85   86   88   88   89   90   90   90   89   96  106   98   88   86   85   2131
               129    84   84   87   85   84   82   80   81   83   83   84   86   87   86   85   86   85   85   83   83   84   81   80   80   2008
               130    80   80   80   80   79   79   78   78   80   81   83   85   86   87   91   90   88   88   87   87   87   86   84   84   2008
               131    83   82   82   81   81   80   80   80   81   82   83   83   83   83   83   83   85   89   91   86   86   83   94   97   2021
              ------------------------------------------------------------------------------------------------------------------------------------
              TOTAL 2887 2876 2865 2848 2816 2801 2789 2804 2823 2887 2974 2993 3048 3078 3096 3083 3065 2995 2969 2973 2929 2899 2908 2919  70325
              MEAN    93   93   92   92   91   90   90   90   91   93   96   97   98   99  100   99   99   97   96   96   94   94   94   94   2269
              MAX    126  124  124  124  123  124  125  129  130  132  133  132  132  133  134  135  133  132  129  131  126  131  131  128   3043
                N     31   31   31   31   31   31   31   31   31   31   31   31   31   31   31   31   31   31   31   31   31   31   31   31     31
              NOTE                                                                                                                                
                                                                                                                                                  
                   *): WITH MISSING DATA; TOTAL,MEAN,MAXIMUM ESTIMATED                                                                            
                                                                                                                                                  
                                                                                                                                                  
