                                                                                                                                                  
                                                                                                                                                  
                                                               *******************************                                                    
                                                                 DOWNWARD LONGWAVE RADIATION                                                      
                                                               *******************************                                                    
                                                                                                                  COUNTRY = JAPAN                 
                                                                                                                                                  
                                                                                                                                                  
                                                                     UNIT  = 0.01 MJ/m**2                                                         
                        STATION    : Tateno                                                                                                       
                        STATION NO.: 47646                                                                                                        
                        LOCATION   : 140ﾟ08' E                                                                                                    
                                      36ﾟ03' N                                                                                                    
                        ALTITUDE   :   25.2  m                                                                                                    
                        YEAR/MONTH : 2002/08                                                                                                      
                                                                                                                                                  
              DATE   -01  -02  -03  -04  -05  -06  -07  -08  -09  -10  -11  -12  -13  -14  -15  -16  -17  -18  -19  -20  -21  -22  -23  -24  TOTAL
                                                                                                                                                  
               8 1   151  150  152  157  156  151  150  152  153  155  158  160  158  159  160  162  163  163  162  162  162  162  154  153   3765
               8 2   150  145  142  139  139  139  141  144  146  149  152  155  152  153  152  156  152  152  148  145  144  144  148  148   3535
               8 3   142  141  142  141  141  145  149  147  145  145  149  149  147  146  146  145  144  145  144  142  149  154  153  154   3505
               8 4   152  152  153  153  154  154  155  156  156  151  152  150  156  158  160  161  156  154  155  159  159  157  158  155   3726
               8 5   153  156  156  150  151  158  154  151  153  149  153  156  158  154  158  158  156  155  156  153  150  149  148  148   3683
               8 6   147  147  147  146  146  145  145  148  151  153  154  158  160  163  159  157  158  158  156  152  150  149  149  148   3646
               8 7   147  146  145  144  144  144  144  146  148  150  152  154  155  156  161  153  150  148  147  148  147  146  146  147   3568
               8 8   147  146  146  146  143  143  143  145  146  147  148  148  147  146  145  146  146  145  143  142  142  143  144  143   3480
               8 9   143  144  144  143  143  142  143  146  149  151  153  154  154  154  154  154  153  152  151  150  150  150  150  150   3577
               810   148  147  147  147  148  147  148  149  151  154  154  152  153  152  151  151  150  149  148  147  146  146  146  145   3576
               811   144  144  143  143  143  143  144  146  147  149  151  152  153  153  152  152  151  151  150  147  142  148  149  149   3546
               812   150  152  153  154  153  153  153  153  154  154  155  155  154  150  148  149  153  153  151  153  155  154  155  154   3668
               813   154  154  154  154  155  149  153  151  150  155  152  154  159  156  155  153  151  149  147  146  146  146  147  147   3637
               814   146  145  145  144  148  148  146  150  150  153  154  157  160  155  153  152  150  149  149  149  149  148  150  152   3602
               815   147  151  147  144  144  145  147  148  152  150  151  152  152  152  153  153  152  151  151  158  157  161  157  152   3627
               816   154  156  158  155  154  157  153  158  158  156  155  154  151  152  157  156  155  154  154  150  153  153  153  153   3709
               817   152  152  152  152  152  152  153  154  155  156  156  155  156  149  147  144  143  145  142  143  141  144  147  151   3593
               818   152  153  153  153  152  151  152  152  153  154  155  155  156  155  156  156  156  156  155  154  155  155  155  155   3699
               819   155  155  156  156  157  157  158  158  159  157  159  160  159  157  158  156  157  159  158  158  156  156  149  148   3758
               820   150  153  145  149  149  149  144  148  150  147  140  138  138  139  143  136  132  129  126  123  123  122  121  120   3314
               821   119  117  117  116  116  118  118  120  122  124  125  127  127  130  131  132  133  133  130  127  128  126  125  124   2985
               822   123  128  135  137  129  130  138  138  130  131  131  136  136  137  143  140  134  129  131  142  130  137  137  143   3225
               823   142  142  139  140  139  139  143  145  146  147  149  150  151  151  150  150  149  149  149  149  149  149  149  150   3516
               824   148  149  150  150  150  146  147  148  153  154  153  150  148  149  150  154  150  147  146  144  148  143  144  146   3567
               825   148  146  146  144  140  138  146  144  143  147  151  151  152  149  148  150  153  145  146  143  139  140  143  139   3491
               826   143  142  140  135  136  136  138  136  138  142  147  153  156  153  146  146  142  143  151  155  155  153  155  155   3496
               827   155  155  155  155  155  155  155  155  155  153  XXX  158  156  155  152  153  153  153  149  146  146  148  148  151   XXXX
               828   155  156  151  158  156  157  155  159  152  155  153  158  159  159  157  154  151  148  145  142  140  140  140  140   3640
               829   140  139  140  141  140  140  142  144  146  150  150  153  154  151  151  155  152  161  158  146  144  142  141  140   3520
               830   147  147  142  147  146  144  140  145  149  151  152  153  151  150  151  151  149  148  147  148  143  141  141  140   3523
               831   139  139  139  139  138  138  139  141  144  145  146  147  147  149  148  147  145  145  151  140  139  139  138  138   3420
              ------------------------------------------------------------------------------------------------------------------------------------
              TOTAL 4543 4549 4534 4532 4517 4513 4536 4577 4604 4634 4659 4704 4715 4692 4695 4682 4639 4618 4596 4563 4537 4545 4540 4538 110149
              MEAN   147  147  146  146  146  146  146  148  149  149  150  152  152  151  151  151  150  149  148  147  146  147  146  146   3553
              MAX    155  156  158  158  157  158  158  159  159  157  159  160  160  163  161  162  163  163  162  162  162  162  158  155   3765
                N     31   31   31   31   31   31   31   31   31   31   30   31   31   31   31   31   31   31   31   31   31   31   31   31     30
              NOTE                                                      *)                                                                      *)
                                                                                                                                                  
                   *): WITH MISSING DATA; TOTAL,MEAN,MAXIMUM ESTIMATED                                                                            
                                                                                                                                                  
                                                                                                                                                  
