                                                                                                                                                  
                                                                                                                                                  
                                                               *******************************                                                    
                                                                 DOWNWARD LONGWAVE RADIATION                                                      
                                                               *******************************                                                    
                                                                                                                  COUNTRY = JAPAN                 
                                                                                                                                                  
                                                                                                                                                  
                                                                     UNIT  = 0.01 MJ/m**2                                                         
                        STATION    : Tateno                                                                                                       
                        STATION NO.: 47646                                                                                                        
                        LOCATION   : 140ﾟ08' E                                                                                                    
                                      36ﾟ03' N                                                                                                    
                        ALTITUDE   :   25.2  m                                                                                                    
                        YEAR/MONTH : 2002/04                                                                                                      
                                                                                                                                                  
              DATE   -01  -02  -03  -04  -05  -06  -07  -08  -09  -10  -11  -12  -13  -14  -15  -16  -17  -18  -19  -20  -21  -22  -23  -24  TOTAL
                                                                                                                                                  
               4 1   107  100  100   99   98   98   99   99  101  103  104  106  107  109  111  111  110  110  108  109  112  110  109  109   2529
               4 2   107  107  107  106  104  104  105  107  110  111  113  116  117  117  119  118  117  117  114  112  111  112  113  110   2674
               4 3   109  109  108  113  117  127  129  119  113  114  117  119  120  120  118  118  118  118  119  120  125  129  126  136   2861
               4 4   133  131  129  125  123  121  110  108  106  101  100   99  100  101  102  100  100   99   97   96   96   91   90   91   2549
               4 5    92   92   91   91   91   92   93   94   95   97   99  101  101  102  103  103  101  100   96   94   93   92   92   91   2296
               4 6    90   90   90   89   88   94   95   92   93   96  100  112  109  104  115  114  114  XXX  XXX  XXX  XXX  XXX  XXX  XXX   XXXX
               4 7   XXX  XXX  XXX  XXX  XXX  XXX  126  127  127  127  128  129  126  129  124  120  118  117  116  117  117  132  141  142   XXXX
               4 8   141  139  138  138  135  137  137  138  139  139  141  135  126  132  136  131  129  126  130  131  125  126  124  139   3212
               4 9   127  126  124  126  136  139  140  141  142  141  138  137  134  130  130  132  132  131  129  129  129  128  127  127   3175
               410   127  127  127  126  125  125  125  125  125  123  126  128  125  121  120  121  122  124  124  126  126  123  115  113   2969
               411   119  120  120  120  120  120  122  123  125  126  121  124  116  119  118  116  120  125  129  129  130  129  125  129   2945
               412   128  129  129  129  130  130  130  131  130  130  130  131  131  132  130  130  130  129  125  111  101   99   99   99   2973
               413   107  101   96   95   94   94   96  104  119  105  110  115  121  121  120  119  118  108  107  107  117  102  101  100   2577
               414    98   97  102  102  105  112  114  113  105  110  114  114  117  120  119  117  117  116  115  114  112  111  111  111   2666
               415   110  111  109  110  114  110  110  112  116  118  120  121  123  123  126  124  123  123  124  121  121  124  124  122   2839
               416   122  125  128  130  129  135  131  127  126  127  129  134  134  137  140  138  135  137  135  128  126  128  131  137   3149
               417   139  137  134  131  129  129  132  133  138  138  141  140  139  144  139  136  135  139  139  146  144  139  136  134   3291
               418   130  127  119  127  128  129  123  129  129  123  119  114  112  121  126  129  130  127  125  125  127  126  127  127   2999
               419   127  127  125  117  106  104  107  105  106  107  112  108  108  109  108  107  108  107  106  109  110  112  112  116   2663
               420   116  114  117  118  120  117  120  115  122  120  123  131  130  133  119  116  116  116  116  116  117  119  119  119   2869
               421   119  119  120  120  120  121  124  131  133  132  136  136  136  136  136  136  135  134  134  134  136  136  136  135   3135
               422   133  135  133  132  132  132  132  132  133  136  137  137  137  133  134  133  136  128  114  112  111  111  116  111   3080
               423   109  116  110  110  108  113  114  109  111  127  125  121  114  111  110  111  112  113  112  113  117  116  121  109   2732
               424   107  105  104  105  109  131  131  126  122  118  119  120  122  124  126  127  125  122  121  119  119  118  119  119   2858
               425   120  120  122  119  122  135  128  124  135  139  139  137  137  135  134  134  133  132  131  130  129  128  127  127   3117
               426   126  126  126  125  125  125  125  124  125  126  126  126  127  127  126  126  125  122  121  121  119  119  119  120   2977
               427   122  115  106  103   97   97   96   98   99  100  103  106  106  105  106  107  105  105  100   99  101  105  100   99   2480
               428    99   97   96   95   94   95   97   98  106  101  103  105  104  103  103  102  102  101  101  101  100  100   99   98   2400
               429    97   97   97   97   95   95   97   98  101  103  104  106  108  109  109  109  108  109  110  115  121  126  126  126   2563
               430   130  132  131  127  128  127  131  131  137  139  141  141  141  142  141  139  139  138  138  138  137  136  137  137   3258
              ------------------------------------------------------------------------------------------------------------------------------------
              TOTAL 3507 3486 3453 3441 3438 3504 3519 3513 3569 3577 3618 3649 3628 3649 3648 3624 3613 3594 3555 3540 3546 3546 3540 3552  85539
              MEAN   117  116  115  115  115  117  117  117  119  119  121  122  121  122  122  121  120  120  118  118  118  118  118  118   2851
              MAX    141  139  138  138  136  139  140  141  142  141  141  141  141  144  141  139  139  139  139  146  144  139  141  142   3291
                N     29   29   29   29   29   29   30   30   30   30   30   30   30   30   30   30   30   29   29   29   29   29   29   29     28
              NOTE    *)   *)   *)   *)   *)   *)                                                          *)   *)   *)   *)   *)   *)   *)     *)
                                                                                                                                                  
                   *): WITH MISSING DATA; TOTAL,MEAN,MAXIMUM ESTIMATED                                                                            
                                                                                                                                                  
                                                                                                                                                  
                                                                                                                                                  
