                                                                                                                                                  
                                                                                                                                                  
                                                               *******************************                                                    
                                                                 DOWNWARD LONGWAVE RADIATION                                                      
                                                               *******************************                                                    
                                                                                                                  COUNTRY = JAPAN                 
                                                                                                                                                  
                                                                                                                                                  
                                                                     UNIT  = 0.01 MJ/m**2                                                         
                        STATION    : Tateno                                                                                                       
                        STATION NO.: 47646                                                                                                        
                        LOCATION   : 140ﾟ08' E                                                                                                    
                                      36ﾟ03' N                                                                                                    
                        ALTITUDE   :   25.2  m                                                                                                    
                        YEAR/MONTH : 2002/07                                                                                                      
                                                                                                                                                  
              DATE   -01  -02  -03  -04  -05  -06  -07  -08  -09  -10  -11  -12  -13  -14  -15  -16  -17  -18  -19  -20  -21  -22  -23  -24  TOTAL
                                                                                                                                                  
               7 1   146  147  147  147  147  147  146  148  151  152  152  152  152  152  152  152  152  152  153  152  152  151  152  151   3605
               7 2   151  152  151  150  149  149  148  148  148  149  148  148  150  152  153  152  152  152  151  150  146  141  139  143   3572
               7 3   145  143  142  143  142  147  148  146  149  149  151  153  154  152  149  152  152  153  149  143  143  146  144  145   3540
               7 4   143  145  149  148  145  138  149  153  145  146  151  146  150  148  145  144  143  140  141  151  151  152  152  152   3527
               7 5   152  152  153  152  151  150  148  152  152  153  154  154  153  154  153  158  156  158  157  155  151  150  149  147   3664
               7 6   148  152  155  156  150  146  147  147  147  147  147  149  148  144  145  147  145  144  143  142  140  140  141  142   3512
               7 7   143  145  144  150  148  148  146  144  143  148  153  152  151  151  153  150  149  148  147  146  145  147  146  144   3541
               7 8   144  144  143  142  141  142  143  145  148  152  158  155  156  156  154  159  157  152  149  148  148  148  148  148   3580
               7 9   151  154  157  151  148  147  149  149  149  152  155  158  159  158  158  156  154  153  153  152  151  154  154  154   3676
               710   154  154  154  153  154  154  156  157  158  160  161  160  161  160  159  160  159  160  161  160  160  160  159  159   3793
               711   158  158  157  154  155  150  144  146  145  146  147  149  150  151  153  152  152  157  156  152  151  146  143  147   3619
               712   143  143  141  143  138  134  135  136  137  138  139  141  142  143  141  141  141  141  141  140  140  140  141  140   3359
               713   139  139  139  139  140  140  143  143  147  147  148  149  148  151  158  158  158  157  159  156  158  158  155  152   3581
               714   150  148  148  147  147  143  142  144  145  150  154  156  155  155  153  152  151  150  149  149  152  151  148  147   3586
               715   149  149  148  148  148  148  149  152  155  157  160  164  164  162  159  157  155  150  149  150  156  155  154  155   3693
               716   155  156  156  152  160  160  157  153  158  159  160  159  157  151  152  147  147  145  144  145  145  144  143  143   3648
               717   142  139  138  141  140  140  141  146  152  146  151  157  157  158  156  148  150  150  152  151  150  148  152  150   3555
               718   150  149  XXX  XXX  XXX  XXX  XXX  148  151  154  155  151  149  149  150  149  150  150  152  152  151  151  156  156   XXXX
               719   155  159  157  159  160  159  159  160  159  156  157  156  156  154  153  153  152  151  149  147  145  144  143  143   3686
               720   142  141  142  142  142  142  142  144  145  147  150  151  151  150  149  149  148  147  146  145  145  144  144  144   3492
               721   144  144  143  143  143  144  145  147  154  155  154  154  155  154  154  153  151  150  149  148  148  149  156  153   3590
               722   160  160  160  159  161  161  153  152  160  161  162  160  159  157  155  152  152  148  146  146  149  153  150  149   3725
               723   146  145  144  148  150  149  148  157  162  162  160  163  156  158  158  158  156  151  149  146  155  158  157  156   3692
               724   156  156  156  155  153  153  153  153  149  150  147  149  147  140  140  145  152  153  148  148  151  152  155  156   3617
               725   156  156  156  156  156  156  155  155  157  158  160  161  160  159  159  160  155  151  153  152  150  154  154  154   3743
               726   158  150  156  154  155  156  154  153  151  150  156  155  156  159  163  160  159  155  156  156  155  148  147  145   3707
               727   144  144  154  150  143  142  145  156  151  149  152  156  158  164  162  162  160  155  152  148  153  149  154  155   3658
               728   154  150  152  151  147  149  153  154  155  152  154  155  152  151  149  147  148  153  154  153  153  152  152  153   3643
               729   150  148  153  154  154  154  154  154  155  154  155  157  154  155  152  155  152  152  158  160  155  146  145  145   3671
               730   146  145  146  145  144  145  144  145  147  150  153  152  154  157  158  158  157  156  153  150  149  148  147  147   3596
               731   146  146  145  145  145  146  147  148  150  153  155  157  157  157  158  158  161  158  154  153  152  151  152  152   3646
              ------------------------------------------------------------------------------------------------------------------------------------
              TOTAL 4620 4613 4635 4625 4604 4588 4591 4635 4675 4702 4759 4779 4771 4762 4753 4744 4726 4692 4673 4646 4650 4630 4632 4627 112133
              MEAN   149  149  150  149  149  148  148  150  151  152  154  154  154  154  153  153  152  151  151  150  150  149  149  149   3617
              MAX    160  160  160  159  161  161  159  160  162  162  162  164  164  164  163  162  161  160  161  160  160  160  159  159   3793
                N     31   31   30   30   30   30   30   31   31   31   31   31   31   31   31   31   31   31   31   31   31   31   31   31     30
              NOTE              *)   *)   *)   *)   *)                                                                                          *)
                                                                                                                                                  
                   *): WITH MISSING DATA; TOTAL,MEAN,MAXIMUM ESTIMATED                                                                            
                                                                                                                                                  
                                                                                                                                                  
