                                                                                                                                                  
                                                                                                                                                  
                                                               *******************************                                                    
                                                                 DOWNWARD LONGWAVE RADIATION                                                      
                                                               *******************************                                                    
                                                                                                                  COUNTRY = JAPAN                 
                                                                                                                                                  
                                                                                                                                                  
                                                                     UNIT  = 0.01 MJ/m**2                                                         
                        STATION    : Tateno                                                                                                       
                        STATION NO.: 47646                                                                                                        
                        LOCATION   : 140ﾟ08' E                                                                                                    
                                      36ﾟ03' N                                                                                                    
                        ALTITUDE   :   25.2  m                                                                                                    
                        YEAR/MONTH : 2002/09                                                                                                      
                                                                                                                                                  
              DATE   -01  -02  -03  -04  -05  -06  -07  -08  -09  -10  -11  -12  -13  -14  -15  -16  -17  -18  -19  -20  -21  -22  -23  -24  TOTAL
                                                                                                                                                  
               9 1   138  137  137  138  138  137  138  140  143  144  148  147  152  148  146  146  146  145  145  141  139  139  140  142   3414
               9 2   144  140  139  139  139  139  141  142  146  150  148  151  152  155  159  155  152  149  146  145  145  144  143  142   3505
               9 3   141  141  140  140  140  140  140  146  148  153  155  158  155  153  152  150  151  149  148  147  146  145  144  144   3526
               9 4   143  143  143  142  142  144  153  145  152  154  155  158  160  160  159  154  151  154  156  145  147  150  150  147   3607
               9 5   148  151  148  155  155  149  149  141  142  152  153  147  146  147  150  151  145  139  137  134  134  133  132  133   3471
               9 6   139  149  150  151  150  151  152  152  151  153  154  154  155  155  154  154  154  152  152  152  152  151  151  152   3640
               9 7   153  152  152  152  152  151  152  152  153  153  154  154  154  155  155  155  149  153  149  150  150  150  150  151   3651
               9 8   152  152  152  153  153  153  153  152  153  153  153  154  153  152  155  148  147  146  151  149  143  151  152  152   3632
               9 9   152  152  151  148  147  147  150  150  151  153  154  154  154  154  153  151  151  150  149  149  148  147  147  147   3609
               910   147  146  146  144  145  145  142  139  148  150  149  150  150  150  149  143  144  143  146  148  147  148  145  149   3513
               911   148  150  146  133  132  132  132  134  136  139  143  145  146  147  147  146  146  146  146  143  142  142  141  140   3402
               912   139  138  138  138  139  143  145  142  143  144  148  155  156  149  148  148  147  150  158  154  155  153  153  152   3535
               913   148  149  144  138  144  149  148  147  149  150  150  151  150  147  145  149  147  148  149  148  147  145  145  144   3531
               914   141  140  140  140  141  140  139  140  139  140  140  140  141  141  140  141  141  141  141  141  141  141  141  141   3371
               915   142  142  142  142  141  141  140  141  142  142  143  144  144  145  144  144  143  143  143  143  143  143  143  142   3422
               916   142  142  142  142  142  142  142  143  144  144  145  145  146  145  145  146  146  146  146  145  145  145  145  144   3459
               917   144  144  144  144  144  144  144  145  145  146  146  147  148  150  149  145  142  144  143  145  144  144  145  144   3480
               918   134  130  131  132  133  137  140  143  135  132  132  137  XXX  XXX  136  134  137  134  131  127  125  123  122  121   XXXX
               919   124  128  127  130  130  128  125  125  126  126  125  121  123  123  122  119  115  115  115  115  115  114  114  114   2919
               920   114  113  112  112  110  110  111  113  114  117  119  120  122  123  123  123  122  120  119  118  117  117  116  117   2802
               921   116  117  116  116  115  114  115  117  121  124  128  133  135  134  133  136  135  139  139  134  133  134  137  140   3061
               922   138  135  139  140  139  137  136  141  142  144  144  143  143  144  144  143  143  142  143  143  140  138  138  139   3378
               923   139  139  140  139  139  137  136  138  140  140  139  141  142  140  132  141  142  143  139  134  131  133  125  136   3305
               924   130  127  132  127  116  118  117  125  129  119  118  119  119  118  120  121  120  119  117  118  116  115  117  117   2894
               925   116  115  113  112  110  109  109  111  113  115  118  135  131  124  128  123  122  121  121  121  126  124  123  122   2862
               926   117  117  121  116  114  114  114  118  120  123  127  131  133  131  127  122  124  123  122  124  128  129  129  128   2952
               927   130  129  129  XXX  XXX  XXX  XXX  130  128  131  134  134  136  135  136  136  131  137  140  141  142  141  141  139   XXXX
               928   140  141  141  141  141  142  142  141  143  144  144  145  146  146  146  146  146  146  146  146  146  146  147  147   3459
               929   141  146  147  148  145  138  138  137  138  140  140  138  149  149  142  139  143  146  143  141  142  142  144  145   3421
               930   146  144  147  144  143  146  144  147  146  145  147  147  148  147  146  145  145  145  145  145  145  145  145  145   3492
              ------------------------------------------------------------------------------------------------------------------------------------
              TOTAL 4146 4149 4149 4134 4116 4113 4125 4137 4180 4220 4253 4298 4332 4311 4285 4254 4227 4228 4225 4186 4174 4172 4165 4176 101049
              MEAN   138  138  138  138  137  137  137  138  139  141  142  143  144  144  143  142  141  141  141  140  139  139  139  139   3368
              MAX    153  152  152  155  155  153  153  152  153  154  155  158  160  160  159  155  154  154  158  154  155  153  153  152   3651
                N     30   30   30   29   29   29   29   30   30   30   30   30   29   29   30   30   30   30   30   30   30   30   30   30     28
              NOTE                   *)   *)   *)   *)                            *)   *)                                                       *)
                                                                                                                                                  
                   *): WITH MISSING DATA; TOTAL,MEAN,MAXIMUM ESTIMATED                                                                            
                                                                                                                                                  
                                                                                                                                                  
                                                                                                                                                  
