                                                                                                                                                  
                                                                                                                                                  
                                                               *******************************                                                    
                                                                 DOWNWARD LONGWAVE RADIATION                                                      
                                                               *******************************                                                    
                                                                                                                  COUNTRY = JAPAN                 
                                                                                                                                                  
                                                                                                                                                  
                                                                     UNIT  = 0.01 MJ/m**2                                                         
                        STATION    : Tateno                                                                                                       
                        STATION NO.: 47646                                                                                                        
                        LOCATION   : 140ﾟ08' E                                                                                                    
                                      36ﾟ03' N                                                                                                    
                        ALTITUDE   :   25.2  m                                                                                                    
                        YEAR/MONTH : 2002/05                                                                                                      
                                                                                                                                                  
              DATE   -01  -02  -03  -04  -05  -06  -07  -08  -09  -10  -11  -12  -13  -14  -15  -16  -17  -18  -19  -20  -21  -22  -23  -24  TOTAL
                                                                                                                                                  
               5 1   134  136  136  136  137  137  134  133  133  136  139  140  139  132  128  125  121  121  120  118  118  118  120  113   3104
               5 2   109  112  110  108  105  104  102  100  101  102  102  103  103  104  104  106  107  107  108  106  104  103  104  104   2518
               5 3   104  104  103  104  104  103  105  109  112  114  117  121  120  119  120  122  119  115  113  112  111  112  115  115   2693
               5 4   116  114  119  126  129  128  129  133  130  136  143  140  137  139  134  130  140  140  136  140  141  141  140  139   3200
               5 5   134  126  124  124  124  124  125  126  128  130  132  138  133  132  133  135  135  138  139  149  147  137  142  141   3196
               5 6   141  139  136  132  123  121  118  111  127  124  122  116  114  108  107  107  107  108  111  112  117  117  121  124   2863
               5 7   131  131  131  132  133  133  134  134  134  135  136  135  136  137  138  138  138  138  139  138  138  138  137  137   3251
               5 8   137  137  137  137  137  137  137  138  139  140  142  143  144  138  137  135  136  131  137  139  139  138  137  135   3307
               5 9   134  133  128  132  134  134  134  134  134  134  134  134  134  134  134  133  132  132  132  131  131  130  131  127   3180
               510   125  130  130  130  131  128  126  126  128  131  132  133  134  134  134  134  134  134  134  134  134  134  134  133   3157
               511   134  134  135  135  134  134  134  134  134  134  135  136  138  138  136  136  140  139  139  136  135  135  135  135   3255
               512   135  134  134  134  134  134  129  128  131  133  131  131  123  116  117  115  122  130  133  133  133  132  132  131   3105
               513   131  131  131  130  130  130  130  131  131  132  132  133  134  134  134  135  135  135  135  135  135  135  135  136   3190
               514   136  136  136  136  136  123  116  116  117  116  119  122  124  124  124  125  126  125  123  127  140  134  136  124   3041
               515   129  130  124  114  134  126  117  116  119  118  120  122  122  123  127  124  122  121  130  132  131  131  127  129   2988
               516   130  130  129  129  128  129  129  130  131  131  132  132  132  128  121  126  123  127  130  129  129  129  129  129   3092
               517   129  129  126  128  129  130  130  130  131  131  133  134  134  135  134  133  132  131  131  131  132  133  133  133   3152
               518   134  134  134  135  135  135  136  136  137  137  138  138  139  138  140  139  137  137  137  136  130  125  128  122   3237
               519   123  120  127  136  133  132  122  116  120  129  129  135  134  130  132  139  141  143  141  139  139  140  136  134   3170
               520   138  137  136  137  136  135  134  133  132  132  132  132  134  121  114  117  118  123  121  128  131  126  123  127   3097
               521   132  132  129  119  130  128  120  117  124  128  119  120  120  120  133  128  137  131  122  118  117  117  117  114   2972
               522   113  111  111  111  112  111  113  114  114  120  128  131  129  127  124  124  123  122  121  120  120  122  121  123   2865
               523   127  129  132  131  131  130  134  134  136  139  138  137  138  137  131  127  124  123  122  122  122  121  124  125   3114
               524   133  134  137  137  130  134  125  135  133  136  137  135  127  118  122  130  134  119  119  114  116  114  111  110   3040
               525   109  108  107  107  105  104  105  107  109  111  112  115  116  118  121  129  122  127  138  131  136  120  115  111   2783
               526   109  109  106  106  106  106  107  109  112  113  115  119  119  124  126  121  122  120  123  121  122  116  115  116   2762
               527   119  129  133  129  127  120  116  122  134  135  123  120  131  127  142  141  137  132  135  135  131  126  125  129   3098
               528   115  112  111  111  111  111  111  111  112  113  116  118  119  118  118  118  118  117  116  115  115  114  115  117   2752
               529   115  117  114  115  123  125  123  122  126  XXX  XXX  XXX  XXX  125  123  125  126  135  138  139  131  125  122  121   XXXX
               530   121  120  119  119  118  117  119  122  128  128  132  134  134  134  131  137  137  138  137  137  138  141  135  134   3110
               531   139  139  137  133  135  137  136  136  135  134  135  134  129  130  132  131  131  137  126  130  132  131  133  133   3205
              ------------------------------------------------------------------------------------------------------------------------------------
              TOTAL 3916 3917 3902 3893 3914 3880 3830 3843 3912 3959 3984 4011 3999 3942 3951 3965 3976 3976 3986 3987 3995 3935 3928 3901  94547
              MEAN   126  126  126  126  126  125  124  124  126  128  129  129  129  127  127  128  128  128  129  129  129  127  127  126   3050
              MAX    141  139  137  137  137  137  137  138  139  140  143  143  144  139  142  141  141  143  141  149  147  141  142  141   3307
                N     31   31   31   31   31   31   31   31   31   30   30   30   30   31   31   31   31   31   31   31   31   31   31   31     30
              NOTE                                                 *)   *)   *)   *)                                                            *)
                                                                                                                                                  
                   *): WITH MISSING DATA; TOTAL,MEAN,MAXIMUM ESTIMATED                                                                            
                                                                                                                                                  
                                                                                                                                                  
