                                                                                                                                                  
                                                                                                                                                  
                                                               *******************************                                                    
                                                                 DOWNWARD LONGWAVE RADIATION                                                      
                                                               *******************************                                                    
                                                                                                                  COUNTRY = JAPAN                 
                                                                                                                                                  
                                                                                                                                                  
                                                                     UNIT  = 0.01 MJ/m**2                                                         
                        STATION    : Tateno                                                                                                       
                        STATION NO.: 47646                                                                                                        
                        LOCATION   : 140ﾟ08' E                                                                                                    
                                      36ﾟ03' N                                                                                                    
                        ALTITUDE   :   25.2  m                                                                                                    
                        YEAR/MONTH : 2002/02                                                                                                      
                                                                                                                                                  
              DATE   -01  -02  -03  -04  -05  -06  -07  -08  -09  -10  -11  -12  -13  -14  -15  -16  -17  -18  -19  -20  -21  -22  -23  -24  TOTAL
                                                                                                                                                  
               2 1    84   97  100   93   86  101   90   88   81   82   82   84   85   85   85   85   86   86   86   86   86   94  108   99   2139
               2 2    87   87   86   85   85   86   85   86   89  100  100   94   92   93   93   95  106  109  115  116  109  109  102   99   2308
               2 3    99  102  107  112  114  115  116  117  118  119  119  119  118  118  118  118  118  118  118  118  118  118  118  116   2771
               2 4   116  117  117  117  116  113  115  115  115  112  117  109   93   94  112  118  113  103   91   93   97   95  101   92   2581
               2 5    99  110  108   92   89   90   92   96  100  105  108  111  113  118  120  121  121  119  119  120  121  122  121  121   2636
               2 6   121  119  119  120  119  119  118  117  112   98   99   99  101  105   99   98   97   96   96   95   95   95   97   94   2528
               2 7    94   93   93   96   99   95  113  115  117  120  118  112  111  111  105   98   98   97   95   90   89   88   87   86   2420
               2 8    86   85   84   84   83   84   84   90   94   92   87   88   91   94  103  110  108  106  103   99  103  103  104  107   2272
               2 9   104  101   98   90   90   89   89   90   91   92   93   94   95   95  106   90   87   85   83   81   85   83   88   98   2197
               210    93  101  106  105  105  104  104  106  107  107  109  110  110  108  105  105   91   82   81   81   81   81   81   81   2344
               211    86   88   81   82   81   82   79   78   79   80   81   82   84   86   90   96   91   95  104  104  104   83   82   81   2079
               212    81   80   79   79   78   77   77   78   79   81   82   83   85   88   86   85   85   84   84   84   83   82   83   83   1966
               213    82   89   89   86   87   86   92  104  100   99   94   88   86   91   88   90   95   98   97  105  100   87   97  101   2231
               214   102   90   91   84   79   79   78   78   80   81   81   82   83   85   87   87   84   86   96   94   85   84   81   80   2037
               215    80   79   79   78   78   79   79   79   80   82   83   86   89   99   94   89  102   89   85   84   84   85   97   94   2053
               216    83   81   80   79   79   79   79   80   82   84   86   87   88   89   90   91   91   92   92   90   92   99  107  111   2111
               217   112  112  111   96   90   89   90   94  101  103  107  113  117  116  118  118  120  121  121  121  122  122  122  122   2658
               218   122  101   93  105  106  112  110  101   89   91   94   97   99  116  115  113  111   87   93   85   83   80   80   79   2362
               219    79   79   79   79   78   78   78   78   81   82   84   87   89   91   88   88   88   88   88   87   86   86   85   84   2010
               220    84   84   84   84   83   83   84   84   86   87   88   90   91   89   91   92   92   93   93   93   91   89   88   88   2111
               221    88   88   88   89   88   86   86   86   87   89   92   95   97   98   99  100  105  112  115  113  103  105  107  114   2330
               222   115  114  114  112  111  109  100   98   98  101  103  111  111  111  115  106  106  104  102  102  101  101  102  110   2557
               223   116  100   93   91   90   90   88   89   91   92   94   98  105  100  100  105  118  116  118  118  118  118  118  117   2483
               224   116  116  116  115  113  114  110  104  104   97   91   92   92   92   93   92   91   90   89   88   88   87   91  102   2383
               225   107  107   90   86   85   85   86   93   88   87   89   90   96   98  103   95   94   94   92   92   92  102  114  118   2283
               226   111  108  106  106  107  108  110  108  110  111  106  107  107  113  116  117  116  107  105  111  106   99  106  115   2616
               227   116  106   97   94   95  103  115  115  109  115  119  122  117  117  107  111  107  118  122  116  113  116  122  122   2694
               228   122  123  123  123  123  123  123  124  126  127  128  128  128  129  129  129  128  128  128  127  126  126  121  122   3014
              ------------------------------------------------------------------------------------------------------------------------------------
              TOTAL 2785 2757 2711 2662 2637 2658 2670 2691 2694 2716 2734 2758 2773 2829 2855 2842 2849 2803 2811 2793 2761 2739 2810 2836  66174
              MEAN    99   98   97   95   94   95   95   96   96   97   98   99   99  101  102  102  102  100  100  100   99   98  100  101   2363
              MAX    122  123  123  123  123  123  123  124  126  127  128  128  128  129  129  129  128  128  128  127  126  126  122  122   3014
                N     28   28   28   28   28   28   28   28   28   28   28   28   28   28   28   28   28   28   28   28   28   28   28   28     28
              NOTE                                                                                                                                
                                                                                                                                                  
                   *): WITH MISSING DATA; TOTAL,MEAN,MAXIMUM ESTIMATED                                                                            
                                                                                                                                                  
                                                                                                                                                  
                                                                                                                                                  
                                                                                                                                                  
                                                                                                                                                  
