                                                                                                                                                  
                                                                                                                                                  
                                                               *******************************                                                    
                                                                 DOWNWARD LONGWAVE RADIATION                                                      
                                                               *******************************                                                    
                                                                                                                  COUNTRY = JAPAN                 
                                                                                                                                                  
                                                                                                                                                  
                                                                     UNIT  = 0.01 MJ/m**2                                                         
                        STATION    : Tateno                                                                                                       
                        STATION NO.: 47646                                                                                                        
                        LOCATION   : 140ﾟ08' E                                                                                                    
                                      36ﾟ03' N                                                                                                    
                        ALTITUDE   :   25.2  m                                                                                                    
                        YEAR/MONTH : 2002/06                                                                                                      
                                                                                                                                                  
              DATE   -01  -02  -03  -04  -05  -06  -07  -08  -09  -10  -11  -12  -13  -14  -15  -16  -17  -18  -19  -20  -21  -22  -23  -24  TOTAL
                                                                                                                                                  
               6 1   134  126  125  130  134  126  136  144  144  137  131  133  134  135  137  140  137  132  131  129  134  137  128  133   3207
               6 2   137  146  145  135  129  135  135  139  134  133  135  136  145  140  139  135  137  128  127  125  125  126  129  132   3227
               6 3   135  132  127  128  129  120  122  121  133  127  133  126  124  123  124  124  124  125  127  131  127  128  127  125   3042
               6 4   124  125  124  124  123  123  124  125  128  135  137  139  136  138  139  140  141  143  148  143  131  132  130  143   3195
               6 5   131  126  129  122  121  120  121  123  126  129  131  132  131  128  128  127  136  127  137  140  138  139  135  134   3111
               6 6   133  133  130  132  128  118  117  118  120  121  122  123  123  123  124  123  123  122  122  122  120  118  117  117   2949
               6 7   117  116  116  116  116  117  119  122  125  126  129  132  134  138  139  136  133  132  131  130  128  128  127  127   3034
               6 8   127  128  128  127  128  128  126  130  132  134  137  139  142  134  132  130  129  128  127  127  127  127  129  134   3130
               6 9   134  140  135  138  135  135  123  127  131  121  122  122  122  124  124  123  121  120  120  119  117  117  116  115   3001
               610   117  119  121  120  120  121  124  126  123  127  127  131  137  139  140  134  134  130  131  131  133  133  136  141   3095
               611   143  141  130  133  142  144  147  146  147  150  153  152  150  156  155  150  149  151  151  156  157  158  157  156   3574
               612   151  151  148  145  146  146  147  144  143  142  141  141  141  141  141  142  141  141  140  140  140  140  140  140   3432
               613   140  140  140  140  141  141  141  142  142  143  143  144  145  145  145  145  145  145  145  144  144  144  144  143   3431
               614   143  144  144  133  136  144  145  146  147  147  147  147  147  146  146  146  145  145  145  144  145  144  143  140   3459
               615   143  144  143  142  143  142  143  144  144  145  145  146  146  147  148  145  148  149  148  147  147  147  146  146   3488
               616   146  146  146  146  144  146  147  147  147  148  149  149  150  146  142  145  146  146  134  130  132  131  130  130   3423
               617   129  128  129  132  132  135  135  139  137  139  141  XXX  XXX  146  147  146  146  144  143  142  141  141  142  141   XXXX
               618   144  142  141  141  146  147  147  147  144  147  146  144  143  144  145  144  144  144  142  140  138  138  135  132   3425
               619   121  117  116  114  114  113  115  116  118  121  124  127  128  128  130  132  132  131  130  127  126  124  123  123   2950
               620   123  125  127  133  135  136  132  139  137  138  144  145  146  148  147  146  148  146  146  144  145  146  144  144   3364
               621   144  145  144  144  144  137  130  129  132  132  133  135  138  139  142  142  150  145  142  143  143  143  143  139   3358
               622   138  140  140  140  140  139  138  137  138  138  140  139  138  138  139  128  129  139  139  138  137  137  136  136   3301
               623   135  135  135  135  135  135  135  136  137  138  138  139  139  140  140  140  139  139  139  138  137  136  135  134   3289
               624   134  134  132  132  131  123  131  134  124  135  130  128  133  135  131  132  135  141  139  138  139  137  136  139   3203
               625   139  139  138  139  139  139  139  139  139  141  141  139  140  141  141  140  140  140  140  139  139  139  138  138   3346
               626   138  138  138  138  137  137  137  139  139  139  140  139  139  139  139  139  139  139  138  138  138  137  137  138   3319
               627   138  137  138  138  138  138  139  139  140  140  141  141  140  140  139  139  138  139  139  138  138  138  138  139   3332
               628   139  139  139  139  140  139  141  140  142  142  144  135  129  129  128  127  126  127  126  124  122  122  134  138   3211
               629   140  137  138  140  140  141  142  143  144  145  146  147  146  145  146  147  148  147  146  145  144  144  144  143   3448
               630   144  144  145  146  146  146  147  148  149  149  151  151  150  151  147  143  142  143  141  140  143  147  146  147   3506
              ------------------------------------------------------------------------------------------------------------------------------------
              TOTAL 4061 4057 4031 4022 4032 4011 4025 4069 4086 4109 4141 4140 4155 4166 4164 4130 4145 4128 4114 4092 4075 4078 4065 4087  98121
              MEAN   135  135  134  134  134  134  134  136  136  137  138  138  138  139  139  138  138  138  137  136  136  136  136  136   3271
              MAX    151  151  148  146  146  147  147  148  149  150  153  152  150  156  155  150  150  151  151  156  157  158  157  156   3574
                N     30   30   30   30   30   30   30   30   30   30   30   29   29   30   30   30   30   30   30   30   30   30   30   30     29
              NOTE                                                           *)   *)                                                            *)
                                                                                                                                                  
                   *): WITH MISSING DATA; TOTAL,MEAN,MAXIMUM ESTIMATED                                                                            
                                                                                                                                                  
                                                                                                                                                  
                                                                                                                                                  
