                                                                                                                                                  
                                                                                                                                                  
                                                               *******************************                                                    
                                                                 DOWNWARD LONGWAVE RADIATION                                                      
                                                               *******************************                                                    
                                                                                                                  COUNTRY = JAPAN                 
                                                                                                                                                  
                                                                                                                                                  
                                                                     UNIT  = 0.01 MJ/m**2                                                         
                        STATION    : Tateno                                                                                                       
                        STATION NO.: 47646                                                                                                        
                        LOCATION   : 140ﾟ08' E                                                                                                    
                                      36ﾟ03' N                                                                                                    
                        ALTITUDE   :   25.2  m                                                                                                    
                        YEAR/MONTH : 2003/11                                                                                                      
                                                                                                                                                  
              DATE   -01  -02  -03  -04  -05  -06  -07  -08  -09  -10  -11  -12  -13  -14  -15  -16  -17  -18  -19  -20  -21  -22  -23  -24  TOTAL
                                                                                                                                                  
              11 1   126  121  121  117  121  124  128  133  137  137  138  141  141  142  142  142  141  143  143  143  143  143  142  142   3251
              11 2   132  122  126  117  119  117  114  114  115  117  120  122  122  122  122  122  121  120  119  118  118  118  132  130   2899
              11 3   132  132  128  131  130  132  132  127  132  134  137  141  142  144  144  144  144  144  144  143  140  142  143  140   3302
              11 4   139  138  137  135  129  122  122  131  125  125  130  135  121  116  115  114  111  108  107  107  111  123  124  130   2955
              11 5   130  128  128  129  130  116  126  131  129  123  120  117  125  137  138  139  141  141  141  141  140  140  140  139   3169
              11 6   139  138  137  136  137  138  138  139  139  140  140  139  134  129  125  125  123  121  121  121  120  120  119  119   3137
              11 7   119  125  131  120  132  140  140  137  123  128  129  141  133  132  136  129  140  138  137  124  126  131  135  130   3156
              11 8   117  116  115  114  115  133  126  121  117  119  123  122  123  123  119  125  117  116  115  127  134  137  137  138   2949
              11 9   138  138  138  138  137  137  136  136  137  136  136  136  135  135  134  134  133  132  132  132  131  131  131  130   3233
              1110   129  129  129  129  129  128  128  127  127  127  128  128  128  128  127  127  127  127  127  126  127  128  128  128   3066
              1111   128  128  128  128  128  128  128  129  129  129  129  129  130  130  130  130  128  129  127  129  129  129  128  128   3088
              1112   128  128  128  127  128  127  124  104  104  105  108  124  116  121  111  108  107  110  126  124  117  118  116  115   2824
              1113   124  122  122  122  124  123  121  121  124  122  115  114  127  128  118  125  120  106  107  104  113  103   98   98   2801
              1114    97   97   96   95   95   95   95   95   96   97   99   99  100  101  101  101  100   99   98   98   98   99  105  103   2359
              1115   100  101  114  122  124  124  124  126  125  121  119  129  130  127  118  125  127  126  125  122  127  135  138  139   2968
              1116   140  138  139  141  128  125  129  116  116  117  120  125  127  126  126  125  123  122  126  123  124  112  107  105   2980
              1117   103  101   98   97   96   97   96   97   98   99   99   99  100  100   98   96   94   94   92   92   91   91   91   90   2309
              1118    89   89   90   89   88   87   88   95   94   95   97   99  106  106  114  126  126  124  122  108  124  126  115  104   2501
              1119   106  106  115  116  116  117  118  117  113  111  109  110  106  106  109  110  111  111  108  111  116  109  116  130   2697
              1120   125  126  123  128  130  130  129  128  130  129  130  130  130  130  131  131  130  131  131  132  133  133  133  134   3117
              1121   135  134  134  133  134  136  137  134  129  118  120  122  124  130  133  126  129  134  123  130  125  126  123  117   3086
              1122   114  112  109  106  105  108  110  108  103  104  105  104  105  107  110  121  125  121  104  102  103   97  101   97   2581
              1123    98  103  109  113  116  111  106   98   95  100  107  110  116  112  109  116  118  117  116  102  109  100  100  106   2587
              1124   117  117  116  119  120  122  122  123  125  126  126  127  126  127  127  127  127  128  127  128  128  129  128  126   2988
              1125   112  119  125  126  128  129  129  129  129  131  132  132  133  135  136  137  136  134  132  131  130  129  127  112   3093
              1126   104  103  102  100   98   98   96   96   96   98   98   99  100   99   99  100   99  100   96   96   95   95   96   95   2358
              1127    98  103  104  100  111  118  108  101  118  119  112  115  123  122  123  121  122  123  123  123  121  108  112  114   2742
              1128   105  119  118  114  113  123  119  116  113  XXX  XXX  XXX  XXX  XXX  XXX  XXX  XXX  XXX  XXX  XXX  XXX  XXX  XXX  XXX   XXXX
              1129   XXX  XXX  XXX  XXX  XXX  XXX  XXX  XXX  XXX  XXX  XXX  XXX  XXX  XXX  XXX  XXX  XXX  XXX  137  136  137  136  137  137   XXXX
              1130   137  136  136  137  137  136  138  138  139  140  140  142  141  135  133  132  134  135  136  137  137  136  135  136   3283
              ------------------------------------------------------------------------------------------------------------------------------------
              TOTAL 3579 3588 3618 3600 3618 3642 3627 3588 3576 3585 3606 3675 3690 3696 3672 3705 3702 3678 3663 3630 3669 3645 3660 3633  87300
              MEAN   119  120  121  120  121  121  121  120  119  120  120  123  123  123  122  124  123  123  122  121  122  122  122  121   2910
              MAX    140  138  139  141  137  140  140  139  139  140  140  142  142  144  144  144  144  144  144  143  143  143  143  142   3302
                N     29   29   29   29   29   29   29   29   29   28   28   28   28   28   28   28   28   28   29   29   29   29   29   29     28
              NOTE    *)   *)   *)   *)   *)   *)   *)   *)   *)   *)   *)   *)   *)   *)   *)   *)   *)   *)   *)   *)   *)   *)   *)   *)     *)
                                                                                                                                                  
                   *): WITH MISSING DATA; TOTAL,MEAN,MAXIMUM ESTIMATED                                                                            
                                                                                                                                                  
                                                                                                                                                  
                                                                                                                                                  
