                                                                                                                                                  
                                                                                                                                                  
                                                               *******************************                                                    
                                                                 DOWNWARD LONGWAVE RADIATION                                                      
                                                               *******************************                                                    
                                                                                                                  COUNTRY = JAPAN                 
                                                                                                                                                  
                                                                                                                                                  
                                                                     UNIT  = 0.01 MJ/m**2                                                         
                        STATION    : Tateno                                                                                                       
                        STATION NO.: 47646                                                                                                        
                        LOCATION   : 140ﾟ08' E                                                                                                    
                                      36ﾟ03' N                                                                                                    
                        ALTITUDE   :   25.2  m                                                                                                    
                        YEAR/MONTH : 2003/09                                                                                                      
                                                                                                                                                  
              DATE   -01  -02  -03  -04  -05  -06  -07  -08  -09  -10  -11  -12  -13  -14  -15  -16  -17  -18  -19  -20  -21  -22  -23  -24  TOTAL
                                                                                                                                                  
               9 1   146  146  147  147  147  147  148  148  148  149  150  150  151  151  152  152  152  151  150  150  149  149  149  149   3578
               9 2   149  150  150  150  149  149  150  149  145  148  157  158  158  155  153  156  151  150  145  148  156  156  153  153   3638
               9 3   156  154  147  154  145  142  142  144  145  148  152  153  155  158  158  158  157  151  153  149  147  146  146  154   3614
               9 4   157  154  156  154  153  152  150  150  150  150  141  139  136  136  139  137  136  132  130  129  130  138  133  131   3413
               9 5   131  127  127  130  139  143  137  132  128  128  130  131  131  133  135  134  134  134  133  133  132  131  131  131   3175
               9 6   132  135  146  147  145  137  136  137  138  140  143  150  152  152  154  153  155  156  153  149  146  145  152  151   3504
               9 7   149  143  146  147  146  147  147  147  147  148  148  148  149  149  149  148  148  148  148  147  147  147  146  146   3535
               9 8   145  146  145  146  146  147  147  147  150  150  151  148  146  148  146  157  156  153  155  155  155  155  153  152   3599
               9 9   149  153  153  140  136  134  135  136  138  140  144  146  148  151  150  148  145  142  140  141  142  142  142  142   3437
               910   142  142  142  142  142  142  143  146  147  148  149  151  153  154  154  154  151  152  148  150  154  155  153  153   3567
               911   147  144  144  143  142  143  145  147  155  156  159  159  158  158  156  155  153  152  151  156  149  147  150  153   3622
               912   148  148  147  142  141  142  148  153  147  154  155  159  154  152  151  149  147  148  158  158  157  157  157  157   3629
               913   157  157  157  157  156  157  157  156  157  153  154  159  158  157  156  154  152  149  148  147  147  148  144  143   3680
               914   143  142  142  141  139  138  139  140  142  142  144  148  153  152  154  151  147  143  143  138  137  138  137  137   3430
               915   142  138  143  139  134  133  132  136  138  139  141  144  148  149  149  149  140  138  138  136  134  133  137  132   3342
               916   143  145  143  144  146  145  142  134  147  149  146  147  151  143  137  136  135  133  132  131  132  135  140  138   3374
               917   138  144  138  146  140  133  136  138  135  136  139  142  140  141  143  147  148  151  146  139  138  137  137  137   3369
               918   140  137  138  137  138  136  136  138  141  146  150  154  147  145  146  146  149  153  142  142  140  139  139  138   3417
               919   137  135  135  134  133  132  134  135  136  141  143  145  146  146  147  152  153  152  147  145  150  150  152  153   3433
               920   154  151  149  151  150  150  150  149  148  147  146  145  144  143  143  143  143  142  141  141  141  141  141  141   3494
               921   141  141  141  140  139  139  139  138  138  139  139  139  139  139  138  138  138  138  138  138  138  137  137  137   3328
               922   136  136  135  134  134  134  134  134  134  134  135  135  136  136  134  129  113  114  124  109  109  108  106  105   3038
               923   106  105  104  103  102  102  103  113  120  117  134  131  126  122  129  128  136  138  137  137  135  132  137  136   2933
               924   137  138  138  138  138  138  139  139  140  140  143  144  143  141  141  140  139  139  138  137  137  138  138  139   3342
               925   139  139  139  140  140  140  141  141  142  142  143  144  144  144  144  144  144  145  145  145  145  145  145  145   3425
               926   145  145  145  145  145  141  141  141  141  141  143  147  152  144  143  146  148  141  148  145  144  141  143  130   3445
               927   132  132  143  127  123  125  123  123  125  125  131  138  129  129  126  127  130  132  140  137  129  139  135  136   3136
               928   136  137  129  124  135  133  129  119  123  124  124  128  133  128  125  123  125  127  132  124  129  126  124  122   3059
               929   119  119  121  124  128  125  124  136  134  121  121  128  131  137  130  126  127  140  133  130  125  123  129  128   3059
               930   113  114  111  108  107  106  105  107  108  109  111  113  115  116  115  114  113  112  110  109  107  106  106  104   2639
              ------------------------------------------------------------------------------------------------------------------------------------
              TOTAL 4209 4197 4201 4174 4158 4132 4132 4153 4187 4204 4266 4323 4326 4309 4297 4294 4265 4256 4246 4195 4181 4184 4192 4173 101254
              MEAN   140  140  140  139  139  138  138  138  140  140  142  144  144  144  143  143  142  142  142  140  139  139  140  139   3375
              MAX    157  157  157  157  156  157  157  156  157  156  159  159  158  158  158  158  157  156  158  158  157  157  157  157   3680
                N     30   30   30   30   30   30   30   30   30   30   30   30   30   30   30   30   30   30   30   30   30   30   30   30     30
              NOTE                                                                                                                                
                                                                                                                                                  
                   *): WITH MISSING DATA; TOTAL,MEAN,MAXIMUM ESTIMATED                                                                            
                                                                                                                                                  
                                                                                                                                                  
                                                                                                                                                  
