                                                                                                                                                  
                                                                                                                                                  
                                                               *******************************                                                    
                                                                 DOWNWARD LONGWAVE RADIATION                                                      
                                                               *******************************                                                    
                                                                                                                  COUNTRY = JAPAN                 
                                                                                                                                                  
                                                                                                                                                  
                                                                     UNIT  = 0.01 MJ/m**2                                                         
                        STATION    : Tateno                                                                                                       
                        STATION NO.: 47646                                                                                                        
                        LOCATION   : 140ﾟ08' E                                                                                                    
                                      36ﾟ03' N                                                                                                    
                        ALTITUDE   :   25.2  m                                                                                                    
                        YEAR/MONTH : 2003/07                                                                                                      
                                                                                                                                                  
              DATE   -01  -02  -03  -04  -05  -06  -07  -08  -09  -10  -11  -12  -13  -14  -15  -16  -17  -18  -19  -20  -21  -22  -23  -24  TOTAL
                                                                                                                                                  
               7 1   144  138  135  148  143  147  146  146  145  146  147  143  144  145  144  145  147  147  145  142  141  143  144  143   3458
               7 2   141  141  141  141  142  142  142  140  145  144  140  139  135  144  139  141  136  127  132  135  139  138  140  143   3347
               7 3   143  143  143  143  143  143  144  145  145  146  146  146  149  149  148  144  143  147  146  144  146  147  148  147   3488
               7 4   149  151  151  151  151  153  154  154  154  153  155  151  147  145  149  151  141  139  145  143  145  146  145  144   3567
               7 5   142  142  137  132  135  132  133  133  135  143  141  140  135  134  133  134  134  136  143  141  143  140  141  143   3302
               7 6   143  143  143  142  142  142  143  143  143  144  146  147  148  148  147  148  142  145  147  147  146  145  145  145   3474
               7 7   145  145  145  146  146  146  146  147  148  148  149  149  150  150  151  152  152  152  151  150  150  150  149  149   3566
               7 8   148  148  148  XXX  XXX  XXX  XXX  146  145  145  144  145  145  145  145  145  145  145  144  144  143  143  143  142   XXXX
               7 9   133  132  133  142  138  142  141  144  145  145  146  147  148  147  143  144  146  146  146  142  140  144  143  144   3421
               710   145  145  145  145  146  146  147  148  149  150  151  152  153  153  154  154  155  155  156  156  156  156  157  158   3632
               711   158  158  155  153  153  153  154  155  156  154  159  156  157  157  160  161  162  154  150  151  153  156  153  149   3727
               712   152  152  150  149  153  153  153  154  155  156  156  147  151  150  148  145  142  139  140  140  144  144  138  139   3550
               713   143  144  141  141  145  145  144  145  145  146  146  145  145  147  147  147  147  146  144  146  144  143  143  143   3472
               714   144  144  143  144  143  143  144  144  144  145  145  145  145  145  140  142  145  143  138  136  141  140  140  140   3423
               715   139  140  140  141  140  141  142  143  136  136  140  131  136  145  147  147  140  137  133  131  137  136  137  129   3324
               716   135  138  132  134  138  146  146  146  147  148  149  148  148  145  145  138  143  132  139  144  139  131  129  126   3366
               717   134  140  137  135  136  136  140  143  140  132  137  137  137  141  138  143  133  140  144  130  131  131  142  144   3301
               718   143  144  144  143  144  144  144  144  146  146  144  147  149  149  148  149  148  146  148  147  145  145  146  146   3499
               719   146  146  145  142  142  145  146  147  147  148  148  147  148  150  149  151  151  150  149  148  148  147  147  146   3533
               720   146  147  146  143  142  146  148  147  151  152  153  154  154  155  154  146  143  145  150  150  146  145  146  148   3557
               721   150  150  149  149  149  149  149  149  150  150  150  151  153  152  152  151  147  141  149  147  140  135  141  132   3535
               722   139  143  137  143  140  144  147  147  149  148  148  148  148  146  145  139  141  142  142  141  141  141  141  141   3441
               723   141  141  141  138  141  141  141  141  142  143  144  144  143  144  145  145  144  144  143  143  143  143  143  143   3421
               724   144  144  146  147  149  148  147  147  147  149  149  151  152  152  151  153  154  153  153  152  150  144  148  147   3577
               725   145  149  149  148  148  148  147  146  149  148  149  152  152  152  150  146  149  150  149  148  147  146  146  145   3558
               726   143  143  143  144  144  145  145  145  144  147  150  151  150  150  150  150  149  148  148  147  146  146  145  142   3515
               727   140  142  143  144  144  144  145  145  145  146  145  139  138  135  130  130  129  127  136  141  139  137  138  140   3342
               728   138  138  141  139  139  141  140  136  127  132  143  147  145  147  145  144  145  146  147  145  147  148  149  148   3417
               729   148  137  134  134  134  133  136  141  145  154  154  156  154  155  155  153  151  151  147  143  149  147  148  153   3512
               730   153  155  156  155  156  156  152  152  155  156  156  154  152  155  156  151  156  153  150  150  146  145  150  152   3672
               731   149  153  152  150  147  153  152  147  144  151  152  147  146  147  143  144  143  141  137  142  142  147  145  147   3521
              ------------------------------------------------------------------------------------------------------------------------------------
              TOTAL 4463 4476 4445 4449 4458 4492 4504 4510 4518 4551 4582 4556 4557 4579 4551 4533 4503 4467 4491 4466 4467 4449 4470 4458 108001
              MEAN   144  144  143  144  144  145  145  145  146  147  148  147  147  148  147  146  145  144  145  144  144  144  144  144   3484
              MAX    158  158  156  155  156  156  154  155  156  156  159  156  157  157  160  161  162  155  156  156  156  156  157  158   3727
                N     31   31   31   30   30   30   30   31   31   31   31   31   31   31   31   31   31   31   31   31   31   31   31   31     30
              NOTE                   *)   *)   *)   *)                                                                                          *)
                                                                                                                                                  
                   *): WITH MISSING DATA; TOTAL,MEAN,MAXIMUM ESTIMATED                                                                            
                                                                                                                                                  
                                                                                                                                                  
