                                                                                                                                                  
                                                                                                                                                  
                                                               *******************************                                                    
                                                                 DOWNWARD LONGWAVE RADIATION                                                      
                                                               *******************************                                                    
                                                                                                                  COUNTRY = JAPAN                 
                                                                                                                                                  
                                                                                                                                                  
                                                                     UNIT  = 0.01 MJ/m**2                                                         
                        STATION    : Tateno                                                                                                       
                        STATION NO.: 47646                                                                                                        
                        LOCATION   : 140ﾟ08' E                                                                                                    
                                      36ﾟ03' N                                                                                                    
                        ALTITUDE   :   25.2  m                                                                                                    
                        YEAR/MONTH : 2003/01                                                                                                      
                                                                                                                                                  
              DATE   -01  -02  -03  -04  -05  -06  -07  -08  -09  -10  -11  -12  -13  -14  -15  -16  -17  -18  -19  -20  -21  -22  -23  -24  TOTAL
                                                                                                                                                  
               1 1   113  113  109  111  111  111  110  110  110  110  110  110  107   93   86   85   85   85   85   89  104  106  108  110   2471
               1 2   110  107  110  111  110  102   82   81   82   81   81   80   80   81   81   80   80   79   79   79   78   78   82   85   2099
               1 3    83   80   80   77   83  100  106  107  107  108  108  109  111  107  111  113  113  114  114  114  114  113  114  114   2500
               1 4   114  114  114  107   92   89   86   87   87   88   90   92   93  XXX  XXX  XXX  XXX  XXX  XXX   83   83   82   82   81   XXXX
               1 5    79   78   77   78   77   77   77   78   79   80   81   81   84   96   89   82   80   79   79   80   88   78   77   76   1930
               1 6    76   75   75   75   75   75   75   76   77   78   79   80   81   83   83   82   81   80   80   80   80   80   80   79   1885
               1 7    79   78   79   79   88   89   82   96   91   86   98  105  101   90   91   93   90   91   86   86   84   85   84   83   2114
               1 8    82   81   80   80   80   80   81   80   81   83   84   84   85   86   86   86   86   85   85   85   84   84   84   83   1995
               1 9    82   82   82   82   82   82   88   89   90   93   91   90   91   91   91   91   90   89   89   89   92   99  100   97   2142
               110    99   99   97   98   94   86   85   83   85   86   88   89   91   93   95   95   95   95   95   96  100   98   97  102   2241
               111   104  110  110  113  112  111  109  103   95   90   88   88   89   90   90   89   88   88   88   87   88   87   85   84   2286
               112    83   83   82   82   83   82   82   83   84   85   87   89   91   93   92   92   91   91   89   89   89   88   88   90   2088
               113    89   91   94  107  108  112  106  111  112   97   93   93   94   94   97  105  108  110  105  103   99   98   95   89   2410
               114    89   88   87   87   86   85   84   84   85   86   89   91   91   93   95   96   96   95   95   95  106   94   98  106   2201
               115   106   92   82   81   80   78   77   76   78   79   83   85   86   86   82   79   78   76   76   76   76   76   76   76   1940
               116    76   76   75   75   75   75   75   75   76   78   81   87   93   98   98  101   93   89   94  103  103   90   85   83   2054
               117    81   81   81   82   82   82   82   82   84   86   88   90   92   94   95   95   95   94   93   93   93   93   93   93   2124
               118    93   92   92   89   88   88   88   89   91   92   97   99   96   93   92   92   91   90   89   88   89   89   96  104   2207
               119    89   90  106  109  107  107  107  104  115  116  117  117  118  114  116  118  119  117  117  116  117  116  115  114   2681
               120   114  113  112  105  101   95   97   85   86   87   88   90   92   94   91   90   91   92   93   98  108  113  117  116   2368
               121   108  107  115  115  112  113  107   99   94   87   85   89   89   86   84   83   82   81   81   81   80   80   80   79   2217
               122    79   78   78   78   79   78   78   79   80   82   84   86   88   91   92  102  105  103   99  105  104   97  102  100   2147
               123   104  103  100   95   90   87   95  108  113  115  115  115  116  117  118  117  117  117  117  114  110  113  113   99   2608
               124    89   88   87   87   86   86   84   82   81   82   83   83   83   84   84   82   80   80   81   81   80   79   79   79   1990
               125    78   78   78   78   78   78   79   80   81   82   85   94   89   87   87   86   85   84   83   83   82   86   90   89   2000
               126    94   91   91   84   81   81   80   80   82   84   85   86   88   94   93   92   95   93   91   98  112  114  115  115   2219
               127   115  115  115  116  115  115  115  115  115  116  116  116  117  117  118  118  119  119  119  119  122  122  119  119   2812
               128   121  122  122  122  122  117  108  109  109  100   90   90   89   89   89   89   89   92   99  106   90   92   94  102   2452
               129    96   96   82   80   80   79   78   77   78   80   80   87  102  101   93   85   77   74   72   72   72   72   72   72   1957
               130    72   72   72   73   73   74   75   76   78   79   81   82   82   83   83   83   82   82   81   80   80   79   80   80   1882
               131    80   80   79   80   79   79   78   79   80   82   84   85   86   87   90  101   92   88   88   84   83   82   81   80   2007
              ------------------------------------------------------------------------------------------------------------------------------------
              TOTAL 2877 2853 2843 2836 2809 2793 2756 2763 2786 2778 2809 2862 2895 2899 2886 2895 2864 2843 2833 2852 2890 2863 2881 2879  68228
              MEAN    93   92   92   91   91   90   89   89   90   90   91   92   93   94   93   93   92   92   91   92   93   92   93   93   2201
              MAX    121  122  122  122  122  117  115  115  115  116  117  117  118  117  118  118  119  119  119  119  122  122  119  119   2812
                N     31   31   31   31   31   31   31   31   31   31   31   31   31   30   30   30   30   30   30   31   31   31   31   31     30
              NOTE                                                                     *)   *)   *)   *)   *)   *)                              *)
                                                                                                                                                  
                   *): WITH MISSING DATA; TOTAL,MEAN,MAXIMUM ESTIMATED                                                                            
                                                                                                                                                  
                                                                                                                                                  
