                                                                                                                                                  
                                                                                                                                                  
                                                               *******************************                                                    
                                                                 DOWNWARD LONGWAVE RADIATION                                                      
                                                               *******************************                                                    
                                                                                                                  COUNTRY = JAPAN                 
                                                                                                                                                  
                                                                                                                                                  
                                                                     UNIT  = 0.01 MJ/m**2                                                         
                        STATION    : Tateno                                                                                                       
                        STATION NO.: 47646                                                                                                        
                        LOCATION   : 140ﾟ08' E                                                                                                    
                                      36ﾟ03' N                                                                                                    
                        ALTITUDE   :   25.2  m                                                                                                    
                        YEAR/MONTH : 2003/03                                                                                                      
                                                                                                                                                  
              DATE   -01  -02  -03  -04  -05  -06  -07  -08  -09  -10  -11  -12  -13  -14  -15  -16  -17  -18  -19  -20  -21  -22  -23  -24  TOTAL
                                                                                                                                                  
               3 1    87   90   90   96   99   91  103  103  114  118  119  120  121  121  121  122  123  124  122  124  124  126  126  125   2709
               3 2   128  124  123  123  122  118  116  114  111  108  100   93   92   93   93   92   92   90   89   90   90   91   94   98   2484
               3 3    99  102  101   97  103  104  108  110  111  109  105  104  114  124  125  129  130  128  125  123  123  122  120  119   2735
               3 4   116  113  110  108  106  102   79   76   77   79   81   82   83   82   83   81   80   79   78   77   78   80   78   78   2086
               3 5    77   77   77   76   76   76   77   79   86   89   87   84   87   92   88   86   87   87   87   85   86   89   85   85   2005
               3 6    87   88   96  100  102  100  103   97  107  105  113  114  117  117  117  115  116  116  117  118  117  117  118  118   2615
               3 7   118  118  118  118  117  119  120  121  122  123  123  124  127  128  130  131  131  127  126  125  124  124  103   95   2912
               3 8    93   92   92   92   91   91   91   91   92   94   99  102  117  116  117  119  118  117  116  114  104   97   92   88   2435
               3 9    88   88   90   87  104   99   86   96   89   88   95   92  100  112  107  110   96   86   84   84   83   82   81   81   2208
               310    80   80   80   79   79   79   79   80   82   83   85   85   86   87   93   99   98  109  103  100   91   82   81   80   2080
               311    79   79   79   78   78   78   78   78   80   81   82   83   85   94  102   98   99   88   82   80   80   80   79   79   1999
               312    79   79   79   79   79   79   79   80   82   83   84   85   86   88   89   89   88   87   86   85   85   85   83   83   2001
               313    82   82   81   79   79   79   80   80   81   85   86   87   90   90   88   89   89   88   87   86   86   87   90   86   2037
               314    85   84   83   83   82   82   84   87   91   93   92   91   93   96   97  100   98   93   92   94   96   96  108  116   2216
               315   116  118  117  113  114  116  119  118  117  119  120  119  118  115  113  114  109  105   95   95   95   96   94   96   2651
               316   107  116  109   93   97   94   89   91   92   93   94   96  101  105  121  121  121  121  122  122  122  122  122  122   2593
               317   122  122  122  120  118  118  116  116  116  117  117  117  117  116  116  117  116  116   94   94   91   97   94   89   2678
               318    98   91   92  104   97   90   91  105  105   95  108  106  104   97   95   96   98   94  102  113  114  115  114  115   2439
               319   114  113  114  111  110  105  108   91   92  100   90   91   91   95   96  106  100  106  113  107   99   93   91   89   2425
               320    86   84   84   84   84   83   83   84   86   89   96   93   91   91   90   90   89   89   86   84   84   84   87   98   2099
               321    92   99   89   81   80   80   80   81   82   83   85   86   87   88   89   91   89   88   88   88   87   87   87   88   2075
               322   103  106  109  105  105   98   99  101  103  106  110  111  112  111  112  112  112  111  111  114  117  118  120  119   2625
               323   111   98   94   94   99   92   92   91   93   95   98  105  108  108  108  108  103  104  102  106  111  111  112  107   2450
               324   104   98  101  103   99   97   95   97   99  101  103  105  106  106  107  108  108  107  106  106  114  123  126  127   2546
               325   128  128  129  127  127  126  128  127  126  127  128  129  128  128  127  127  127  127  127  126  126  125  123  123   3044
               326   121  118  110   98   96   96   96   97   99  100  101  103  103  104  104  105  105  105  104  103  102  102  114  109   2495
               327   102  102  103  104  102  101  100  113  107  105  107  108  120  120  118  118  117  118  122  130  124  111  109  109   2670
               328   108  116  125  122  111   92   90   91   93   95   97   98  100  101  103  102  101  102  105  106  105  107  112  121   2503
               329   117  118  116  112  113  113  114  116  118  116  118  119  110  113  114  117  115  108   98   91   90   90   88   86   2610
               330    85   86   85   85   85   89   90   94  101  102   97   96  100  104  116  110  104  101  100   99   98   98   98   97   2320
               331    97   96   95   95   93   93   94   95   98  100  104  105  107  108  110  112  114  124  113  108  106  120  123  119   2529
              ------------------------------------------------------------------------------------------------------------------------------------
              TOTAL 3109 3105 3093 3046 3047 2980 2967 3000 3052 3081 3124 3133 3201 3250 3289 3314 3273 3245 3182 3177 3152 3157 3152 3145  75274
              MEAN   100  100  100   98   98   96   96   97   98   99  101  101  103  105  106  107  106  105  103  102  102  102  102  101   2428
              MAX    128  128  129  127  127  126  128  127  126  127  128  129  128  128  130  131  131  128  127  130  126  126  126  127   3044
                N     31   31   31   31   31   31   31   31   31   31   31   31   31   31   31   31   31   31   31   31   31   31   31   31     31
              NOTE                                                                                                                                
                                                                                                                                                  
                   *): WITH MISSING DATA; TOTAL,MEAN,MAXIMUM ESTIMATED                                                                            
                                                                                                                                                  
                                                                                                                                                  
