                                                                                                                                                  
                                                                                                                                                  
                                                               *******************************                                                    
                                                                 DOWNWARD LONGWAVE RADIATION                                                      
                                                               *******************************                                                    
                                                                                                                  COUNTRY = JAPAN                 
                                                                                                                                                  
                                                                                                                                                  
                                                                     UNIT  = 0.01 MJ/m**2                                                         
                        STATION    : Tateno                                                                                                       
                        STATION NO.: 47646                                                                                                        
                        LOCATION   : 140ﾟ08' E                                                                                                    
                                      36ﾟ03' N                                                                                                    
                        ALTITUDE   :   25.2  m                                                                                                    
                        YEAR/MONTH : 2003/04                                                                                                      
                                                                                                                                                  
              DATE   -01  -02  -03  -04  -05  -06  -07  -08  -09  -10  -11  -12  -13  -14  -15  -16  -17  -18  -19  -20  -21  -22  -23  -24  TOTAL
                                                                                                                                                  
               4 1   111  111  112  100   96   95   95   94   95   95   97   97   98   98   99   99   99   98   97   97  102  119  120  121   2445
               4 2   121  122  121  119  120  120  122  123  124  125  126  126  128  128  129  129  129  128  128  128  129  126  125  124   3000
               4 3   125  126  122  120  118  118   98   97  104  112  101   98  100  101   98   97  100   94   92   91   91   90   89   88   2470
               4 4    89   89   88   93   99   92   95   91   94  101  101  101  104  105  105  110  109  110  117  121  123  124  124  124   2509
               4 5   124  124  123  123  122  122  122  122  121  121  121  121  121  121  120  120  120  119  119  119  119  119  119  120   2902
               4 6   119  118  115  110  107  109   93   94   95   95   96   96   96   96   97   97   96   95   94   93   92   92   92   91   2378
               4 7    91   91   92   93   93   92   95   99  104  101  103  104  105  106  106  109  110  109  112  109  108  105  113  116   2466
               4 8   126  131  133  131  127  125  127  129  130  129  133  133  136  137  135  136  135  137  138  137  135  138  133  111   3162
               4 9   109  106  104  103  102  102  102  102  103  104  104  105  106  109  117  128  127  128  127  124  121  119  114   95   2661
               410    91   90   88   87   87   86   87   88   88   90   91   93   94   96   96   97  101   97   95   95   95   95   95   95   2217
               411    95   95   95   97  100   95   98   98  114  107  109  121  124  126  124  129  128  126  127  129  127  130  130  128   2752
               412   127  120  118  112  111  113  114  116  121  124  134  139  138  137  138  138  140  140  140  141  141  141  141  141   3125
               413   140  139  137  132  114  112  111  115  116  120  123  121  122  122  122  121  120  119  123  128  128  134  133  132   2984
               414   130  129  XXX  XXX  XXX  XXX  113  117  111  119  113  119  125  127  125  123  125  126  126  126  125  124  123  124   XXXX
               415   125  125  123  123  123  123  124  124  126  126  127  129  129  131  131  130  128  127  128  127  126  126  127  127   3035
               416   127  127  127  128  126  125  114  123  125  124  120  117  111  110  111  112  110  109  107  107  107  107  106  105   2785
               417   105  106  107  108  107  106  110  125  127  121  117  118  119  118  118  117  116  115  114  114  113  113  114  113   2741
               418   113  113  111  110  110  111  113  114  115  118  120  121  121  122  122  121  121  119  118  119  122  122  121  118   2815
               419   117  116  118  116  116  116  117  118  119  123  125  125  127  130  138  145  143  140  136  133  127  126  124  124   3019
               420   123  123  126  124  121  123  121  133  134  133  130  129  129  129  129  129  129  128  127  128  128  127  127  127   3057
               421   127  126  126  127  126  127  127  127  128  129  130  130  129  120  111  108  104  100   97   95   94   94   94   94   2770
               422    96   94   97  101  103  100   94   94   96   97   98   99  100  100  100  100  101  102  101  115  114  106  108  112   2428
               423   120  125  126  125  125  125  127  128  129  132  134  134  134  134  135  134  132  129  127  124  129  131  133  135   3107
               424   133  133  135  132  134  136  138  139  140  140  139  142  144  144  143  140  140  139  136  136  134  133  135  135   3300
               425   136  137  137  137  136  136  135  135  135  136  137  137  137  138  138  138  137  136  135  134  134  135  135  135   3266
               426   135  135  139  141  147  139  138  138  139  141  140  140  138  143  141  140  136  137  141  144  143  141  138  136   3350
               427   135  134  132  131  130  129  128  127  128  128  115  112  114  118  117  115  113  112  110  108  107  108  109  108   2868
               428   107  106  105  106  106  105  106  108  109  111  113  115  116  117  117  119  118  116  114  113  113  113  113  113   2679
               429   112  112  112  111  110  109  111  113  116  120  120  125  123  123  123  121  122  120  122  124  127  125  126  131   2858
               430   138  142  135  134  134  136  136  135  138  142  146  142  141  139  139  140  136  136  135  133  133  132  132  129   3283
              ------------------------------------------------------------------------------------------------------------------------------------
              TOTAL 3547 3545 3522 3489 3465 3441 3411 3466 3524 3564 3563 3589 3609 3625 3624 3642 3625 3591 3583 3592 3587 3595 3593 3552  85275
              MEAN   118  118  117  116  116  115  114  116  117  119  119  120  120  121  121  121  121  120  119  120  120  120  120  118   2842
              MAX    140  142  139  141  147  139  138  139  140  142  146  142  144  144  143  145  143  140  141  144  143  141  141  141   3350
                N     30   30   29   29   29   29   30   30   30   30   30   30   30   30   30   30   30   30   30   30   30   30   30   30     29
              NOTE              *)   *)   *)   *)                                                                                               *)
                                                                                                                                                  
                   *): WITH MISSING DATA; TOTAL,MEAN,MAXIMUM ESTIMATED                                                                            
                                                                                                                                                  
                                                                                                                                                  
                                                                                                                                                  
