                                                                                                                                                  
                                                                                                                                                  
                                                               *******************************                                                    
                                                                 DOWNWARD LONGWAVE RADIATION                                                      
                                                               *******************************                                                    
                                                                                                                  COUNTRY = JAPAN                 
                                                                                                                                                  
                                                                                                                                                  
                                                                     UNIT  = 0.01 MJ/m**2                                                         
                        STATION    : Tateno                                                                                                       
                        STATION NO.: 47646                                                                                                        
                        LOCATION   : 140ﾟ08' E                                                                                                    
                                      36ﾟ03' N                                                                                                    
                        ALTITUDE   :   25.2  m                                                                                                    
                        YEAR/MONTH : 2003/12                                                                                                      
                                                                                                                                                  
              DATE   -01  -02  -03  -04  -05  -06  -07  -08  -09  -10  -11  -12  -13  -14  -15  -16  -17  -18  -19  -20  -21  -22  -23  -24  TOTAL
                                                                                                                                                  
              12 1   134  133  135  138  136  133  132  131  134  133  132  131  131  131  132  131  131  130  130  130  129  130  129  129   3165
              12 2   128  127  127  127  124  112  103  103  102  103  103  103  104  105  106  107  105  103  103  102  100   99   98   98   2592
              12 3    97   96   96   95   93   94   96   96   98  105  115  120  115  121  111  103  101   99   99   98   99   98   98   96   2439
              12 4    94   93   91   91   91   91   91   91   94   95   96   98   98   99  100  107  111  107  109  102   99   97   99   93   2337
              12 5   102   93   95   93   93  109  114  114  117  119  119  120  120  121  121  121  122  122  122  122  122  122  122  122   2747
              12 6   123  123  124  124  124  124  124  124  125  126  126  126  126  128  129  130  127  121  108  106  107  104  105  105   2889
              12 7   103  103  101  100   99   98   97   94   95   99  100  101  101  102  116  124  122  112  114  114  101  100  101   97   2494
              12 8   111  113  107  110  111  111  105  111  106   99  107  104   95   96   97   97   97   96   96   95   93   92   91   89   2429
              12 9    88   88   89   89   89   88   88   89   90   91   92   94   93   94   93   91   91   93   90   89   88   89   98  105   2189
              1210   104   98  100   93   95   93   98   86   87   88   89   90   91   91   92   91   90   90   90   90   90   90   90   90   2206
              1211    90   91   90   93  103  107  113  116  117  118  118  119  120  119  119  120  121  121  121  121  121  120  120  120   2718
              1212   121  121  121  121  122  122  122  123  123  124  124  124  124  124  122  121  120  122  116  104   98   93   90   88   2790
              1213    88   88   88   88   87   87   86   86   87   91   90   91   92   93   93   94   92   91   91   91   90   89   88   87   2148
              1214    87   87   86   86   86   86   86   87   88   90   91   92   93   94   95   96   95   95   94   92   91   91   91   91   2170
              1215    90   97   96   92   90   91   91   90   93   93   96   97  107  111  100  100   98   98   98   97   95   94   93   91   2298
              1216    88   87   88   88   88   87   89  101  102  104  100   94   94   96   95   93   90   89   88   87   87   87   86   86   2194
              1217    85   85   85   87   90   92  110  112  114  115  117  118  121  115  122  119  102  114   95   93   91   90   89   88   2449
              1218    88   87   87   87   86   85   85   86   87   90   91   93   93   98   96   94   94  102  107  109  108  108  104   97   2262
              1219   106  112  115  110  112  111  115  110  107   94   93   94   95   95   94   93   92   89   89   88   87   86   85   86   2358
              1220    85   93  100   94   93   87   83   80   80   81   81   81   81   82   83   84   89  104  110  110   90   90   91   93   2145
              1221    96  106   87   82   82   82   82   82   83   85   86   87   87   87   88   88   87   87   87   87   87   86   86   85   2082
              1222    85   84   83   83   83   84   84   90   93   87   87   89   92   93   95   96   95   94   94   94   92   92   92   91   2152
              1223    90   90   89   88   88   88   89   89   90   92   93   95   98   99  100   99   99   98   98   98   97   97   96   95   2255
              1224    94   93   92   90   90   89   89   89   90   93   95   97   99  100  101   99   99   98   97   97   96   94   95   93   2269
              1225    93   93   92   92   91   91   94   95   93   96  119  111  107  103  100  100   99   98   97   97   97   96   95   95   2344
              1226    94   95   94   93   93   91   90   90   90   92   94  111  115  111  117  118  120  120  120  120  116  117  118  116   2535
              1227   115  114  113  113  113  112  104   98   90   82   83   82   82   82   82   82   81   80   80   80   80   80   80   80   2188
              1228    80   79   80   80   80   80   81   81   82   83   84   85   87   89   90   90   89   88   88   87   87   87   86   87   2030
              1229    87  102   87   88  104   94   85   86   98   87   92   95   89   92   93   95   95   95   95   94   95   95   94   94   2231
              1230    94   93   93   93   92   91   91   90   91   92   92   92   92   91   91   90   90   90   92  112  112  112  114  115   2305
              1231   115  117  116  116  117  117  118  117  117  114  102   96   98  106  107  111  114  111  105   97   93   93   91   90   2578
              ------------------------------------------------------------------------------------------------------------------------------------
              TOTAL 3055 3081 3047 3024 3045 3027 3035 3037 3063 3061 3107 3130 3140 3168 3180 3184 3158 3157 3123 3103 3038 3018 3015 2992  73988
              MEAN    99   99   98   98   98   98   98   98   99   99  100  101  101  102  103  103  102  102  101  100   98   97   97   97   2387
              MAX    134  133  135  138  136  133  132  131  134  133  132  131  131  131  132  131  131  130  130  130  129  130  129  129   3165
                N     31   31   31   31   31   31   31   31   31   31   31   31   31   31   31   31   31   31   31   31   31   31   31   31     31
              NOTE                                                                                                                                
                                                                                                                                                  
                   *): WITH MISSING DATA; TOTAL,MEAN,MAXIMUM ESTIMATED                                                                            
                                                                                                                                                  
                                                                                                                                                  
