                                                                                                                                                  
                                                                                                                                                  
                                                               *******************************                                                    
                                                                 DOWNWARD LONGWAVE RADIATION                                                      
                                                               *******************************                                                    
                                                                                                                  COUNTRY = JAPAN                 
                                                                                                                                                  
                                                                                                                                                  
                                                                     UNIT  = 0.01 MJ/m**2                                                         
                        STATION    : Tateno                                                                                                       
                        STATION NO.: 47646                                                                                                        
                        LOCATION   : 140ﾟ08' E                                                                                                    
                                      36ﾟ03' N                                                                                                    
                        ALTITUDE   :   25.2  m                                                                                                    
                        YEAR/MONTH : 2003/08                                                                                                      
                                                                                                                                                  
              DATE   -01  -02  -03  -04  -05  -06  -07  -08  -09  -10  -11  -12  -13  -14  -15  -16  -17  -18  -19  -20  -21  -22  -23  -24  TOTAL
                                                                                                                                                  
               8 1   152  152  151  151  150  149  145  149  150  151  152  154  150  155  153  149  154  153  151  150  145  151  151  151   3619
               8 2   151  151  151  151  151  151  152  153  154  148  152  154  155  154  159  155  151  151  149  148  147  146  144  144   3622
               8 3   143  142  141  143  145  141  144  145  148  149  152  155  155  154  152  149  148  147  146  146  145  144  144  143   3521
               8 4   143  143  143  143  143  143  144  146  149  152  155  160  163  167  166  156  153  151  150  149  148  147  147  146   3607
               8 5   146  145  148  147  145  146  149  152  154  153  155  155  155  156  157  164  159  155  155  153  152  151  151  150   3653
               8 6   149  148  148  150  150  151  151  148  157  154  156  157  155  153  149  148  148  151  148  154  151  152  153  154   3635
               8 7   152  154  154  154  153  153  153  154  155  156  156  156  157  160  156  152  150  156  150  147  143  142  138  135   3636
               8 8   134  133  133  134  135  147  136  140  144  147  148  156  164  160  161  158  156  157  153  150  151  153  153  157   3560
               8 9   152  150  155  153  155  158  155  159  159  157  159  163  162  162  159  158  159  159  159  158  158  158  153  155   3775
               810   151  154  153  151  145  147  151  152  155  151  151  155  159  158  157  161  159  152  148  147  147  148  156  147   3655
               811   147  145  150  149  143  143  143  145  148  147  147  148  147  144  143  141  140  142  144  144  145  145  143  141   3474
               812   140  143  143  150  152  152  152  152  154  156  155  154  152  152  151  151  150  149  150  149  149  149  148  148   3601
               813   148  148  148  147  147  146  146  146  146  147  148  148  144  143  148  145  138  143  143  143  143  142  142  142   3481
               814   144  146  147  148  148  147  147  146  146  146  146  146  146  146  145  145  145  145  145  144  144  145  145  145   3497
               815   145  144  145  145  145  145  145  145  146  146  148  148  148  147  148  148  148  148  147  146  146  146  146  146   3511
               816   146  146  146  144  146  146  145  145  145  146  147  146  146  146  146  146  146  145  145  145  145  145  145  145   3493
               817   145  145  145  145  145  145  145  146  147  148  148  148  149  148  148  148  148  148  148  147  147  147  147  146   3523
               818   146  146  146  147  147  147  147  147  148  149  150  151  152  153  154  151  152  150  148  148  147  148  148  147   3569
               819   148  148  148  148  148  148  148  149  150  150  150  151  152  152  151  151  150  148  145  146  148  149  149  149   3576
               820   148  148  148  148  148  148  145  149  150  152  153  154  153  156  156  155  155  154  153  153  152  152  152  153   3635
               821   153  151  148  149  153  152  148  150  149  154  152  152  153  155  154  156  153  151  149  154  155  147  146  145   3629
               822   144  143  143  144  145  142  144  149  150  152  152  158  159  157  156  152  153  152  150  149  147  147  145  143   3576
               823   142  141  142  144  144  147  145  148  148  148  151  152  153  151  151  151  150  148  147  146  145  144  143  144   3525
               824   143  143  142  140  152  152  142  145  146  147  151  152  153  152  149  149  149  150  152  149  147  145  146  144   3540
               825   152  157  157  157  157  157  148  144  155  156  152  155  152  151  150  149  149  148  147  147  149  150  147  148   3634
               826   148  147  150  151  151  150  152  152  154  155  156  161  161  161  162  160  160  162  159  153  152  152  153  154   3716
               827   XXX  XXX  XXX  XXX  156  154  153  150  148  151  154  152  151  145  142  141  138  140  146  147  141  138  140  144   XXXX
               828   149  147  149  149  149  148  147  149  151  152  152  153  153  153  152  155  157  156  156  155  153  153  154  154   3646
               829   154  154  154  153  149  138  137  137  139  141  144  149  150  149  150  152  150  148  147  147  147  146  144  144   3523
               830   145  145  143  141  148  149  149  146  149  152  152  150  151  149  144  142  147  144  141  147  144  146  151  150   3525
               831   151  150  151  151  151  151  151  151  151  152  153  152  151  152  154  151  148  148  148  148  147  146  146  146   3600
              ------------------------------------------------------------------------------------------------------------------------------------
              TOTAL 4557 4557 4569 4576 4596 4593 4559 4589 4645 4665 4697 4745 4751 4741 4723 4689 4663 4651 4619 4609 4580 4574 4570 4560 111141
              MEAN   147  147  147  148  148  148  147  148  150  150  152  153  153  153  152  151  150  150  149  149  148  148  147  147   3585
              MAX    154  157  157  157  157  158  155  159  159  157  159  163  164  167  166  164  160  162  159  158  158  158  156  157   3775
                N     30   30   30   30   31   31   31   31   31   31   31   31   31   31   31   31   31   31   31   31   31   31   31   31     30
              NOTE    *)   *)   *)   *)                                                                                                         *)
                                                                                                                                                  
                   *): WITH MISSING DATA; TOTAL,MEAN,MAXIMUM ESTIMATED                                                                            
                                                                                                                                                  
                                                                                                                                                  
