                                                                                                                                                  
                                                                                                                                                  
                                                               *******************************                                                    
                                                                 DOWNWARD LONGWAVE RADIATION                                                      
                                                               *******************************                                                    
                                                                                                                  COUNTRY = JAPAN                 
                                                                                                                                                  
                                                                                                                                                  
                                                                     UNIT  = 0.01 MJ/m**2                                                         
                        STATION    : Tateno                                                                                                       
                        STATION NO.: 47646                                                                                                        
                        LOCATION   : 140ﾟ08' E                                                                                                    
                                      36ﾟ03' N                                                                                                    
                        ALTITUDE   :   25.2  m                                                                                                    
                        YEAR/MONTH : 2003/10                                                                                                      
                                                                                                                                                  
              DATE   -01  -02  -03  -04  -05  -06  -07  -08  -09  -10  -11  -12  -13  -14  -15  -16  -17  -18  -19  -20  -21  -22  -23  -24  TOTAL
                                                                                                                                                  
              10 1   104  104  103  105  104  106  107  111  117  119  125  123  127  124  128  128  137  137  136  135  134  136  136  136   2922
              10 2   136  136  135  136  134  133  134  134  130  127  128  133  134  128  131  132  133  134  125  118  121  116  118  121   3107
              10 3   119  114  120  122  127  132  134  132  128  130  136  128  132  122  123  132  129  126  135  134  127  120  115  112   3029
              10 4   111  123  123  128  129  130  127  130  129  127  119  116  116  118  119  118  117  121  129  126  131  132  134  127   2980
              10 5   113  110  108  110  113  120  118  121  119  111  113  115  114  115  115  117  124  121  126  126  130  131  132  134   2856
              10 6   134  134  134  135  135  135  134  134  133  132  133  134  133  131  129  128  128  128  126  119  115  113  113  113   3083
              10 7   120  123  124  123  121  115  114  115  117  120  128  134  128  128  128  128  128  127  126  122  121  121  122  123   2956
              10 8   121  121  121  120  120  121  121  122  123  123  125  129  126  126  125  124  122  120  119  118  118  110  110  109   2894
              10 9   106  106  106  105  106  104  114  119  118  129  127  125  128  125  117  111  110  111  111  111  109  109  109  109   2725
              1010   108  107  107  108  110  108  119  133  134  122  128  132  133  128  126  126  125  124  121  119  119  119  119  119   2894
              1011   120  121  118  115  115  117  118  121  123  126  131  132  133  134  134  136  139  137  135  138  143  144  144  144   3118
              1012   144  144  144  144  144  144  143  143  143  144  145  144  148  147  142  145  142  141  138  145  151  151  149  134   3459
              1013   139  138  139  140  149  142  142  143  147  148  149  153  153  153  152  147  138  135  135  138  139  140  139  139   3437
              1014   139  138  137  136  135  135  135  135  135  135  135  135  135  135  134  132  132  132  133  132  132  133  131  131   3222
              1015   132  133  133  133  133  133  132  131  131  119  124  133  135  127  123  130  135  XXX  XXX  XXX  XXX  117  120  121   XXXX
              1016   126  127  121  133  132  127  124  121  115  119  126  116  118  116  114  113  112  111  111  111  111  113  113  109   2839
              1017   107  107  106  105  105  107  102  103  104  106  107  110  119  116  117  108  106  105  105  105  105  105  110  103   2573
              1018   104  108  119  124  118  124  128  129  131  131  118  124  130  133  134  132  132  130  131  128  127  124  118  110   2987
              1019   109  108  107  105  104  104  103  105  108  109  111  111  113  113  114  113  112  111  111  120  115  115  128  131   2680
              1020   131  127  116  122  118  116  119  118  118  121  106  106  107  107  105  104  103  102  102  102  102  101  101  109   2663
              1021   106  105  107  105  124  118  120  114  118  117  118  120  129  122  121  129  132  130  131  131  123  129  134  133   2916
              1022   133  137  139  139  139  139  139  139  139  141  141  141  141  141  140  139  140  139  142  142  141  141  141  141   3354
              1023   141  141  141  140  140  140  140  140  140  142  128  123  122  124  127  133  138  132  125  107  103  102  101  100   3070
              1024   100   99   98   97   96   96   96   97  101  102  103  104  104  105  106  106  112  109  109  111  108  126  130  130   2545
              1025   120  125  125  130  128  125  129  131  132  130  128  134  138  138  135  138  137  131  128  130  136  135  127  123   3133
              1026   123  122  121  121  121  120  120  117  112  110  112  116  118  120  112  111  127  124  124  124  127  127  131  131   2891
              1027   130  130  128  128  130  131  131  131  132  132  129  123  133  134  134  129  130  131  118  117  128  125  120  130   3084
              1028   134  134  133  135  132  137  137  137  136  136  136  137  138  139  137  138  137  138  138  139  141  140  138  141   3288
              1029   142  127  117  118  119  120  122  118  119  120  120  122  124  125  124  126  124  114  112  111  109  107  106  104   2850
              1030   104  103  102  101  101  101  101  102  105  108  110  111  112  113  113  113  112  111  109  109  107  105  104  103   2560
              1031   102  102  103  102  102  101  101  103  105  108  111  114  118  117  117  125  124  123  135  136  135  136  135  130   2785
              ------------------------------------------------------------------------------------------------------------------------------------
              TOTAL 3758 3754 3735 3765 3784 3781 3804 3829 3842 3844 3850 3878 3939 3904 3876 3891 3917 3860 3850 3829 3832 3823 3828 3800  91862
              MEAN   121  121  120  121  122  122  123  124  124  124  124  125  127  126  125  126  126  125  124  123  124  123  123  123   2963
              MAX    144  144  144  144  149  144  143  143  147  148  149  153  153  153  152  147  142  141  142  145  151  151  149  144   3459
                N     31   31   31   31   31   31   31   31   31   31   31   31   31   31   31   31   31   30   30   30   30   31   31   31     30
              NOTE                                                                                         *)   *)   *)   *)                    *)
                                                                                                                                                  
                   *): WITH MISSING DATA; TOTAL,MEAN,MAXIMUM ESTIMATED                                                                            
                                                                                                                                                  
                                                                                                                                                  
