                                                                                                                                                  
                                                                                                                                                  
                                                               *******************************                                                    
                                                                 DOWNWARD LONGWAVE RADIATION                                                      
                                                               *******************************                                                    
                                                                                                                  COUNTRY = JAPAN                 
                                                                                                                                                  
                                                                                                                                                  
                                                                     UNIT  = 0.01 MJ/m**2                                                         
                        STATION    : Tateno                                                                                                       
                        STATION NO.: 47646                                                                                                        
                        LOCATION   : 140ﾟ08' E                                                                                                    
                                      36ﾟ03' N                                                                                                    
                        ALTITUDE   :   25.2  m                                                                                                    
                        YEAR/MONTH : 2003/06                                                                                                      
                                                                                                                                                  
              DATE   -01  -02  -03  -04  -05  -06  -07  -08  -09  -10  -11  -12  -13  -14  -15  -16  -17  -18  -19  -20  -21  -22  -23  -24  TOTAL
                                                                                                                                                  
               6 1   150  148  141  145  145  143  143  150  151  152  150  150  149  150  153  152  153  147  145  145  141  129  118  117   3467
               6 2   115  120  116  111  109  109  111  115  116  121  125  124  130  138  141  137  129  125  123  126  133  138  143  142   2997
               6 3   129  123  134  128  134  135  137  132  141  140  XXX  137  132  128  127  126  125  125  126  124  124  124  123  123   XXXX
               6 4   124  127  128  130  129  130  136  145  141  138  138  139  140  142  142  143  142  140  139  139  138  137  137  137   3281
               6 5   137  136  136  136  133  130  123  122  122  124  125  127  129  131  131  130  127  125  123  122  121  119  119  120   3048
               6 6   133  134  135  137  137  137  138  139  139  140  141  132  124  125  126  125  124  122  121  134  135  134  138  140   3190
               6 7   140  140  138  141  142  143  143  145  146  144  135  138  138  136  136  135  134  132  132  128  127  136  141  142   3312
               6 8   142  141  141  141  141  142  143  144  143  143  143  130  127  126  125  126  126  124  122  134  141  141  141  140   3267
               6 9   139  131  122  124  119  130  136  137  136  126  126  130  129  134  128  126  123  119  117  115  116  124  134  138   3059
               610   136  130  123  138  138  137  139  137  138  138  137  135  140  140  139  137  136  129  130  131  132  134  135  137   3246
               611   137  138  138  139  139  140  139  135  137  133  145  146  145  146  140  145  146  145  144  145  144  144  144  145   3399
               612   146  146  146  146  146  146  147  148  149  150  151  152  153  154  153  150  150  153  151  146  141  148  150  152   3574
               613   153  153  153  152  153  153  153  154  155  156  156  155  157  153  154  155  155  149  147  147  142  142  145  153   3645
               614   152  150  148  148  148  153  144  149  153  152  155  158  157  157  157  156  155  153  153  152  153  150  148  145   3646
               615   145  146  146  146  143  143  145  146  147  147  148  147  149  149  146  148  149  148  151  149  149  150  150  149   3536
               616   148  145  141  145  149  148  149  148  149  149  142  146  149  151  150  148  149  149  146  143  146  144  145  148   3527
               617   147  148  148  148  147  147  146  146  147  148  150  152  152  151  153  147  148  149  147  146  150  148  143  142   3550
               618   140  141  146  149  143  144  143  144  146  149  149  150  151  152  153  150  148  147  147  146  147  146  145  142   3518
               619   144  145  148  151  151  150  148  141  142  143  146  148  150  148  147  148  148  147  147  149  150  151  150  148   3540
               620   146  148  146  145  145  145  143  142  144  145  147  150  150  148  146  145  148  145  147  147  143  140  138  136   3479
               621   134  133  132  129  128  129  130  132  134  136  138  140  140  141  142  142  141  139  136  135  133  133  133  133   3243
               622   133  130  129  127  129  131  132  134  135  138  137  135  136  139  141  142  141  141  139  138  139  138  138  138   3260
               623   135  142  138  139  141  143  144  144  145  146  147  148  149  149  149  148  147  147  146  145  146  145  146  147   3476
               624   147  146  145  144  143  137  145  140  147  150  151  151  150  151  151  150  151  151  150  152  149  148  148  149   3546
               625   150  149  149  148  148  148  149  150  151  152  152  153  154  155  153  147  136  133  132  134  134  137  142  143   3499
               626   137  142  143  143  141  138  140  143  142  145  145  144  144  142  148  147  146  146  145  144  141  139  139  135   3419
               627   134  125  134  125  123  124  125  130  131  134  140  144  144  146  144  143  145  145  147  146  148  145  143  142   3307
               628   144  146  146  147  147  147  147  148  149  149  149  149  149  151  152  148  142  148  149  149  149  149  148  148   3550
               629   148  148  136  144  147  147  147  143  143  145  154  152  149  150  144  145  148  152  152  152  151  151  138  134   3520
               630   133  135  133  132  130  133  141  140  141  144  147  148  148  146  142  145  148  145  155  151  147  145  143  151   3423
              ------------------------------------------------------------------------------------------------------------------------------------
              TOTAL 4198 4186 4159 4178 4168 4182 4206 4223 4260 4277 4314 4310 4314 4329 4313 4286 4260 4220 4209 4214 4210 4209 4205 4216 101922
              MEAN   140  140  139  139  139  139  140  141  142  143  144  144  144  144  144  143  142  141  140  140  140  140  140  141   3397
              MAX    153  153  153  152  153  153  153  154  155  156  156  158  157  157  157  156  155  153  155  152  153  151  150  153   3646
                N     30   30   30   30   30   30   30   30   30   30   29   30   30   30   30   30   30   30   30   30   30   30   30   30     29
              NOTE                                                      *)                                                                      *)
                                                                                                                                                  
                   *): WITH MISSING DATA; TOTAL,MEAN,MAXIMUM ESTIMATED                                                                            
                                                                                                                                                  
                                                                                                                                                  
                                                                                                                                                  
