                                                                                                                                                  
                                                                                                                                                  
                                                               *******************************                                                    
                                                                 DOWNWARD LONGWAVE RADIATION                                                      
                                                               *******************************                                                    
                                                                                                                  COUNTRY = JAPAN                 
                                                                                                                                                  
                                                                                                                                                  
                                                                     UNIT  = 0.01 MJ/m**2                                                         
                        STATION    : Tateno                                                                                                       
                        STATION NO.: 47646                                                                                                        
                        LOCATION   : 140ﾟ08' E                                                                                                    
                                      36ﾟ03' N                                                                                                    
                        ALTITUDE   :   25.2  m                                                                                                    
                        YEAR/MONTH : 2003/02                                                                                                      
                                                                                                                                                  
              DATE   -01  -02  -03  -04  -05  -06  -07  -08  -09  -10  -11  -12  -13  -14  -15  -16  -17  -18  -19  -20  -21  -22  -23  -24  TOTAL
                                                                                                                                                  
               2 1    80   79   79   79   78   79   79   79   79   81   82   83   83   83   84   84   83   83   81   80   79   80   80   78   1935
               2 2    77   77   78   78   77   77   79   81   86   87   89   92   99  101   94   94   94   98   98  102  103  102  103   98   2164
               2 3    91   91  100   98   92   86   88   80   81   82   84   85   86   86   87   87   87   86   86   86  103   96   85   84   2117
               2 4    84   83   82   80   80   80   86   90   92  107  108  110  112  113  107  103  106  104   98  101   87   95  103  106   2317
               2 5   107  101   95  103  107  107  108  108  107   95   87   90  102  102  101   91   96   88   88   91  100  110  110  110   2404
               2 6   101   90   84   88   94   81   80   81   82   83   84   85   87  101   92   87   84   83   83   82   82   82   84   89   2069
               2 7    88   81   81   88   95   85   85   84   81   84   86   88   89   90   91   91   91   90   90   89   89   90   89   90   2105
               2 8    89   88   85   84   83   82   83   83   85   89   93   95  103  107  109  114  115  112  113  117  120  122  121  123   2415
               2 9   123  123  122  121  120  118  118  117  109   96   98  101  109  102  103  101   99   98   97   98   96   95   94   95   2553
               210    95   98  107  119  119  119  120  114  117  112  114  110  102  101  104  103  103  117  125  125  125  125  124  124   2722
               211   124  124  124  124  125  124  124  124  123  123  124  124  124  125  125  125  125  125  125  124  124  123  123  116   2971
               212   117  119  121  116  110  108  111  103  111  114  114  114  114  114  114  113  112  112  111  110  109  108  108  107   2690
               213   106  106  106  106  106  100   90   95   97   99   86   93  103  104  108  105   96   90   89   88   88   88   87   86   2322
               214    85   85   83   82   81   81   81   81   83   85   87   90   91   95   93   91   91   89   89   88   87   85   85   84   2072
               215    84   86   83   81   81   81   80   81   85   86   87   88   92  100   92   92   93   96   91   91   92   94   96   98   2130
               216   103  108  104  106  113  114  112  113  116  118  119  120  120  120  119  116  116  116  107   98   91   95   89   87   2620
               217    87   86   86   85   85   85   85   85   86   88   89   91   92   91   92   91   92   91   90   90   89   93  103  109   2161
               218   104  107  108  108  109  109  106  112  113  114  115  116  116  115  115  115  114  114  114  115  113  114  113  113   2692
               219   111  102   87   87   85   87   83   84   86   88   90   90   93   94   93   90   89   88   95   97  103  108  112  112   2254
               220   115  114  115  115  114  110  115  114  114  117  118  118  118  117  113  111  105  102   98  104   99   93   87   85   2611
               221    85   88   82   82   81   81   81   82   84   86   86   87   88   89   89   90   89   88   88   88   94  106  107  110   2131
               222   110  111  109  104  100  110  113  113  115  115  115  112  115  116  116  117  117  118  118  117  117  118  117  117   2730
               223   118  117  117  116  115  113  111  XXX  XXX   98   98  116  118  117  111  103  101  113  113  110  114  114  113  112   XXXX
               224   112  112  112  112  112  112  112  113  115  115  115  114  114  114  113  113  113  113  112  112  107   99  104   87   2657
               225    84   84   85   89   94   94   87   83   84   85   86   87   88   90   91   91   91   90   89   89   88   88   88   88   2113
               226    88   88  107  111  113  113  112  112  107   92   93   95  108  104  100  102  108  112  115  113  103  106  105   98   2505
               227    91   91   91   90   88   87   85   86   85   86   88   89   89   89   93  103   99   88   84   81   79   79   79   78   2098
               228    77   77   77   76   76   75   75   75   77   78   79   81   83   83   84   84   85   84   82   81   82   84   86   88   1929
              ------------------------------------------------------------------------------------------------------------------------------------
              TOTAL 2736 2716 2710 2728 2733 2698 2689 2668 2696 2703 2714 2764 2838 2863 2833 2807 2794 2788 2769 2767 2763 2792 2795 2772  65839
              MEAN    98   97   97   97   98   96   96   95   96   97   97   99  101  102  101  100  100  100   99   99   99  100  100   99   2351
              MAX    124  124  124  124  125  124  124  124  123  123  124  124  124  125  125  125  125  125  125  125  125  125  124  124   2971
                N     28   28   28   28   28   28   28   27   27   28   28   28   28   28   28   28   28   28   28   28   28   28   28   28     27
              NOTE                                       *)   *)                                                                                *)
                                                                                                                                                  
                   *): WITH MISSING DATA; TOTAL,MEAN,MAXIMUM ESTIMATED                                                                            
                                                                                                                                                  
                                                                                                                                                  
                                                                                                                                                  
                                                                                                                                                  
                                                                                                                                                  
