                                                                                                                                                  
                                                                                                                                                  
                                                               *******************************                                                    
                                                                 DOWNWARD LONGWAVE RADIATION                                                      
                                                               *******************************                                                    
                                                                                                                  COUNTRY = JAPAN                 
                                                                                                                                                  
                                                                                                                                                  
                                                                     UNIT  = 0.01 MJ/m**2                                                         
                        STATION    : Tateno                                                                                                       
                        STATION NO.: 47646                                                                                                        
                        LOCATION   : 140ﾟ08' E                                                                                                    
                                      36ﾟ03' N                                                                                                    
                        ALTITUDE   :   25.2  m                                                                                                    
                        YEAR/MONTH : 2003/05                                                                                                      
                                                                                                                                                  
              DATE   -01  -02  -03  -04  -05  -06  -07  -08  -09  -10  -11  -12  -13  -14  -15  -16  -17  -18  -19  -20  -21  -22  -23  -24  TOTAL
                                                                                                                                                  
               5 1   126  122  111   99   92   92   94   94   94   96   97   99  101  101  103  104  104  103  102  101  101  101  101  102   2440
               5 2   103  103  104  104  104  103  104  106  110  113  129  130  130  124  123  125  121  118  117  118  120  123  125  127   2784
               5 3   129  130  132  134  134  133  133  131  131  135  123  125  128  127  131  135  130  124  123  122  122  122  122  122   3078
               5 4   121  120  140  142  143  143  143  144  144  134  125  129  135  140  138  136  132  126  125  123  123  122  121  125   3174
               5 5   133  138  135  123  120  116  118  118  119  119  120  120  119  118  117  115  113  113  113  113  114  114  119  126   2873
               5 6   124  130  136  136  133  122  120  135  129  126  124  125  129  135  129  133  134  132  131  141  128  122  122  121   3097
               5 7   122  139  140  135  136  142  143  144  144  143  149  150  151  151  142  145  141  136  137  141  143  138  139  145   3396
               5 8   149  140  143  147  144  146  147  148  148  147  151  154  153  150  152  149  141  137  135  133  132  131  129  127   3433
               5 9   126  126  125  124  124  123  123  122  122  122  115  103  102  102  103  103  103  103  102  101  101  101  100  100   2676
               510   100  100  100   99   98   97  100  105  105  106  108  115  111  113  119  112  110  108  107  109  109  109  109  109   2558
               511   112  117  116  115  117  115  120  120  114  124  129  130  132  133  133  132  131  131  131  130  129  129  127  129   2996
               512   134  136  135  135  134  136  134  135  134  134  137  138  139  138  138  139  138  134  136  130  135  129  122  117   3217
               513   117  116  116  116  115  115  117  119  122  129  131  131  130  128  129  129  126  123  121  120  119  119  118  118   2924
               514   118  117  116  116  116  116  119  134  127  133  131  137  139  141  139  137  137  137  137  137  137  136  137  137   3131
               515   137  136  137  138  139  138  138  139  140  141  141  141  141  142  142  142  142  142  142  142  141  139  140  139   3359
               516   139  140  140  139  138  137  139  139  140  140  140  139  140  139  127  136  130  136  135  135  135  135  135  134   3287
               517   133  133  132  132  133  133  133  133  133  134  135  135  135  136  136  136  136  135  135  135  134  134  134  134   3219
               518   134  135  134  133  133  134  134  136  134  134  137  139  139  139  139  137  132  136  139  136  137  138  138  138   3265
               519   134  133  137  138  137  136  138  137  136  XXX  137  137  138  134  134  137  134  132  131  135  120  118  118  117   XXXX
               520   117  125  137  137  138  138  136  132  141  140  139  139  139  138  143  142  142  142  141  139  136  136  137  135   3289
               521   136  134  135  136  135  134  134  134  135  126  123  121  127  134  123  120  119  117  116  116  116  116  115  115   3017
               522   114  113  113  111  111  111  112  113  114  116  117  116  115  113  113  112  113  115  124  130  132  128  117  130   2803
               523   136  136  136  136  136  136  136  136  136  137  137  137  131  139  134  132  136  130  121  116  120  123  119  121   3157
               524   131  136  126  114  116  113  114  122  124  138  139  127  120  119  118  116  116  115  115  113  111  109  108  109   2869
               525   111  108  108  109  110  110  109  111  112  118  126  120  121  120  125  123  121  116  115  116  118  121  124  124   2796
               526   127  132  135  136  136  134  132  133  132  134  134  136  132  134  132  131  131  132  131  132  130  130  129  129   3174
               527   129  131  135  132  133  135  135  135  136  136  139  142  143  142  142  141  142  143  139  136  138  138  139  138   3299
               528   139  138  133  131  123  120  130  122  126  129  132  138  136  131  131  132  130  128  126  125  124  123  122  121   3090
               529   120  119  119  118  117  118  120  122  129  133  138  142  132  125  124  123  122  121  120  119  118  117  116  116   2948
               530   117  117  117  116  130  138  133  123  128  136  138  136  131  134  135  137  127  124  122  121  123  138  142  141   3104
               531   141  142  141  139  140  141  142  143  144  144  145  145  146  147  149  150  151  151  152  152  152  152  153  152   3514
              ------------------------------------------------------------------------------------------------------------------------------------
              TOTAL 3909 3942 3964 3920 3915 3905 3930 3965 3983 4027 4066 4076 4065 4067 4043 4041 3985 3940 3921 3917 3898 3891 3877 3898  95034
              MEAN   126  127  128  126  126  126  127  128  128  130  131  131  131  131  130  130  129  127  126  126  126  126  125  126   3066
              MAX    149  142  143  147  144  146  147  148  148  147  151  154  153  151  152  150  151  151  152  152  152  152  153  152   3514
                N     31   31   31   31   31   31   31   31   31   30   31   31   31   31   31   31   31   31   31   31   31   31   31   31     30
              NOTE                                                 *)                                                                           *)
                                                                                                                                                  
                   *): WITH MISSING DATA; TOTAL,MEAN,MAXIMUM ESTIMATED                                                                            
                                                                                                                                                  
                                                                                                                                                  
