                                                                                                                                                  
                                                                                                                                                  
                                                               *******************************                                                    
                                                                 DOWNWARD LONGWAVE RADIATION                                                      
                                                               *******************************                                                    
                                                                                                                  COUNTRY = JAPAN                 
                                                                                                                                                  
                                                                                                                                                  
                                                                     UNIT  = 0.01 MJ/m**2                                                         
                        STATION    : Tateno                                                                                                       
                        STATION NO.: 47646                                                                                                        
                        LOCATION   : 140ﾟ08' E                                                                                                    
                                      36ﾟ03' N                                                                                                    
                        ALTITUDE   :   25.2  m                                                                                                    
                        YEAR/MONTH : 2004/04                                                                                                      
                                                                                                                                                  
              DATE   -01  -02  -03  -04  -05  -06  -07  -08  -09  -10  -11  -12  -13  -14  -15  -16  -17  -18  -19  -20  -21  -22  -23  -24  TOTAL
                                                                                                                                                  
               4 1   118  108  103  101  100  100   91   94   96   97   98   99  101  103  104  106  110  107  107  113  122  122  128  132   2560
               4 2   132  132  134  134  130  129  130  129  128  130  134  136  138  140  131  129  118  113  104   99   98   97   96   95   2936
               4 3    95   94   94   94   93   93   94   95   97   99  101  103  105  106  108  111  110  108  106  103  102  103  104  113   2431
               4 4   117  116  121  122  121  121  121  121  120  120  120  120  120  119  118  119  118  118  117  116  116  116  117  117   2851
               4 5   116  115  114  114  113  113  103   91   93   96   96   97   98  100  101   98   98   96   96   95   95   96   96   96   2426
               4 6    97   97   97   97   96   96   96   97  100  102  106  109  110  111  114  115  114  115  111  109  107  107  106  105   2514
               4 7   105  106  111  111  111  112  111  107  108  110  112  115  116  116  114  115  116  117  117  119  120  119  121  121   2730
               4 8   120  124  128  127  128  127  125  125  121  109  102  102  105  106  103  105   98   97   96   96   97   96  103  100   2640
               4 9   118  120  121  119  119  120  113  107  102  107  105  106  108  109  113  114  113  111  110  109  108  107  106  106   2671
               410   105  104  103  102  101   99   98  100  103  104  106  109  112  113  112  111  109  110  115  113  110  114  110  107   2570
               411   108  108  109  113  114  113  114  117  123  121  124  126  125  119  122  126  124  123  122  115  112  110  109  108   2805
               412   108  108  108  108  107  107  108  110  113  114  116  118  119  120  122  123  126  126  124  125  126  124  123  122   2805
               413   118  111  106  111  116  115  123  124  124  124  124  125  125  125  125  125  124  124  123  123  123  123  123  123   2907
               414   123  125  126  126  127  127  127  127  119  125  129  131  131  131  132  132  132  131  132  132  132  132  126  113   3068
               415   107  105  101   98  103  117  117  100   99  102  105  108  109  108  108  107  106  106  103  103  109  113  116  112   2562
               416   115  117  117  117  115  111  111  107  109  114  114  114  112  111  110  111  111  112  112  113  113  112  112  112   2702
               417   111  110  110  109  108  108  109  111  115  118  122  124  127  129  129  128  123  121  117  114  110  106  103  102   2764
               418   102  100   99   99   99   99  100  102  104  106  109  111  114  118  120  121  120  119  118  118  116  116  115  115   2640
               419   114  115  117  117  121  127  130  132  134  133  140  138  140  140  138  138  138  139  139  140  140  140  140  138   3188
               420   142  144  145  145  141  140  139  140  135  121  122  125  128  131  131  136  132  127  120  115  110  107  101   99   3076
               421    98   98   98   98   98   99  100  101  104  108  110  112  114  119  118  116  115  115  116  117  119  117  118  119   2627
               422   119  116  114  115  115  115  116  116  116  118  120  123  125  123  125  126  125  124  122  120  118  118  118  119   2866
               423   118  119  116  118  121  124  126  128  131  130  130  128  125  122  126  119  128  130  128  126  124  114  122  121   2974
               424   120  118  100   97   92   92   93   94   96   97   98   98   97  112  117  118  121  113   96   93   92   92   92   92   2430
               425    91   90   88   87   87   87   89   90   92   94   96   97   98   98  100  101  101  103  104  103  102  102  101  100   2301
               426    99   99   99  100   98   99   98  102  105  107  109  111  114  114  114  109  111  113  121  120  116  123  127  131   2639
               427   132  131  129  130  132  134  134  135  137  138  141  142  144  145  146  147  149  150  148  141  138  129  126  126   3304
               428   121  117  117  113  113  117  132  120  131  126  127  127  119  114  127  120  111  107  103  102  107  101  100  102   2774
               429   112  113  110  110  117   99   96   97   99  101  103  105  107  108  110  110  109  109  106  105  104  104  104  104   2542
               430   104  104  105  106  103  103  104  107  109  112  115  119  124  123  125  130  129  132  131  127  124  120  119  122   2797
              ------------------------------------------------------------------------------------------------------------------------------------
              TOTAL 3385 3364 3340 3338 3339 3343 3348 3326 3363 3383 3434 3478 3510 3533 3563 3566 3539 3516 3464 3424 3410 3380 3382 3372  82100
              MEAN   113  112  111  111  111  111  112  111  112  113  114  116  117  118  119  119  118  117  115  114  114  113  113  112   2737
              MAX    142  144  145  145  141  140  139  140  137  138  141  142  144  145  146  147  149  150  148  141  140  140  140  138   3304
                N     30   30   30   30   30   30   30   30   30   30   30   30   30   30   30   30   30   30   30   30   30   30   30   30     30
              NOTE                                                                                                                                
                                                                                                                                                  
                   *): WITH MISSING DATA; TOTAL,MEAN,MAXIMUM ESTIMATED                                                                            
                                                                                                                                                  
                                                                                                                                                  
                                                                                                                                                  
