                                                                                                                                                  
                                                                                                                                                  
                                                               *******************************                                                    
                                                                 DOWNWARD LONGWAVE RADIATION                                                      
                                                               *******************************                                                    
                                                                                                                  COUNTRY = JAPAN                 
                                                                                                                                                  
                                                                                                                                                  
                                                                     UNIT  = 0.01 MJ/m**2                                                         
                        STATION    : Tateno                                                                                                       
                        STATION NO.: 47646                                                                                                        
                        LOCATION   : 140ﾟ08' E                                                                                                    
                                      36ﾟ03' N                                                                                                    
                        ALTITUDE   :   25.2  m                                                                                                    
                        YEAR/MONTH : 2004/02                                                                                                      
                                                                                                                                                  
              DATE   -01  -02  -03  -04  -05  -06  -07  -08  -09  -10  -11  -12  -13  -14  -15  -16  -17  -18  -19  -20  -21  -22  -23  -24  TOTAL
                                                                                                                                                  
               2 1    82   82   82   82   82   81   81   81   82   84   85   88   93   92   94   96  102  110  105  101  103  105  117  118   2228
               2 2   118  118  114  108  103  116  116  117  118  119  120  121  121  121  120  120  118  121  121  120  120  120  116  114   2820
               2 3    99  103  105  106  110  107  112  112  114  119  117  115  118  123  122  120  119  119  119  118  117  117  116  115   2742
               2 4   111  108  106   93   85   86   81   80   81   83   84   84   85   87   89   89   89   90   89   90   88   84   83   83   2128
               2 5    83   82   83   82   82   81   80   80   81   82   84   86   91   95   99  101   90   86   85   90   83   81   80   80   2047
               2 6    79   78   78   78   78   78   78   78   79   81   81   82   83   84   85   85   86   86   86   86   86   85   83   82   1965
               2 7    81   80   80   80   81   79   79   78   80   81   82   82   83   87   97   94   93   85   84   82   81   81   80   79   1989
               2 8    79   79   78   78   78   78   77   77   79   80   83   85   87   89   89   90   89   89   89   88   87   87   86   84   2005
               2 9    83   84   84   83   81   81   81   82   84   85   88   89   97  100  103  106  107  111  105   99   98   96   88   85   2200
               210    82   80   79   78   77   77   77   78   80   81   82   84   84   85   85   84   84   84   84   84   84   84   84   83   1964
               211    83   83   83   82   85  105  106   92   97  106   95   94   92   92   93   93   92   95   96  100   91   90   90   89   2224
               212    88   87   86   85   84   84   84   84   85   87   89   92   93   93   95   97  106  113  114  110  107   95   94   97   2249
               213    95   89   87   85   83   83   83   83   85   86   87   89   89   92   95   98   97   95   97  101  113  115  113  119   2259
               214   118  115  114  112  112  107  107  118  107  102   93   95   97   99  100  102  103  103  103  105  112  125  123  120   2592
               215   109   90   87   87   87   88   87   87   88   89   91   94   97  103   98   92   89   87   87   87   86   85   85   84   2164
               216    81   81   81   81   81   81   81   82   84   87   88   91   93   92   92   91   89   88   86   85   86   85   85   85   2056
               217    84   84   87  105  103  109  104  104   88   90   91   92   92   93   94   94   95   95   94   93   92   91   90   90   2254
               218    88   87   86   85   84   83   83   83   85   87   88   88   87   88   89   89   88   88   87   87   87   88   88   88   2081
               219   XXX  XXX  XXX  XXX  XXX  XXX  XXX  XXX   90   92   94   96   99  100  101  101  101  102  102  100   99   97   95   95   XXXX
               220    97   94   95   96   94  101  101   91   91   97  110  105  101   95   93   92   92   91   91   94  118  119  120  120   2398
               221   120  116  118  108  104   95   94   94   95   96   98  103  108  111  116  118  118  115  114  111  106  106  105  104   2573
               222   103  102  104  106  111  118  103  101  116  100  106  112  118  120  124  120  120  126  127  128  135  137  139  139   2815
               223   141  137  124  104  101   99   96   94   93   93   94   94   93   92   92   91   89   87   86   85   84   84   84   84   2321
               224    83   83   83   82   81   81   81   82   83   86   90   96   99  104  112  108  106  104  110  106  104  105  109  109   2287
               225   110  109  104   97   94  101  103  102  103  100  102  101  101  104  103  101   99   99   99   99   98   97   97   96   2419
               226    96   94   93   92   92   91   91   92   94   96   99  101  103  105  113  112  118  111   94   92   88   93   96   87   2343
               227    92   84   80   79   79   79   79   79   81   82   84   86   90   96   90   91   89   87   87   88   87   87   86   86   2048
               228    86   86   86   85   84   85   85   86   89   89   91   93   96  103  108  111  105   98  100  106   94   93   93   93   2245
               229   100  107  106  108  114  116  117  117  110  115  122  123  122  122  117  114  108  106  105  103  103  103  101   99   2658
              ------------------------------------------------------------------------------------------------------------------------------------
              TOTAL 2767 2714 2685 2639 2622 2662 2639 2625 2642 2675 2718 2761 2812 2867 2908 2900 2881 2871 2846 2838 2837 2835 2826 2807  66364
              MEAN    95   94   93   91   90   92   91   91   91   92   94   95   97   99  100  100   99   99   98   98   98   98   97   97   2288
              MAX    141  137  124  112  114  118  117  118  118  119  122  123  122  123  124  120  120  126  127  128  135  137  139  139   2820
                N     28   28   28   28   28   28   28   28   29   29   29   29   29   29   29   29   29   29   29   29   29   29   29   29     28
              NOTE    *)   *)   *)   *)   *)   *)   *)   *)                                                                                     *)
                                                                                                                                                  
                   *): WITH MISSING DATA; TOTAL,MEAN,MAXIMUM ESTIMATED                                                                            
                                                                                                                                                  
                                                                                                                                                  
                                                                                                                                                  
                                                                                                                                                  
