                                                                                                                                                  
                                                                                                                                                  
                                                               *******************************                                                    
                                                                 DOWNWARD LONGWAVE RADIATION                                                      
                                                               *******************************                                                    
                                                                                                                  COUNTRY = JAPAN                 
                                                                                                                                                  
                                                                                                                                                  
                                                                     UNIT  = 0.01 MJ/m**2                                                         
                        STATION    : Tateno                                                                                                       
                        STATION NO.: 47646                                                                                                        
                        LOCATION   : 140ﾟ08' E                                                                                                    
                                      36ﾟ03' N                                                                                                    
                        ALTITUDE   :   25.2  m                                                                                                    
                        YEAR/MONTH : 2004/10                                                                                                      
                                                                                                                                                  
              DATE   -01  -02  -03  -04  -05  -06  -07  -08  -09  -10  -11  -12  -13  -14  -15  -16  -17  -18  -19  -20  -21  -22  -23  -24  TOTAL
                                                                                                                                                  
              10 1   117  116  114  113  113  112  112  113  115  118  121  120  120  120  120  118  118  117  117  117  117  117  117  129   2811
              10 2   139  132  119  119  118  117  117  119  121  123  125  127  129  131  135  134  134  134  133  132  131  132  135  136   3072
              10 3   147  150  149  149  147  146  145  144  143  143  144  144  144  144  143  142  142  142  142  142  141  141  140  140   3454
              10 4   140  141  140  140  139  140  140  140  140  140  141  141  141  142  142  142  142  142  143  143  142  141  141  141   3384
              10 5   141  141  141  141  141  141  141  141  141  141  141  142  142  142  142  142  142  142  141  142  142  143  143  142   3398
              10 6   140  139  139  139  139  139  137  137  120  122  135  132  145  143  130  122  120  120  120  119  118  118  116  113   3102
              10 7   112  112  110  109  109  109  110  111  112  114  118  118  120  124  123  122  118  121  119  114  113  112  111  113   2754
              10 8   112  111  112  119  122  129  131  133  133  136  140  138  137  138  140  140  141  141  141  142  141  140  141  142   3200
              10 9   144  143  143  144  145  145  146  145  144  143  143  144  145  146  146  144  144  144  145  144  134  133  141  142   3437
              1010   142  142  142  141  142  141  142  142  142  143  143  144  145  145  145  145  144  143  142  143  143  143  143  143   3430
              1011   143  143  143  142  143  141  143  143  144  144  144  145  146  146  146  146  146  146  146  146  146  141  144  144   3461
              1012   139  130  132  139  139  139  139  140  142  145  143  138  147  148  147  147  147  147  147  149  148  147  147  147   3433
              1013   148  148  146  146  147  146  145  143  143  144  144  143  142  142  141  141  139  138  135  137  138  133  132  136   3397
              1014   132  129  115  111  122  114  121  128  125  136  136  139  139  137  137  136  128  121  120  115  115  123  125  135   3039
              1015   133  118  108  105  103  103  103  104  105  107  108  110  112  112  113  114  112  112  111  111  111  111  110  112   2648
              1016   116  119  118  120  119  119  119  119  120  121  122  123  123  124  124  122  121  119  116  118  119  116  110  108   2855
              1017   107  107  106  105  102  100  100  101  101  102  103  105  107  108  107  107  106  106  105  105  104  104  104  104   2506
              1018   103  103  103  103  103  102  104  109  110  113  112  114  115  115  116  116  114  115  112  112  117  119  120  127   2677
              1019   134  131  132  135  136  137  132  135  136  138  139  138  137  140  141  140  138  138  140  142  141  141  141  141   3303
              1020   141  142  143  143  144  143  143  143  143  143  143  143  143  143  143  143  142  141  141  142  143  149  153  148   3445
              1021   146  141  146  149  145  143  139  137  137  136  137  138  138  138  130  122  118  116  114  113  112  112  112  111   3130
              1022   111  111  111  126  124  121  128  133  134  133  130  122  126  126  124  123  122  120  119  118  119  118  117  120   2936
              1023   120  114  117  114  118  117  108  108  109  110  111  114  125  132  128  126  125  120  116  118  124  131  115  113   2833
              1024   106  109  107  102  104  102  101  102  103  104  106  107  114  111  114  110  112  129  134  134  135  135  136  136   2753
              1025   136  134  136  137  137  137  137  137  138  138  138  139  139  127  120  120  120  120  120  122  121  131  132  128   3144
              1026   131  132  134  132  137  136  133  136  136  137  137  135  133  134  134  134  133  133  133  133  133  133  132  130   3211
              1027   129  127  127  125  105  102  101   99  104  121  109  118  124  125  123  117  112  122  123  122  122  121  109   96   2783
              1028    95   95   96   94   94   93   93   94   96   97   98   99  100  100  101  100  100   99   99   98   98   98   98   98   2333
              1029    97   96   96   96   96   95   95   96   99  101  103  104  106  108  108  107  106  107  107  106  106  112  111  112   2470
              1030   113  116  118  120  127  132  132  130  131  131  132  132  132  133  134  135  135  134  133  137  137  140  141  139   3144
              1031   138  140  141  140  140  140  139  139  141  142  136  135  130  144  145  140  129  133  132  130  142  143  143  144   3326
              ------------------------------------------------------------------------------------------------------------------------------------
              TOTAL 3952 3912 3884 3898 3900 3881 3876 3901 3908 3966 3982 3991 4046 4068 4042 3997 3950 3962 3946 3946 3953 3978 3960 3970  94869
              MEAN   127  126  125  126  126  125  125  126  126  128  128  129  131  131  130  129  127  128  127  127  128  128  128  128   3060
              MAX    148  150  149  149  147  146  146  145  144  145  144  145  147  148  147  147  147  147  147  149  148  149  153  148   3461
                N     31   31   31   31   31   31   31   31   31   31   31   31   31   31   31   31   31   31   31   31   31   31   31   31     31
              NOTE                                                                                                                                
                                                                                                                                                  
                   *): WITH MISSING DATA; TOTAL,MEAN,MAXIMUM ESTIMATED                                                                            
                                                                                                                                                  
                                                                                                                                                  
