                                                                                                                                                  
                                                                                                                                                  
                                                               *******************************                                                    
                                                                 DOWNWARD LONGWAVE RADIATION                                                      
                                                               *******************************                                                    
                                                                                                                  COUNTRY = JAPAN                 
                                                                                                                                                  
                                                                                                                                                  
                                                                     UNIT  = 0.01 MJ/m**2                                                         
                        STATION    : Tateno                                                                                                       
                        STATION NO.: 47646                                                                                                        
                        LOCATION   : 140ﾟ08' E                                                                                                    
                                      36ﾟ03' N                                                                                                    
                        ALTITUDE   :   25.2  m                                                                                                    
                        YEAR/MONTH : 2004/09                                                                                                      
                                                                                                                                                  
              DATE   -01  -02  -03  -04  -05  -06  -07  -08  -09  -10  -11  -12  -13  -14  -15  -16  -17  -18  -19  -20  -21  -22  -23  -24  TOTAL
                                                                                                                                                  
               9 1   142  140  141  137  136  136  136  145  142  141  143  145  147  150  151  152  152  153  151  151  150  151  155  155   3502
               9 2   153  153  157  153  147  143  145  138  143  140  142  145  151  148  146  142  148  155  154  155  154  153  153  152   3570
               9 3   153  152  151  152  151  146  147  145  145  151  146  148  149  145  151  156  147  141  146  146  141  142  149  147   3547
               9 4   152  151  151  144  150  152  154  154  152  154  155  156  155  156  156  154  157  156  156  152  150  148  148  147   3660
               9 5   147  148  149  150  147  146  147  149  148  149  152  152  151  150  151  149  148  151  152  153  153  153  153  153   3601
               9 6   152  152  147  152  149  150  153  153  154  154  151  154  158  157  154  152  151  148  148  148  148  147  145  146   3623
               9 7   147  145  145  144  145  144  145  147  148  155  157  156  156  156  152  157  149  157  153  154  155  160  158  161   3646
               9 8   161  157  157  159  157  147  147  147  152  151  151  150  149  149  149  149  148  146  143  141  141  141  142  153   3587
               9 9   146  149  143  140  135  137  136  144  143  138  139  139  139  140  140  140  140  143  145  146  151  151  151  150   3425
               910   148  150  150  146  147  136  134  135  141  142  142  145  146  150  153  152  152  150  149  149  148  149  144  147   3505
               911   146  148  149  146  145  147  147  147  146  141  138  142  140  137  136  133  134  131  130  132  135  145  145  145   3385
               912   145  140  128  127  127  127  128  129  131  132  134  137  140  139  139  138  137  135  134  134  134  136  138  139   3228
               913   133  144  147  150  150  150  150  149  137  140  147  151  150  152  146  144  143  142  142  142  144  141  140  139   3473
               914   139  140  140  140  142  143  147  147  147  147  151  155  150  150  151  148  145  142  145  141  138  133  130  128   3439
               915   126  125  122  120  119  116  116  117  118  119  120  122  124  122  122  122  120  119  117  116  115  115  115  114   2861
               916   114  113  113  113  112  113  112  115  118  119  121  123  125  127  127  126  127  124  124  124  125  125  126  126   2892
               917   126  127  127  129  130  140  133  133  135  138  151  153  153  153  146  149  145  142  141  141  140  140  139  139   3350
               918   138  138  138  142  139  148  150  145  150  151  154  153  150  147  144  147  146  142  146  139  138  137  136  136   3454
               919   135  135  136  137  138  137  137  138  140  143  145  150  154  150  148  145  144  143  142  142  142  141  140  140   3402
               920   139  145  143  151  145  146  150  148  152  152  154  156  156  150  148  145  143  142  143  143  141  141  142  142   3517
               921   141  141  140  141  144  147  142  141  142  143  144  143  144  145  151  155  153  146  144  144  143  142  141  139   3456
               922   139  140  140  140  139  140  140  144  149  155  155  154  156  153  149  147  146  148  151  152  150  145  147  149   3528
               923   149  149  145  134  131  141  137  136  143  150  148  152  149  143  138  144  149  150  148  147  142  146  148  145   3464
               924   139  147  148  147  146  148  148  149  149  150  151  152  149  147  143  149  152  148  151  151  151  151  150  151   3567
               925   151  152  152  152  151  147  150  152  153  153  154  155  155  154  144  145  152  154  152  151  152  152  152  152   3637
               926   151  150  149  149  148  150  150  150  150  149  149  148  147  147  147  147  146  146  145  145  145  145  146  145   3544
               927   145  145  145  146  145  145  145  146  146  147  147  148  148  147  147  147  147  146  147  146  144  146  145  145   3505
               928   145  144  145  145  145  145  145  145  148  146  148  149  149  142  139  137  139  136  133  132  137  136  134  130   3394
               929   XXX  138  140  138  139  142  141  142  145  144  149  149  149  148  148  147  149  149  149  150  150  151  153  151   XXXX
               930   151  151  152  156  145  141  142  145  150  150  147  139  137  144  140  144  138  128  124  123  122  120  117  115   3321
              ------------------------------------------------------------------------------------------------------------------------------------
              TOTAL 4296 4309 4290 4280 4244 4250 4254 4275 4317 4344 4385 4421 4426 4398 4356 4362 4347 4313 4305 4290 4279 4283 4282 4281 103533
              MEAN   143  144  143  143  141  142  142  143  144  145  146  147  148  147  145  145  145  144  144  143  143  143  143  143   3451
              MAX    161  157  157  159  157  152  154  154  154  155  157  156  158  157  156  157  157  157  156  155  155  160  158  161   3660
                N     29   30   30   30   30   30   30   30   30   30   30   30   30   30   30   30   30   30   30   30   30   30   30   30     29
              NOTE    *)                                                                                                                        *)
                                                                                                                                                  
                   *): WITH MISSING DATA; TOTAL,MEAN,MAXIMUM ESTIMATED                                                                            
                                                                                                                                                  
                                                                                                                                                  
                                                                                                                                                  
