                                                                                                                                                  
                                                                                                                                                  
                                                               *******************************                                                    
                                                                 DOWNWARD LONGWAVE RADIATION                                                      
                                                               *******************************                                                    
                                                                                                                  COUNTRY = JAPAN                 
                                                                                                                                                  
                                                                                                                                                  
                                                                     UNIT  = 0.01 MJ/m**2                                                         
                        STATION    : Tateno                                                                                                       
                        STATION NO.: 47646                                                                                                        
                        LOCATION   : 140ﾟ08' E                                                                                                    
                                      36ﾟ03' N                                                                                                    
                        ALTITUDE   :   25.2  m                                                                                                    
                        YEAR/MONTH : 2004/07                                                                                                      
                                                                                                                                                  
              DATE   -01  -02  -03  -04  -05  -06  -07  -08  -09  -10  -11  -12  -13  -14  -15  -16  -17  -18  -19  -20  -21  -22  -23  -24  TOTAL
                                                                                                                                                  
               7 1   142  148  144  141  141  139  139  140  140  140  139  138  137  136  135  132  131  129  127  126  125  124  123  122   3238
               7 2   121  120  119  119  118  118  119  120  123  125  127  128  128  129  128  129  130  129  127  127  126  126  125  125   2986
               7 3   126  126  125  125  125  125  125  126  128  130  132  132  131  132  130  130  129  129  129  127  131  131  129  128   3081
               7 4   126  126  126  126  125  126  128  130  132  134  137  139  139  140  142  142  142  142  142  145  157  156  156  155   3313
               7 5   156  156  155  156  156  156  157  157  159  160  158  155  154  160  156  157  154  156  155  153  151  153  150  154   3734
               7 6   153  154  156  155  157  159  159  159  161  162  160  160  155  155  152  151  152  150  148  147  146  145  144  143   3683
               7 7   142  142  142  142  142  142  144  146  148  150  152  153  153  153  152  152  154  154  153  152  149  148  147  147   3559
               7 8   145  144  144  143  142  149  155  153  145  145  149  154  156  158  157  156  154  153  152  150  146  144  143  142   3579
               7 9   144  143  146  146  146  154  152  148  149  152  155  157  159  161  159  157  154  152  151  150  155  159  149  146   3644
               710   151  157  160  160  159  156  155  152  156  156  154  156  153  156  156  155  152  154  155  152  146  147  144  150   3692
               711   144  141  139  139  140  140  143  143  145  151  145  150  152  152  144  142  147  151  144  137  142  136  135  134   3436
               712   134  133  143  137  135  132  137  137  139  141  141  142  143  144  148  149  150  151  148  150  150  151  151  151   3437
               713   153  146  139  139  143  139  141  144  150  146  149  152  155  158  159  159  150  144  142  141  140  138  141  143   3511
               714   139  144  150  149  149  149  149  150  151  153  154  153  149  152  150  147  154  153  148  144  142  141  140  140   3550
               715   138  137  138  140  138  136  137  139  139  141  142  145  147  148  150  155  154  148  145  148  145  144  152  155   3461
               716   156  156  156  156  156  156  157  154  146  143  146  156  161  163  161  159  160  156  156  151  144  153  147  150   3699
               717   143  142  147  155  154  149  148  145  147  147  150  153  156  158  158  158  160  158  157  157  154  152  151  151   3650
               718   151  151  152  152  147  146  138  142  142  142  144  146  146  147  148  150  151  158  154  151  146  145  145  146   3540
               719   146  144  143  141  140  141  147  155  154  155  154  156  156  154  151  152  153  153  151  149  147  146  145  145   3578
               720   144  143  143  141  141  141  142  145  148  150  153  157  159  159  158  160  161  161  159  156  154  154  156  157   3642
               721   151  150  148  146  145  144  146  149  151  152  155  159  162  164  159  158  156  159  153  151  150  149  148  147   3652
               722   146  145  145  149  143  145  147  145  145  143  142  142  143  142  142  143  142  141  141  143  142  138  138  148   3440
               723   153  152  153  151  148  147  142  141  146  149  148  147  150  160  156  150  148  147  145  144  143  141  143  143   3547
               724   144  148  156  146  147  147  146  148  153  153  155  156  156  160  161  158  156  154  151  149  148  147  147  146   3632
               725   146  146  145  146  143  142  144  151  156  157  161  159  156  154  152  152  151  152  151  150  149  148  147  146   3604
               726   145  143  141  140  140  147  148  149  151  151  150  151  153  154  156  155  151  150  154  155  155  151  152  152   3594
               727   145  144  145  150  150  145  144  152  149  152  157  155  154  151  150  149  147  146  146  144  143  141  142  151   3552
               728   154  154  143  141  141  147  150  146  150  155  156  155  156  153  149  153  160  157  152  157  156  156  158  159   3658
               729   159  159  159  159  158  158  157  158  158  159  159  161  160  156  157  157  157  157  152  154  152  154  156  156   3772
               730   159  155  155  157  151  153  158  156  160  159  154  160  159  159  156  156  155  155  154  158  150  151  154  156   3740
               731   157  159  151  158  155  150  148  151  154  159  156  158  158  158  155  154  150  148  148  143  141  139  138  137   3625
              ------------------------------------------------------------------------------------------------------------------------------------
              TOTAL 4513 4508 4508 4505 4475 4478 4502 4531 4575 4612 4634 4685 4696 4726 4687 4677 4665 4647 4590 4561 4525 4508 4496 4525 109829
              MEAN   146  145  145  145  144  144  145  146  148  149  149  151  151  152  151  151  150  150  148  147  146  145  145  146   3543
              MAX    159  159  160  160  159  159  159  159  161  162  161  161  162  164  161  160  161  161  159  158  157  159  158  159   3772
                N     31   31   31   31   31   31   31   31   31   31   31   31   31   31   31   31   31   31   31   31   31   31   31   31     31
              NOTE                                                                                                                                
                                                                                                                                                  
                   *): WITH MISSING DATA; TOTAL,MEAN,MAXIMUM ESTIMATED                                                                            
                                                                                                                                                  
                                                                                                                                                  
