                                                                                                                                                  
                                                                                                                                                  
                                                               *******************************                                                    
                                                                 DOWNWARD LONGWAVE RADIATION                                                      
                                                               *******************************                                                    
                                                                                                                  COUNTRY = JAPAN                 
                                                                                                                                                  
                                                                                                                                                  
                                                                     UNIT  = 0.01 MJ/m**2                                                         
                        STATION    : Tateno                                                                                                       
                        STATION NO.: 47646                                                                                                        
                        LOCATION   : 140ﾟ08' E                                                                                                    
                                      36ﾟ03' N                                                                                                    
                        ALTITUDE   :   25.2  m                                                                                                    
                        YEAR/MONTH : 2004/03                                                                                                      
                                                                                                                                                  
              DATE   -01  -02  -03  -04  -05  -06  -07  -08  -09  -10  -11  -12  -13  -14  -15  -16  -17  -18  -19  -20  -21  -22  -23  -24  TOTAL
                                                                                                                                                  
               3 1    97   96  103  107  119  118  117  116  116  116  115  115  115  115  114  113   94  103  105   99   92   90   94   91   2560
               3 2    87   86   85   87   84   84   94   84   93  100  103  107  104  111  109   95   92   92   91   90   94  101   97   93   2263
               3 3    92   91   90   86   94  101  104   98   88   87   94   99   98   97   99  100  105  110  109  113  112  111  110  112   2400
               3 4   113  114  114  116  116  115  115  115  115  104   99   95   92   93  106  114  117  110  104   86   82   81   88   85   2489
               3 5    80   79   79   78   77   77   77   77   78   81   82   85   89   95  102   95   93   91   91   90   90   89   88   87   2050
               3 6    87   90   96  100  113  117  116  113  111  112   92   93  100  108   93   91   94  106  107  105  108  102  100   90   2444
               3 7    91   80   80   79   79   78   78   79   81   82   83   87   87   86   83   81   80   80   80   80   80   80   79   78   1951
               3 8    77   76   76   76   76   76   77   78   80   81   82   83   85   85   86   87   87   86   85   85   87   87   90   93   1981
               3 9    91   91   94   95   96   96   94   95  100   98   91   90   92   93  XXX  XXX  XXX  XXX   92   92   92   93   92   92   XXXX
               310    92   93   93   92   91   91   91   91   93   95   97   99  101  103  104  XXX  104  104  104  104  105  108  113  116   XXXX
               311   121  122  120  119  121  119  115  115  115  118  120  120  121  121  123  126  126  122  115  118  119  116  108  105   2845
               312   114  124  124  124  124  123  122  122  121  121  121  120  119  119  118  118  117  117  117  115  111  102   97   91   2801
               313    90   89   89   89   89   97  100   91   99   99   96   98   99  100  101  102  102  106  109   94   91   89   88   87   2294
               314    87   87   86   86   86   86   86   88   91   93   95   97   99  101  104  108  103  102  101  101   99   97   97   96   2276
               315    95   94   94   94   93   93   93  104   98   98  108  115  107  103  103  104  102  100   98   97   97   96   95   95   2376
               316    98   98   96  101   99   94   95   96   97   99  101  103  105  108  115  113  112  109  106  106  109  104  104  104   2472
               317   106  106  105  102  103  103  104  103  105  109  117  118  118  119  121  120  117  115  116  119  122  124  124  124   2720
               318   122  118  116  115  120  128  134  132  135  137  137  132  124  123  123  121  121  120  119  118  117  116  116  115   2959
               319   114  113  113  112  110  108  101   87   84   84   85   87   89   90   92   92   92   91   90   89   97  103  104  113   2340
               320   114  114  113  109  109  110  111  116  118  118  117  116  115  116  116  116  115  115  115  113  107  109   90  108   2700
               321   111  111  109  109  110  111  110  108  106   92   90   96   97   95   95   97   93   92   91   91   91   90   95   99   2389
               322   100  102  101  105  107  107  110  112  112  116  118  119  120  120  120  119  120  119  119  118  117  116  116  116   2729
               323   116  117  117  117  117  117  115  116  118  119  120  120  120  120  112  102  103  106  106  105  105  105  103  102   2698
               324    98   96   98   96   91   90   93  103  101  112  110  118  120  119  121  121  122  121  120  121  121  122  122  122   2658
               325   120  121  122  121  123  123  123  124  125  126  122  125  129  129  129  128  126  126  123  126  126  126  126  126   2995
               326   126  125  124  124  122  121  121  120  121  120  119  114   98  103  109  119  110  105   95   90   88   86   85   85   2630
               327    85   85   85   85   85   85   86   87   88   90   91   92   95   95   96   98   99   98   98   99  100   98  103  103   2226
               328    94   92   91   89   89   88   87   88   90   92   95   98   99  100  101  102  101  100  100  100  100  100  100  100   2296
               329   101  112  112  103  104  106  102  101  101  103  105  109  110  112  114  113  117  115  119  117  117  117  113  112   2635
               330   112  109  111  112  117  111  117  119  120  123  131  134  134  132  136  137  136  135  135  137  138  139  139  139   3053
               331   139  138  134  125  113  110  109  110  111  113  114  126  137  136  135  132  117  108  117  125  127  126  125  123   2950
              ------------------------------------------------------------------------------------------------------------------------------------
              TOTAL 3170 3169 3170 3153 3177 3183 3197 3188 3211 3238 3250 3310 3318 3347 3388 3382 3323 3311 3277 3243 3241 3223 3201 3202  78225
              MEAN   102  102  102  102  102  103  103  103  104  104  105  107  107  108  109  109  107  107  106  105  105  104  103  103   2523
              MAX    139  138  134  125  124  128  134  132  135  137  137  134  137  136  136  137  136  135  135  137  138  139  139  139   3053
                N     31   31   31   31   31   31   31   31   31   31   31   31   31   31   30   29   30   30   31   31   31   31   31   31     29
              NOTE                                                                          *)   *)   *)   *)                                   *)
                                                                                                                                                  
                   *): WITH MISSING DATA; TOTAL,MEAN,MAXIMUM ESTIMATED                                                                            
                                                                                                                                                  
                                                                                                                                                  
