                                                                                                                                                  
                                                                                                                                                  
                                                               *******************************                                                    
                                                                 DOWNWARD LONGWAVE RADIATION                                                      
                                                               *******************************                                                    
                                                                                                                  COUNTRY = JAPAN                 
                                                                                                                                                  
                                                                                                                                                  
                                                                     UNIT  = 0.01 MJ/m**2                                                         
                        STATION    : Tateno                                                                                                       
                        STATION NO.: 47646                                                                                                        
                        LOCATION   : 140ﾟ08' E                                                                                                    
                                      36ﾟ03' N                                                                                                    
                        ALTITUDE   :   25.2  m                                                                                                    
                        YEAR/MONTH : 2004/11                                                                                                      
                                                                                                                                                  
              DATE   -01  -02  -03  -04  -05  -06  -07  -08  -09  -10  -11  -12  -13  -14  -15  -16  -17  -18  -19  -20  -21  -22  -23  -24  TOTAL
                                                                                                                                                  
              11 1   144  144  144  143  143  143  142  141  143  145  145  145  145  145  142  141  139  144  138  139  140  133  138  140   3406
              11 2   145  131  142  139  143  143  142  143  143  144  137  131  128  125  122  125  125  132  129  131  122  121  117  117   3177
              11 3   125  134  127  129  136  126  125  133  127  125  133  129  126  128  125  122  120  118  114  111  111  111  112  117   2964
              11 4   119  117  109  106  105  103  103  104  106  XXX  XXX  XXX  XXX  XXX  113  113  113  114  132  130  118  118  114  116   XXXX
              11 5   108  107  106  106  105  105  103  104  105  107  108  109  111  113  115  115  117  124  115  115  115  120  122  126   2681
              11 6   129  125  130  120  126  135  127  119  123  138  138  129  128  131  122  120  118  117  116  116  116  115  114  113   2965
              11 7   113  111  111  116  109  109  108  110  111  114  117  120  117  116  116  120  114  114  112  113  113  119  131  130   2764
              11 8   122  125  110  112  128  128  123  122  119  113  123  131  116  124  124  116  113  112  112  111  111  119  115  111   2840
              11 9   110  110  109  108  108  108  107  107  108  111  113  113  115  116  116  115  114  113  112  112  112  112  111  111   2671
              1110   110  110  109  108  107  106  106  107  108  111  112  114  114  114  115  115  114  115  116  117  117  126  136  138   2745
              1111   137  129  121  121  122  118  115  117  123  128  137  140  136  134  138  139  139  140  139  139  139  140  139  140   3170
              1112   142  145  145  148  147  144  142  141  139  139  141  142  140  136  136  139  139  138  127  117  115  114  116  116   3248
              1113   107  108  106  103  100   97   96   96   97   99  108  116  125  128  127  123  126  127  127  124  121  126  122  128   2737
              1114   131  132  132  132  130  130  130  129  129  130  130  130  131  131  131  129  130  132  131  130  128  132  132  128   3130
              1115   129  130  129  131  129  130  132  132  132  132  132  132  133  134  134  128  114  131  111  107  106  105  111  112   2996
              1116   125  127  112  107  105  111  109  100  100  104  120  122  115  110  103  103  103  102  102  102  102  101   99   98   2582
              1117    98   97   97   96   96   97   99   99  102  109  111  111  116  114  110  109  108  106  106  106  106  105  105  109   2512
              1118   113  115  116  122  124  124  127  126  127  129  128  131  133  134  133  133  133  134  133  133  133  133  133  133   3080
              1119   133  133  133  134  134  134  135  135  135  135  136  136  135  135  134  134  133  133  132  131  131  131  131  130   3203
              1120   130  130  128  129  129  126  124  117  108  113  112  108  108  110  110  109  110  109  120  122  124  122  121  126   2845
              1121   129  125  107  103  101   99   99   99  100  103  105  107  114  113  118  109  107  106  108  111  107  117  110  108   2605
              1122   123  121  115  102   99   99   99   99  100  102  103  105  105  106  106  105  104  104  104  103  104  103  103  103   2517
              1123   102  101  101  100   99   98   97   97   98  100  103  105  106  107  107  107  107  107  107  106  106  107  108  105   2481
              1124   103  103  103  103  103  103  103  106  114  108  111  109  109  108  108  108  105  105  106  107  106  104  104  103   2542
              1125   102  103  104  103  102  101  100  101  102  104  106  107  107  106  105  104  102  100   99   98   98   97   97   97   2445
              1126    97   97  100   97   97  117  118  120  123  125  119  126  129  121  116  120  126  124  121  116  114  110  113  126   2772
              1127   123  120  118  111  109  103   99   98   98   99  100  101  103  103  103  103  102  101  101  101  100  100   99   99   2494
              1128    98   97   97   96   95   95   94   95   97   99  100  102  103  104  103  103  110  113  103  112  106  108  108  114   2452
              1129   108   99   99  101  101  106  103  101  100  104  104  112  102  103  100  102  105  115  121  110  107   98   97   96   2494
              1130    95   95   95   95  107  120  118  122  120  122  115   98  100   98   98   98   97   97   96   95   95   95   95   96   2462
              ------------------------------------------------------------------------------------------------------------------------------------
              TOTAL 3550 3521 3455 3421 3439 3458 3425 3420 3437 3510 3567 3579 3570 3567 3530 3507 3487 3527 3490 3465 3423 3442 3453 3486  83772
              MEAN   118  117  115  114  115  115  114  114  115  117  119  119  119  119  118  117  116  118  116  116  114  115  115  116   2792
              MAX    145  145  145  148  147  144  142  143  143  145  145  145  145  145  142  141  139  144  139  139  140  140  139  140   3406
                N     30   30   30   30   30   30   30   30   30   29   29   29   29   29   30   30   30   30   30   30   30   30   30   30     29
              NOTE                                                 *)   *)   *)   *)   *)                                                       *)
                                                                                                                                                  
                   *): WITH MISSING DATA; TOTAL,MEAN,MAXIMUM ESTIMATED                                                                            
                                                                                                                                                  
                                                                                                                                                  
                                                                                                                                                  
