                                                                                                                                                  
                                                                                                                                                  
                                                               *******************************                                                    
                                                                 DOWNWARD LONGWAVE RADIATION                                                      
                                                               *******************************                                                    
                                                                                                                  COUNTRY = JAPAN                 
                                                                                                                                                  
                                                                                                                                                  
                                                                     UNIT  = 0.01 MJ/m**2                                                         
                        STATION    : Tateno                                                                                                       
                        STATION NO.: 47646                                                                                                        
                        LOCATION   : 140ﾟ08' E                                                                                                    
                                      36ﾟ03' N                                                                                                    
                        ALTITUDE   :   25.2  m                                                                                                    
                        YEAR/MONTH : 2004/08                                                                                                      
                                                                                                                                                  
              DATE   -01  -02  -03  -04  -05  -06  -07  -08  -09  -10  -11  -12  -13  -14  -15  -16  -17  -18  -19  -20  -21  -22  -23  -24  TOTAL
                                                                                                                                                  
               8 1   138  137  137  136  136  137  138  140  142  144  145  147  150  150  148  144  143  140  139  138  136  134  134  135   3368
               8 2   135  135  134  134  133  134  136  138  144  146  147  151  154  152  148  152  150  143  140  140  138  135  133  133   3385
               8 3   133  133  135  136  141  150  150  144  148  155  156  161  160  162  161  159  158  151  147  145  143  140  141  141   3550
               8 4   139  137  139  141  146  144  147  155  153  153  159  158  157  155  153  152  160  154  150  145  141  141  142  144   3565
               8 5   144  144  143  144  144  146  147  152  153  155  159  161  161  161  160  157  159  152  152  150  153  159  159  160   3675
               8 6   160  159  157  156  159  159  149  156  157  161  159  160  161  156  155  154  154  152  152  153  154  155  154  153   3745
               8 7   152  152  151  150  150  156  160  160  159  160  162  161  160  162  162  159  162  157  155  152  147  147  151  151   3738
               8 8   156  146  155  150  151  149  148  155  151  154  154  153  152  150  149  149  149  148  146  143  141  138  138  138   3563
               8 9   138  137  136  136  135  136  137  141  154  154  149  151  154  150  147  146  145  144  143  142  142  145  145  142   3449
               810   141  141  146  149  146  141  142  143  145  147  151  151  153  154  154  152  152  158  155  153  152  157  157  148   3588
               811   146  147  145  148  152  152  156  154  156  155  156  153  145  142  141  141  142  141  140  140  139  146  139  139   3515
               812   138  140  140  136  134  135  136  138  139  143  144  146  147  148  152  153  151  148  144  142  143  142  142  141   3422
               813   141  141  139  138  139  146  140  140  142  145  148  151  154  153  156  158  152  148  143  142  143  143  142  141   3485
               814   140  140  139  139  139  138  140  141  145  148  151  154  160  161  163  158  153  151  153  154  154  153  150  152   3576
               815   149  153  156  154  148  145  144  142  142  143  142  141  140  136  135  134  133  132  126  126  123  122  123  122   3311
               816   123  123  123  123  124  125  130  125  124  127  129  133  133  135  137  140  141  139  144  147  143  143  145  140   3196
               817   140  142  140  146  150  151  151  150  154  154  154  157  157  158  155  155  159  156  154  153  152  151  154  156   3649
               818   155  153  153  151  152  157  158  154  149  153  156  156  158  159  158  159  159  156  156  154  152  150  148  148   3704
               819   147  146  145  144  144  144  144  146  149  151  152  152  151  150  150  149  147  146  144  146  147  148  148  148   3538
               820   149  149  149  148  147  145  146  148  149  150  149  148  147  146  148  147  147  146  142  146  139  135  145  149   3514
               821   150  147  144  136  136  131  130  140  135  133  136  139  140  140  141  144  140  139  138  140  147  147  142  142   3357
               822   145  140  137  135  135  135  136  142  144  146  147  147  145  147  146  144  143  143  144  144  144  144  148  147   3428
               823   147  146  148  148  146  144  143  141  144  146  147  148  148  150  150  150  150  150  150  148  149  149  150  149   3541
               824   148  148  148  148  148  147  149  149  151  153  144  143  147  150  154  151  151  154  152  150  149  149  150  149   3582
               825   149  145  145  146  142  136  139  147  144  144  141  147  141  135  150  152  142  147  148  136  147  148  145  150   3466
               826   146  146  145  141  138  141  147  146  141  137  143  151  152  150  149  149  149  148  148  148  149  148  146  148   3506
               827   149  149  149  148  145  148  150  149  149  151  152  150  145  144  146  146  143  147  146  140  144  145  140  137   3512
               828   132  142  140  145  138  137  147  147  147  148  149  149  149  148  148  148  148  148  147  146  146  146  145  145   3485
               829   143  146  146  147  147  147  147  147  148  148  149  149  150  150  150  150  150  150  150  149  150  150  150  150   3563
               830   150  150  150  150  150  151  151  152  154  155  156  155  151  153  157  161  157  155  151  148  147  146  150  159   3659
               831   161  161  159  160  159  162  163  161  157  155  155  155  156  157  155  153  154  150  148  148  149  148  145  143   3714
              ------------------------------------------------------------------------------------------------------------------------------------
              TOTAL 4484 4475 4473 4463 4454 4469 4501 4543 4569 4614 4641 4678 4678 4664 4678 4666 4643 4593 4547 4508 4503 4504 4501 4500 109349
              MEAN   145  144  144  144  144  144  145  147  147  149  150  151  151  150  151  151  150  148  147  145  145  145  145  145   3527
              MAX    161  161  159  160  159  162  163  161  159  161  162  161  161  162  163  161  162  158  156  154  154  159  159  160   3745
                N     31   31   31   31   31   31   31   31   31   31   31   31   31   31   31   31   31   31   31   31   31   31   31   31     31
              NOTE                                                                                                                                
                                                                                                                                                  
                   *): WITH MISSING DATA; TOTAL,MEAN,MAXIMUM ESTIMATED                                                                            
                                                                                                                                                  
                                                                                                                                                  
