                                                                                                                                                  
                                                                                                                                                  
                                                               *******************************                                                    
                                                                 DOWNWARD LONGWAVE RADIATION                                                      
                                                               *******************************                                                    
                                                                                                                  COUNTRY = JAPAN                 
                                                                                                                                                  
                                                                                                                                                  
                                                                     UNIT  = 0.01 MJ/m**2                                                         
                        STATION    : Tateno                                                                                                       
                        STATION NO.: 47646                                                                                                        
                        LOCATION   : 140ﾟ08' E                                                                                                    
                                      36ﾟ03' N                                                                                                    
                        ALTITUDE   :   25.2  m                                                                                                    
                        YEAR/MONTH : 2004/12                                                                                                      
                                                                                                                                                  
              DATE   -01  -02  -03  -04  -05  -06  -07  -08  -09  -10  -11  -12  -13  -14  -15  -16  -17  -18  -19  -20  -21  -22  -23  -24  TOTAL
                                                                                                                                                  
              12 1    98   97   95   91   90   89   89   89   91   92   93   94   96   97   97   98   97   97   96   96   96   95   95   95   2263
              12 2    94   94   93   93   93   93   92   93   95   97   98   99   99   99   99   98   97   96   94   92   90   89   87   86   2260
              12 3    86   86   86   85   85   85   85   86   88   92   95   98  100  101  103  104  104  103  102  101  100  100   98   97   2270
              12 4    97   99   99   98   97   96   98   99  101  107  112  114  115  119  122  121  125  128  131  130  129  128  130  131   2726
              12 5   132  134  137  141  145  151  152  140  138  138  124  123  125  128  136  119  109  106  102   99   97   95   95   95   2961
              12 6    94   94   93   93   93   92   90   89   90   92   93   94   94   96   97   96   96   95   93   92   92   92   93   93   2236
              12 7    93   93   95   99  106  102  101   93   96  106  109  110  110  108  107  107  105  105  106  104  103  101  100   99   2458
              12 8    96   94   94   95   93   92   92   92   92   95   98  101  102  103  104  103  102  101  101  100  100  101  100   99   2350
              12 9    98   99  108  109  105  115  120  122  116  118  123  124  124  124  123  124  124  124  124  124  125  125  126  126   2850
              1210   XXX  XXX  XXX  XXX  XXX  XXX  127  128  128  129  130  111  118  107  106  106  106  105  105  105  106  109  110  106   XXXX
              1211   108  105  105  100  104  115  117  113  100  100  101  103  104  105  105  108  121  109  103  100  100   97  104   99   2526
              1212   107   98  100  117  121  120  122  122  122  123  123  123  123  123  123  123  123  123  123  123  123  123  123  122   2873
              1213   118  119  119  112  110  117  104   95   96   97   99  101  102  103  103  101  100   99   97   96  107  113  106   96   2510
              1214   109  114  115  114  117  114  113  114  106   93   98  110  111  105   94   94   94   94   94   93   93  102  107  112   2510
              1215   119  121  121  122  123  122  124  124  125  126  127  128  130  130  130  132  133  127  130  127  119  129  129  128   3026
              1216   126  130  123  106  123  110  118  106  102  101  103  104  105  106  106  107  109  103   98   96   93   91   90   88   2544
              1217    88   87   87   87   87   87   87   88   89   90   91   92   93   94   94   95   95   94   94   99   98   95  106  117   2234
              1218   116  120  119  116  118  121  120  114  115  115  102   99  100  100  101  101  100  100   99   99   98   97   97   97   2564
              1219    96   94   93   93   93   93   91   92   94   95   98  102  104  106  115  117  118  119  121  121  121  121  122  123   2542
              1220   124  125  125  124  124  124  124  124  125  127  127  127  128  130  131  131  130  131  132  131  121  105  105  118   2993
              1221   114   99   95   93   91   90   90   89   90   90   91   92   95   94   93   93  108  118  119  120  120  120  119  117   2440
              1222   117  118  114   97  103  114  115  113  109  106  109  115   96   93   94   94   93   92   92   91   90   88   90  106   2449
              1223   107  106  109  101   92   84   83   83   84   86   86   87   87   88   88   89   89   95  100   89   85   84   86   85   2173
              1224    84   86  101   87   82   82   82   82   84   85   87   89   90   93   96   93   97   96   96  101  104  110  113  112   2232
              1225   102   93   97   92   87   86   86   86   89   90   90   91   92   93   92   92   92   91   91   92   91   92   92   95   2194
              1226    94   91   89   88   87   87   86   86   88   94  104  107   92   92   92   92   91   91   92   95   95   88   89  102   2212
              1227    97  107  107  101   91   86   85   84   86   88   90   91   92   93   94  106  111  103   98   93   91   87   84   83   2248
              1228    82   81   81   80   82   82   85   82   82   84   86   91   91   89   90   91  110   96   96   99  107  108  105  115   2195
              1229   117  117  117  117  118  115  114  116  116  116  116  115  114  114  114  114  114  114  113  110  107  108  104  112   2732
              1230    96   84   83   82   87   82   80   80   80   81   82   82   83   84   84   84   84   83   83   84   83   84   90   90   2015
              1231    99  106  107  101  105  104  100  103  106  108  109  111  115  115  114  114  116  118  115  115  115  107   95   88   2586
              ------------------------------------------------------------------------------------------------------------------------------------
              TOTAL 3212 3193 3212 3134 3153 3153 3172 3127 3123 3161 3194 3228 3230 3232 3247 3247 3293 3256 3240 3217 3199 3184 3190 3232  76644
              MEAN   104  103  104  101  102  102  102  101  101  102  103  104  104  104  105  105  106  105  105  104  103  103  103  104   2472
              MAX    132  134  137  141  145  151  152  140  138  138  130  128  130  130  136  132  133  131  132  131  129  129  130  131   3026
                N     30   30   30   30   30   30   31   31   31   31   31   31   31   31   31   31   31   31   31   31   31   31   31   31     30
              NOTE    *)   *)   *)   *)   *)   *)                                                                                               *)
                                                                                                                                                  
                   *): WITH MISSING DATA; TOTAL,MEAN,MAXIMUM ESTIMATED                                                                            
                                                                                                                                                  
                                                                                                                                                  
