                                                                                                                                                  
                                                                                                                                                  
                                                               *******************************                                                    
                                                                 DOWNWARD LONGWAVE RADIATION                                                      
                                                               *******************************                                                    
                                                                                                                  COUNTRY = JAPAN                 
                                                                                                                                                  
                                                                                                                                                  
                                                                     UNIT  = 0.01 MJ/m**2                                                         
                        STATION    : Tateno                                                                                                       
                        STATION NO.: 47646                                                                                                        
                        LOCATION   : 140ﾟ08' E                                                                                                    
                                      36ﾟ03' N                                                                                                    
                        ALTITUDE   :   25.2  m                                                                                                    
                        YEAR/MONTH : 2004/01                                                                                                      
                                                                                                                                                  
              DATE   -01  -02  -03  -04  -05  -06  -07  -08  -09  -10  -11  -12  -13  -14  -15  -16  -17  -18  -19  -20  -21  -22  -23  -24  TOTAL
                                                                                                                                                  
               1 1    89   88   88   88   89   89   88   88   89   91   93   97  103  103   99  110  112  113  113   99   99  102  100  108   2338
               1 2   123  122  108   94   90   89   89   91   93   93   94   95   97   98  105  115  115  113  107   98   97   96   96   96   2414
               1 3    95   93   93   93  106  105  110   92   91   92   94   95   97   97   98   98   98   97   96   95   93   92   90   89   2299
               1 4    89   89   89   87   86   86   86   86   87   88   89   99  104  106  112  107   97   96   93   94   93   89  101  110   2263
               1 5    96   92   93   91   87   86   86   86   87   88   90   92   95   93   92   92   90   90   91   90   94   95   95   99   2190
               1 6    97   91   89   86   85   85   85   86   87   88   90   93   97  106   95   91   91   91   89   99   98  104   88   84   2195
               1 7    84   84   86   88   91   91   92   94   92   94   96   90   89   90   89   88   87   87   87   88  103  110  103   90   2193
               1 8    88   87   86   91   92   98   82   80   81   82   82   82   84   84   83   83   82   81   81   80   80   80   80   80   2009
               1 9    80   80   80   80   80   79   80   80   81   82   83   84   83   84   88   89   89   87   86   84   83   82   83   83   1990
               110    83   82   82   83   83   83   82   82   84   88   88   89   90   91   92   92   92   91   91   90   88   88   87   85   2086
               111    85   85   83   82   81   82   80   79   81   83   83   84   84   84   84   87   88   89   86   86   87   86   83   81   2013
               112    82   80   79   78   78   78   81   90   79   81   84   89   87   89   94  113  111  115  115  116  117  118  118  118   2290
               113   118  118  118  118  117  117  117  116  116  116  118  118  112   95   92  103  111   85   84   85   85   84   83   82   2508
               114    82   81   80   80   79   78   78   78   78   78   80   81   82   82   81   80   79   78   78   77   77   77   77   78   1899
               115    77   77   77   77   77   77   77   78   79   80   81   82   82   83   84   83   82   81   81   80   79   79   78   78   1909
               116    78   77   77   77   77   78   78   78   79   80   81   81   82   85   83   84   88   91   89   86   84   84   85   89   1971
               117    95   97   99  101  101  102  102  103  105  107  108  110  110  110  111  111  112  113  111  112  113  113  113  112   2571
               118   111  112  109  108  109  109  107   95   83   84   85   86   88   89   89   89   88   93   97   91   92   98  102  102   2316
               119   113  115  116  116  117  118  117  118  117  117  118  117  118  115  112  111   97   92   91   90   89   89   88   86   2577
               120    85   85   85   84   84   84   84   84   85   86   87   88   89   90   90   90   89   90   89   90   97   98  103  113   2149
               121   109  103  100  101  103  107  109  107   98  101   95   99  115  114  114  118  121  120  107   98   94   92   91   89   2505
               122    88   87   86   84   83   83   83   82   81   81   82   82   83   84   88  101  101  101   96   86   74   73   73   73   2035
               123    73   74   74   75   75   75   75   76   78   80   81   82   83   84   85   85   85   84   83   83   82   81   81   81   1915
               124    81   81   80   83   84   81   85   95   93   98  101  101  102  104   99   95   96  101   98   94   92   93   95   90   2222
               125    83   82   81   81   80   79   78   78   79   80   82   84   86   88   92  102  108   99   93  102   97   89   87   99   2109
               126    95   82   81   85   79   78   78   78   79   81   82   83   83   84   85   86   86   86   85   84   85   87   87   88   2007
               127    99  100   96   95   90   84   87   94   98   99   99   98  103  104  100   98   98   93   96   87   84   84   81   79   2246
               128    78   77   78   78   78   79   79   80   81   82   85   86   87   87   87   88   89   89   90   89   88   88   87   86   2016
               129    86   86   87   86   86   86   86   87   87   88   89   90   91   93   96  101  101  104  110   95   91   92   89   88   2195
               130    90   96  109  102  104   94  103  100   95   91   97   96   94   93   93   93   92   95  111  100  103  109  115  107   2382
               131    93   89   87   86   84   83   82   83   84   85   87   88   89   88   87   87   87   86   85   84   83   83   82   82   2054
              ------------------------------------------------------------------------------------------------------------------------------------
              TOTAL 2825 2792 2776 2758 2755 2743 2746 2744 2727 2764 2804 2841 2889 2897 2899 2970 2962 2931 2909 2832 2821 2835 2821 2825  67866
              MEAN    91   90   90   89   89   88   89   89   88   89   90   92   93   93   94   96   96   95   94   91   91   91   91   91   2189
              MAX    123  122  118  118  117  118  117  118  117  117  118  118  118  115  114  118  121  120  115  116  117  118  118  118   2577
                N     31   31   31   31   31   31   31   31   31   31   31   31   31   31   31   31   31   31   31   31   31   31   31   31     31
              NOTE                                                                                                                                
                                                                                                                                                  
                   *): WITH MISSING DATA; TOTAL,MEAN,MAXIMUM ESTIMATED                                                                            
                                                                                                                                                  
                                                                                                                                                  
