                                                                                                                                                  
                                                                                                                                                  
                                                               *******************************                                                    
                                                                 DOWNWARD LONGWAVE RADIATION                                                      
                                                               *******************************                                                    
                                                                                                                  COUNTRY = JAPAN                 
                                                                                                                                                  
                                                                                                                                                  
                                                                     UNIT  = 0.01 MJ/m**2                                                         
                        STATION    : Tateno                                                                                                       
                        STATION NO.: 47646                                                                                                        
                        LOCATION   : 140ﾟ08' E                                                                                                    
                                      36ﾟ03' N                                                                                                    
                        ALTITUDE   :   25.2  m                                                                                                    
                        YEAR/MONTH : 2004/05                                                                                                      
                                                                                                                                                  
              DATE   -01  -02  -03  -04  -05  -06  -07  -08  -09  -10  -11  -12  -13  -14  -15  -16  -17  -18  -19  -20  -21  -22  -23  -24  TOTAL
                                                                                                                                                  
               5 1   125  128  131  129  128  131  131  128  126  122  116  117  116  115  113  111  109  107  106  105  105  105  107  124   2835
               5 2   125  125  125  125  125  124  124  124  124  122  119  116  108  105  105  112  120  111  109  119  123  127  128  128   2873
               5 3   128  129  129  129  129  130  130  130  130  130  131  133  136  139  141  144  142  126  127  123  131  124  120  121   3132
               5 4   125  128  130  134  138  139  139  139  138  140  142  143  144  143  139  143  146  148  149  150  150  148  145  141   3381
               5 5   139  137  135  133  132  131  131  131  131  130  130  131  131  130  130  130  130  129  129  128  125  125  122  119   3119
               5 6   112  111  112  116  114  118  121  115  117  124  131  131  132  132  132  132  132  132  131  131  131  131  131  131   3000
               5 7   130  123  128  127  122  107  112  111  115  113  115  118  121  120  120  119  119  118  116  115  115  115  116  117   2832
               5 8   118  120  128  123  122  120  114  113  113  115  127  125  121  124  120  121  120  121  125  125  139  132  135  129   2950
               5 9   127  125  126  124  129  135  129  136  136  139  142  143  143  142  142  141  140  138  137  138  138  139  139  139   3267
               510   139  140  140  140  140  140  140  141  141  143  143  143  143  144  145  141  138  146  151  151  142  138  146  131   3406
               511   130  129  133  127  120  126  126  130  125  128  131  133  135  135  136  135  136  137  134  131  128  127  126  134   3132
               512   136  138  141  139  124  134  129  137  134  122  121  120  132  142  141  142  142  139  136  142  137  128  127  131   3214
               513   141  139  142  143  143  143  144  143  139  141  141  143  143  145  143  144  143  143  143  143  147  152  153  153   3454
               514   150  148  148  144  145  146  145  138  138  143  141  141  145  140  138  144  140  139  139  132  118  114  112  110   3298
               515   111  109  107  105  104  104  105  107  110  112  112  114  120  120  119  124  128  129  127  129  133  132  134  135   2830
               516   138  138  138  139  141  142  142  143  143  144  144  144  144  145  145  145  146  146  146  146  145  145  145  145   3439
               517   145  146  146  146  146  146  147  147  148  150  148  151  150  151  148  150  150  152  144  145  140  142  141  139   3518
               518   140  138  143  146  145  144  143  143  142  134  134  142  141  139  142  138  138  135  135  133  130  124  121  125   3295
               519   128  128  127  128  129  130  131  132  134  136  137  138  138  139  140  141  140  139  139  139  139  137  139  139   3247
               520   138  139  139  138  138  138  139  139  139  139  140  140  140  139  139  139  139  138  138  137  137  137  137  137   3323
               521   136  137  137  137  137  137  136  137  138  129  126  123  126  136  139  134  127  119  118  128  136  135  134  133   3175
               522   132  133  134  134  132  131  132  131  131  131  131  131  131  131  131  132  132  131  131  131  131  131  132  131   3158
               523   132  131  131  131  131  131  131  132  133  134  134  134  134  133  133  133  133  132  132  133  133  133  132  132   3178
               524   132  134  132  133  134  134  135  135  135  126  119  118  116  118  116  116  116  120  129  136  135  133  131  121   3054
               525   115  109  109  110  110  108  109  111  113  116  120  124  125  124  120  120  121  118  116  117  119  123  134  120   2811
               526   115  117  119  133  135  126  137  128  126  135  141  133  130  130  131  131  129  124  126  128  127  127  128  128   3084
               527   130  128  130  129  131  132  129  131  136  137  144  142  143  142  143  136  137  133  131  131  129  129  128  127   3208
               528   127  133  138  126  126  125  125  129  138  144  142  138  143  134  137  140  133  137  132  131  129  127  127  127   3188
               529   126  125  125  125  125  126  128  135  136  134  135  137  138  138  142  140  140  138  138  137  135  134  134  134   3205
               530   134  134  134  133  132  139  136  137  140  140  141  143  145  147  147  150  152  148  157  158  151  143  142  150   3433
               531   143  140  140  141  140  140  141  142  147  147  148  147  147  147  146  147  146  149  156  148  145  144  143  142   3476
              ------------------------------------------------------------------------------------------------------------------------------------
              TOTAL 4047 4039 4077 4067 4047 4057 4061 4075 4096 4100 4126 4136 4161 4169 4163 4175 4164 4122 4127 4140 4123 4081 4089 4073  98515
              MEAN   131  130  132  131  131  131  131  131  132  132  133  133  134  134  134  135  134  133  133  134  133  132  132  131   3178
              MAX    150  148  148  146  146  146  147  147  148  150  148  151  150  151  148  150  152  152  157  158  151  152  153  153   3518
                N     31   31   31   31   31   31   31   31   31   31   31   31   31   31   31   31   31   31   31   31   31   31   31   31     31
              NOTE                                                                                                                                
                                                                                                                                                  
                   *): WITH MISSING DATA; TOTAL,MEAN,MAXIMUM ESTIMATED                                                                            
                                                                                                                                                  
                                                                                                                                                  
