                                                                                                                                                  
                                                                                                                                                  
                                                               *******************************                                                    
                                                                 DOWNWARD LONGWAVE RADIATION                                                      
                                                               *******************************                                                    
                                                                                                                  COUNTRY = JAPAN                 
                                                                                                                                                  
                                                                                                                                                  
                                                                     UNIT  = 0.01 MJ/m**2                                                         
                        STATION    : Tateno                                                                                                       
                        STATION NO.: 47646                                                                                                        
                        LOCATION   : 140ﾟ08' E                                                                                                    
                                      36ﾟ03' N                                                                                                    
                        ALTITUDE   :   25.2  m                                                                                                    
                        YEAR/MONTH : 2004/06                                                                                                      
                                                                                                                                                  
              DATE   -01  -02  -03  -04  -05  -06  -07  -08  -09  -10  -11  -12  -13  -14  -15  -16  -17  -18  -19  -20  -21  -22  -23  -24  TOTAL
                                                                                                                                                  
               6 1   142  142  142  141  141  141  141  141  140  139  139  139  138  139  138  131  121  132  131  128  121  122  117  116   3222
               6 2   112  112  134  136  117  121  116  118  122  121  120  118  118  119  122  123  125  119  117  121  124  123  123  123   2904
               6 3   123  122  121  118  116  119  118  119  123  122  121  124  123  120  119  118  115  114  111  110  108  106  106  106   2802
               6 4   105  105  105  105  104  104  106  109  112  115  117  120  122  123  123  123  120  117  115  113  112  112  114  114   2715
               6 5   114  114  113  112  111  111  112  114  116  119  119  117  120  122  126  128  130  131  141  129  127  125  135  128   2914
               6 6   127  132  125  125  126  131  138  145  146  152  151  152  152  152  151  149  148  147  145  146  146  147  148  147   3428
               6 7   146  145  146  147  147  148  150  150  148  148  148  156  157  155  153  153  146  141  143  139  137  146  154  154   3557
               6 8   152  153  154  154  154  154  154  155  155  148  145  144  143  144  143  140  142  141  142  142  140  140  139  138   3516
               6 9   139  139  139  139  139  139  140  140  140  141  142  143  144  144  144  145  145  144  144  144  143  143  142  142   3404
               610   142  142  137  130  132  136  139  139  139  148  150  151  149  147  147  146  145  144  143  142  142  142  138  137   3407
               611   140  141  140  139  138  140  142  142  145  142  145  143  142  142  142  141  141  141  141  141  141  141  142  142   3394
               612   142  134  139  142  142  143  144  141  133  140  145  151  151  153  152  152  151  150  148  148  147  146  146  146   3486
               613   145  145  145  144  144  143  142  142  142  141  139  134  135  133  133  131  129  124  123  122  132  123  123  125   3239
               614   134  130  119  114  114  113  115  117  118  119  121  123  122  122  124  125  127  124  124  124  122  122  121  121   2915
               615   121  121  121  120  119  118  119  120  122  125  126  126  127  129  131  132  132  131  130  131  128  124  123  122   2998
               616   116  112  111  110  110  111  112  114  115  116  117  116  116  115  114  115  115  115  115  115  115  114  114  113   2736
               617   113  114  115  126  134  138  139  140  141  134  141  140  141  147  144  145  142  132  133  133  129  128  128  128   3205
               618   136  148  148  147  137  137  137  139  143  139  138  141  141  140  141  141  137  138  137  138  141  141  142  143   3370
               619   138  139  138  143  139  139  136  137  138  138  136  137  138  137  135  136  132  132  133  137  140  136  138  141   3293
               620   145  142  144  147  148  150  149  148  150  150  151  152  150  149  149  150  150  148  149  158  159  159  158  159   3614
               621   159  159  159  159  158  158  158  157  160  159  151  157  155  159  156  156  157  156  156  158  159  160  158  159   3783
               622   159  155  155  154  145  138  139  140  140  141  143  144  144  143  144  144  145  146  143  141  140  141  142  145   3471
               623   146  140  138  138  137  138  137  141  143  143  153  154  150  150  156  152  152  147  143  143  145  148  147  145   3486
               624   144  145  139  137  137  137  138  139  143  147  148  151  149  150  152  151  150  150  148  147  149  147  147  148   3493
               625   149  152  155  150  150  151  152  151  154  157  156  158  159  158  159  158  156  159  159  156  156  157  156  156   3724
               626   153  151  149  148  147  146  147  147  147  147  148  145  141  142  148  149  147  146  146  144  141  142  145  146   3512
               627   145  143  145  145  146  140  144  141  144  145  144  153  155  151  156  155  152  153  152  152  152  150  149  149   3561
               628   148  148  149  149  150  150  150  150  150  151  152  149  143  146  150  152  154  149  148  150  146  152  152  152   3590
               629   152  150  151  152  150  152  151  149  150  151  151  151  151  155  148  149  147  146  144  146  142  145  147  145   3575
               630   146  151  145  143  149  149  154  154  156  156  157  154  150  144  141  141  143  142  143  143  144  144  150  147   3546
              ------------------------------------------------------------------------------------------------------------------------------------
              TOTAL 4133 4126 4121 4114 4081 4095 4119 4139 4175 4194 4214 4243 4226 4230 4241 4231 4196 4159 4147 4141 4128 4126 4144 4137  99860
              MEAN   138  138  137  137  136  137  137  138  139  140  140  141  141  141  141  141  140  139  138  138  138  138  138  138   3329
              MAX    159  159  159  159  158  158  158  157  160  159  157  158  159  159  159  158  157  159  159  158  159  160  158  159   3783
                N     30   30   30   30   30   30   30   30   30   30   30   30   30   30   30   30   30   30   30   30   30   30   30   30     30
              NOTE                                                                                                                                
                                                                                                                                                  
                   *): WITH MISSING DATA; TOTAL,MEAN,MAXIMUM ESTIMATED                                                                            
                                                                                                                                                  
                                                                                                                                                  
                                                                                                                                                  
