                                                                                                                                                  
                                                                                                                                                  
                                                               *******************************                                                    
                                                                 DOWNWARD LONGWAVE RADIATION                                                      
                                                               *******************************                                                    
                                                                                                                  COUNTRY = JAPAN                 
                                                                                                                                                  
                                                                                                                                                  
                                                                     UNIT  = 0.01 MJ/m**2                                                         
                        STATION    : Tateno                                                                                                       
                        STATION NO.: 47646                                                                                                        
                        LOCATION   : 140ﾟ08' E                                                                                                    
                                      36ﾟ03' N                                                                                                    
                        ALTITUDE   :   25.2  m                                                                                                    
                        YEAR/MONTH : 2005/06                                                                                                      
                                                                                                                                                  
              DATE   -01  -02  -03  -04  -05  -06  -07  -08  -09  -10  -11  -12  -13  -14  -15  -16  -17  -18  -19  -20  -21  -22  -23  -24  TOTAL
                                                                                                                                                  
               6 1   120  119  118  118  117  134  140  138  127  127  130  129  130  131  131  139  133  135  135  132  130  127  127  133   3100
               6 2   133  130  128  129  134  136  137  136  140  141  144  146  144  144  144  143  144  142  142  142  142  142  143  142   3348
               6 3   142  142  142  142  141  142  142  142  142  143  143  145  148  148  148  148  147  145  143  142  142  141  140  139   3439
               6 4   138  138  138  138  138  138  138  138  138  139  140  141  143  144  143  143  142  139  138  137  138  140  140  127   3336
               6 5   121  129  129  131  136  138  137  127  138  143  142  136  131  134  128  130  134  139  131  127  138  139  131  120   3189
               6 6   119  118  118  117  117  117  118  119  121  124  128  128  126  125  125  124  123  121  120  118  118  123  118  118   2903
               6 7   118  118  125  121  120  119  134  139  134  135  132  134  132  127  127  128  131  132  125  124  128  129  128  128   3068
               6 8   129  124  124  120  125  124  124  126  128  131  131  134  135  136  137  136  129  125  124  126  123  123  125  125   3064
               6 9   124  127  132  139  134  131  143  138  147  146  150  150  148  148  147  143  141  135  132  130  128  128  128  128   3297
               610   136  138  137  145  145  137  139  148  149  149  150  151  152  152  152  152  151  151  151  150  150  150  150  149   3534
               611   149  148  148  148  148  147  147  148  150  150  148  144  151  152  151  150  148  146  146  144  143  148  153  152   3559
               612   145  146  139  134  133  135  137  140  136  139  143  146  144  142  146  144  146  146  141  138  140  139  140  137   3376
               613   143  135  144  135  141  143  137  135  137  134  135  132  131  130  129  128  128  131  134  144  146  146  143  145   3286
               614   144  144  143  145  144  144  144  144  144  145  145  147  147  144  134  130  129  141  143  145  145  145  146  146   3428
               615   146  146  146  146  145  145  142  143  144  142  144  143  143  145  145  145  146  145  145  146  146  145  145  145   3473
               616   144  144  141  138  134  134  137  141  143  142  144  145  146  145  143  143  142  144  143  142  141  141  141  141   3399
               617   141  141  139  139  141  138  134  138  144  146  146  148  148  149  150  150  147  149  149  147  147  146  145  145   3467
               618   144  144  144  144  144  144  144  145  146  147  147  145  139  139  134  134  133  132  133  139  148  149  144  146   3408
               619   147  148  149  147  138  137  139  148  145  142  148  147  149  151  148  146  147  143  136  138  139  140  141  140   3453
               620   140  142  143  145  144  143  144  150  150  150  151  141  143  143  145  143  141  139  138  136  139  134  135  134   3413
               621   138  137  135  135  135  135  134  136  143  142  140  140  140  139  142  144  145  147  143  139  138  139  141  140   3347
               622   142  143  145  146  147  148  149  151  150  148  149  149  151  150  149  147  143  145  145  143  142  139  140  142   3503
               623   146  147  148  149  150  151  151  151  152  152  153  154  153  151  150  153  155  152  149  148  148  147  141  142   3593
               624   144  145  140  138  138  136  139  141  143  144  147  148  149  150  151  152  151  151  148  145  142  141  142  142   3467
               625   141  140  138  138  138  138  139  139  140  142  144  146  148  151  149  147  146  144  143  141  141  141  141  141   3416
               626   141  142  143  144  145  147  148  146  147  151  154  155  154  155  155  152  150  148  148  146  144  145  145  144   3549
               627   141  140  137  139  139  139  137  145  144  147  150  158  157  158  159  159  158  155  157  156  155  154  154  153   3591
               628   153  153  152  152  151  149  149  150  154  158  156  158  155  158  155  153  154  156  160  157  152  150  151  149   3685
               629   151  151  151  154  155  156  154  153  153  152  152  152  153  153  152  154  154  148  139  138  140  144  141  138   3588
               630   143  149  150  151  151  151  152  152  154  153  155  155  153  158  151  156  156  156  150  150  147  144  147  154   3638
              ------------------------------------------------------------------------------------------------------------------------------------
              TOTAL 4163 4168 4166 4167 4168 4176 4209 4247 4283 4304 4341 4347 4343 4352 4320 4316 4294 4282 4231 4210 4220 4219 4206 4185 101917
              MEAN   139  139  139  139  139  139  140  142  143  143  145  145  145  145  144  144  143  143  141  140  141  141  140  140   3397
              MAX    153  153  152  154  155  156  154  153  154  158  156  158  157  158  159  159  158  156  160  157  155  154  154  154   3685
                N     30   30   30   30   30   30   30   30   30   30   30   30   30   30   30   30   30   30   30   30   30   30   30   30     30
              NOTE                                                                                                                                
                                                                                                                                                  
                   *): WITH MISSING DATA; TOTAL,MEAN,MAXIMUM ESTIMATED                                                                            
                                                                                                                                                  
                                                                                                                                                  
                                                                                                                                                  
