                                                                                                                                                  
                                                                                                                                                  
                                                               *******************************                                                    
                                                                 DOWNWARD LONGWAVE RADIATION                                                      
                                                               *******************************                                                    
                                                                                                                  COUNTRY = JAPAN                 
                                                                                                                                                  
                                                                                                                                                  
                                                                     UNIT  = 0.01 MJ/m**2                                                         
                        STATION    : Tateno                                                                                                       
                        STATION NO.: 47646                                                                                                        
                        LOCATION   : 140ﾟ08' E                                                                                                    
                                      36ﾟ03' N                                                                                                    
                        ALTITUDE   :   25.2  m                                                                                                    
                        YEAR/MONTH : 2005/02                                                                                                      
                                                                                                                                                  
              DATE   -01  -02  -03  -04  -05  -06  -07  -08  -09  -10  -11  -12  -13  -14  -15  -16  -17  -18  -19  -20  -21  -22  -23  -24  TOTAL
                                                                                                                                                  
               2 1    79   80   80   80   83   87   83   78   78   80   81   81   81   86   88   87   90   87   84   80   79   80   77   77   1966
               2 2    76   75   76   78   78   77   77   77   83   80   81   82   82   84   84   84   83   83   82   81   80   80   79   78   1920
               2 3    78   79   79   78   78   78   78   78   80   82   84   85   96   95   86   83   83   82   82   81   81   80   80   80   1966
               2 4    80   81   81   80   80   80   81   82   84   87   88   89   91   92   92   91   90   89   88   87   86   86   85   85   2055
               2 5    84   84   84   83   83   82   82   81   82   85   86   86   86   87   87   87   86   86   85   84   82   81   80   79   2012
               2 6    79   79   79   79   79   79   79   80   82   83   85   86   89   93   97   96   98   97   91   87   88   88   84   83   2060
               2 7    83   82   82   82   85   89   88  100   97   87   88   94   91   96  114  115  116  116  116  117  117  117  117  117   2406
               2 8   117  117  116  116  116  116  116  116  118  118  118  118  118  118  118  118  118  118  118  117  117  110   92   88   2752
               2 9    87   90   93   99  101   99   89   94   96   95   91   99  115  117  119  122  123  113   99   98  101  100  102   98   2440
               210    98  102  116  120  120  120  110   97   96   97  104  105  109  118  126  121  113  117  115  114  112  111  111  111   2663
               211   109  107  103   81   79   78   78   78   80   81   81   82   83   84   85   85   89   93  105  107  106   98  100   98   2170
               212    80   79   78   77   77   77   78   78   79   80   82   82   90   90  101   99  103  105  106  106  108  109  107  108   2179
               213   108  107  104   90   82   88  102   95   89   98   97  103  104  105  104  104   92   87   87   86   86   85   85   84   2272
               214    85   83   82   80   80   80   79   79   80   82   84   85   86   86   86   87   87   87   87   91  102  111  111  108   2108
               215   112  112  109   94   88   86   86   84   86   88   89   92   96   99   93   93   94   93   96  110  109  106  105  107   2327
               216   111  111  113  115  116  117  116  116  115  116  116  115  116  116  116  116  116  116  116  116  116  116  116  117   2770
               217   116  113  114  107  111  111  112  105   98   94   96   96  102  100   99  102  104  106  102  115  115  108   93   89   2508
               218    88   93  107  112  109   97   88   85   90  109  114  115  108  113  114  114  114  114  112  111  111  112  113  113   2556
               219   114  115  113  112  111  113  116  116  116  117  118  118  118  118  119  120  121  120  120  120  120  120  120  121   2816
               220   121  116  109  104   99   97   97  100  110  120  121  121  123  122  122  122  122  120  119  117  114  114  113  112   2735
               221   111  112  112  114  112  109   96   90   94  102   91   96   88   89   91   88   88   87   87   92   99   86   86   97   2317
               222    83   94   89   87   81   79   78   78   79   81   84   84   85   86   87   87   87   87   88   88   88   88   88   89   2045
               223    88   87   86   86   96   92   89   89   91   94   98  101  101  100  101   99   96   95   95   95   93   93   92   92   2249
               224    92   91   90   89   89   88   88   95   95  102  100  102  109  109  109  116  117  117  117  117  116  114  114  114   2490
               225   113  113  113  113  113  114  113  113  112  113  114  115  115  115  116  116  116  115  116  116  116  115   94   93   2702
               226    87   86   85   85   89   83   80   80   82   93   83   85   86   83   88   87   98  100   98   93   78   76   76   76   2057
               227    76   76   76   75   76   76   76   77   78   80   82   83   82   83   84   84   85   85   89   97  107   96   95  107   2025
               228    89   95   99  100   95  100   86   82   84   85   87   88   89   89   89   91   92   93   99   99   93   91   91   90   2196
              ------------------------------------------------------------------------------------------------------------------------------------
              TOTAL 2644 2659 2668 2616 2606 2592 2541 2523 2554 2629 2643 2688 2739 2773 2815 2814 2821 2808 2799 2822 2820 2771 2706 2711  64762
              MEAN    94   95   95   93   93   93   91   90   91   94   94   96   98   99  101  101  101  100  100  101  101   99   97   97   2313
              MAX    121  117  116  120  120  120  116  116  118  120  121  121  123  122  126  122  123  120  120  120  120  120  120  121   2816
                N     28   28   28   28   28   28   28   28   28   28   28   28   28   28   28   28   28   28   28   28   28   28   28   28     28
              NOTE                                                                                                                                
                                                                                                                                                  
                   *): WITH MISSING DATA; TOTAL,MEAN,MAXIMUM ESTIMATED                                                                            
                                                                                                                                                  
                                                                                                                                                  
                                                                                                                                                  
                                                                                                                                                  
                                                                                                                                                  
