                                                                                                                                                  
                                                                                                                                                  
                                                               *******************************                                                    
                                                                 DOWNWARD LONGWAVE RADIATION                                                      
                                                               *******************************                                                    
                                                                                                                  COUNTRY = JAPAN                 
                                                                                                                                                  
                                                                                                                                                  
                                                                     UNIT  = 0.01 MJ/m**2                                                         
                        STATION    : Tateno                                                                                                       
                        STATION NO.: 47646                                                                                                        
                        LOCATION   : 140ﾟ08' E                                                                                                    
                                      36ﾟ03' N                                                                                                    
                        ALTITUDE   :   25.2  m                                                                                                    
                        YEAR/MONTH : 2005/12                                                                                                      
                                                                                                                                                  
              DATE   -01  -02  -03  -04  -05  -06  -07  -08  -09  -10  -11  -12  -13  -14  -15  -16  -17  -18  -19  -20  -21  -22  -23  -24  TOTAL
                                                                                                                                                  
              12 1    88   86   86   87  104   99   98   86   87   88   89   90   93   95   95   94   94   94   93   92   93  105  100   94   2230
              12 2    93   91   90   90   90   90   91   91   93   99  108  111  113  115  120  123  118  118  118  117  109  111  117  113   2529
              12 3   108  108   90   87   86   87   86   84   86   87   98  102   98  100   98   93   93   92   90   89   88   87   87   86   2210
              12 4    87   87   89   88   93  100  106  107  109  111  114  116  118  118  119  119  120  120  120  110  107  120  119  118   2615
              12 5   117  114  111   91   88   83   82   82   83   85   87   88   89   90   93  100   93   93   91   88   88   88   96  101   2221
              12 6   103  105   96  102  100  109  113  116  116  115  116  109  112  108  117  116  101   94   91   90   90   90   91   90   2490
              12 7    88   90   89   88   99  103  101   99   93   92   96   95   97   96   93   92   92   92   91   91   90   96  100  104   2267
              12 8   102   98   88   95   92   91  100   90   88   90   93  100  105  103   97   95   94   93   93   92   92   92   91   91   2265
              12 9    90   89   89   88   87   85   84   84   84   87   90   92   93   94   94   96  101   94   97   95  106   95   90   89   2193
              1210    88   86   86   86   86   86   86   86   87   89   91   92   93   94   95   95   95   94   93   92   92   92   91   90   2165
              1211    90   90   89   88   87   85   84   93  106   96   99   97  106  108  109  109  103  104  107  104  106  103  100   96   2359
              1212    93   96   85   92   98   99  103  105  107  103   92   85   86   88   89   89   91   92   87   87   86   85   84   85   2207
              1213    84   83   80   80   79   78   78   78   80   81   81   82   83   84   85   87   88   83   82   81   81   80   80   80   1958
              1214    79   78   77   78   78   78   77   78   78   80   82   84   85   85   86   86   86   86   87   90   84   83   81   80   1966
              1215    80   80   79   79   78   78   78   79   80   82   83   85   88   96   88   86   86   86   86   86   87   86   87   87   2010
              1216    85   84   82   82   80   79   79   79   80   82   85   86   87   89   89   89   89   88   87   87   86   86   86   86   2032
              1217    85   83   82   83   86   82   80   79   80   82   84   85   86   87   88   90   91   90   92   86   84   82   79   78   2024
              1218    78   79   79   79   81   84   85   92   79   78   78   77   77   77   77   77   76   76   76   77   76   77   77   78   1890
              1219    78   78   78   78   78   78   77   77   79   80   82   84   88   83   83   82   82   81   81   80   80   80   80   80   1927
              1220    81   81   81   81   82   83   82   82   83   85   86   87   88   89   90   90   90   89   88   88   88   87   89   87   2057
              1221    87   93   98  102  101   99  102  100  101   96  101  104  101   93   92   93   92   91   89   88   90   95  107  107   2322
              1222   100   95   87   91   84   83   85   83   81   81   85   96  103  100   92   85   84   82   81   81   80   79   77   77   2072
              1223    78   78   78   77   77   77   77   78   79   81   82   83   84   86   86   86   87   87   87   85   85   86  102   89   1995
              1224    87   81   81   81   80   84   96   87   83   82   83   84   88   85   83   81   81   81   81   81   81   81   81   81   1994
              1225    80   80   80   79   78   79   82   87   88   95   94   96   99   87   87   87   86   87   88   88   87   86   86   84   2070
              1226    83   84   85   84   84   84   88   85   82   82   83   82   82   82   81   80   80   79   79   79   78   78   77   78   1959
              1227    77   77   77   77   77   77   77   78   79   80   81   82   83   85   83   82   81   81   81   80   80   80   80   80   1915
              1228    79   78   78   78   78   78   77   78   79   80   82   83   83   83   83   82   80   80   80   80   80   79   79   79   1916
              1229    79   79   79   79   79   78   79   79   80   81   82   84   85   86   85   84   83   83   83   82   89   85   88   84   1975
              1230    87   90   96   94   97   90   79   79   80   82   84   85   86   87   88   89   89   90   89   89   88   88   87   85   2098
              1231    87   84   83   82   81   81   80   79   80   81   82   83   82   83   84   84   85   82   81   81   81   80   81   83   1970
              ------------------------------------------------------------------------------------------------------------------------------------
              TOTAL 2721 2705 2648 2646 2668 2667 2692 2680 2690 2713 2773 2809 2861 2856 2849 2841 2811 2782 2769 2736 2732 2742 2770 2740  65901
              MEAN    88   87   85   85   86   86   87   86   87   88   89   91   92   92   92   92   91   90   89   88   88   88   89   88   2126
              MAX    117  114  111  102  104  109  113  116  116  115  116  116  118  118  120  123  120  120  120  117  109  120  119  118   2615
                N     31   31   31   31   31   31   31   31   31   31   31   31   31   31   31   31   31   31   31   31   31   31   31   31     31
              NOTE                                                                                                                                
                                                                                                                                                  
                   *): WITH MISSING DATA; TOTAL,MEAN,MAXIMUM ESTIMATED                                                                            
                                                                                                                                                  
                                                                                                                                                  
