                                                                                                                                                  
                                                                                                                                                  
                                                               *******************************                                                    
                                                                 DOWNWARD LONGWAVE RADIATION                                                      
                                                               *******************************                                                    
                                                                                                                  COUNTRY = JAPAN                 
                                                                                                                                                  
                                                                                                                                                  
                                                                     UNIT  = 0.01 MJ/m**2                                                         
                        STATION    : Tateno                                                                                                       
                        STATION NO.: 47646                                                                                                        
                        LOCATION   : 140ﾟ08' E                                                                                                    
                                      36ﾟ03' N                                                                                                    
                        ALTITUDE   :   25.2  m                                                                                                    
                        YEAR/MONTH : 2005/09                                                                                                      
                                                                                                                                                  
              DATE   -01  -02  -03  -04  -05  -06  -07  -08  -09  -10  -11  -12  -13  -14  -15  -16  -17  -18  -19  -20  -21  -22  -23  -24  TOTAL
                                                                                                                                                  
               9 1   135  135  134  134  134  139  133  133  135  138  141  148  145  144  144  144  145  144  143  142  141  141  141  140   3353
               9 2   139  138  138  139  140  140  138  139  142  143  146  148  150  151  150  152  151  149  147  147  145  144  143  141   3460
               9 3   140  140  140  139  139  139  140  142  144  146  147  149  150  152  148  149  151  153  150  145  143  141  140  141   3468
               9 4   140  139  144  148  143  152  149  152  153  156  157  156  157  154  154  155  158  157  156  156  155  153  152  154   3650
               9 5   153  154  154  154  152  151  152  154  155  155  156  156  155  155  152  152  151  152  152  151  152  152  153  153   3676
               9 6   153  153  153  153  153  153  154  154  155  155  156  157  157  158  158  159  159  159  155  155  147  149  154  153   3712
               9 7   150  147  153  157  150  146  146  151  152  155  160  158  163  161  163  161  157  154  148  146  146  145  145  145   3659
               9 8   144  144  143  143  142  141  141  143  144  145  146  148  148  150  152  152  152  152  155  150  153  147  146  141   3522
               9 9   141  147  149  150  153  153  152  152  152  153  153  153  153  154  150  154  155  154  155  155  154  154  155  155   3656
               910   154  155  154  154  151  149  145  146  147  148  156  156  160  157  157  156  149  147  147  146  145  147  148  151   3625
               911   146  143  143  144  144  143  143  147  149  151  156  158  162  161  158  151  152  152  151  150  150  149  149  148   3600
               912   149  145  139  134  133  133  147  148  137  136  139  141  144  144  144  145  146  146  142  140  140  139  139  140   3390
               913   139  139  139  139  140  146  151  140  141  143  144  145  149  151  150  152  151  151  150  149  145  145  146  147   3492
               914   143  141  140  152  156  157  157  157  155  155  156  154  151  XXX  150  149  147  145  144  144  145  148  146  146   XXXX
               915   148  147  146  151  152  151  148  148  145  148  148  148  148  140  142  142  144  143  143  139  136  138  126  124   3445
               916   127  129  130  124  122  133  141  143  131  136  139  138  131  128  127  127  130  129  127  127  120  120  119  117   3095
               917   118  118  117  116  116  117  121  127  124  128  132  132  132  134  136  137  135  135  133  133  132  131  130  131   3065
               918   131  131  130  130  130  129  129  131  133  135  137  140  141  141  142  142  141  140  139  139  138  138  137  137   3261
               919   137  137  137  137  136  136  137  139  140  143  146  148  149  150  156  156  149  148  147  145  147  146  144  141   3451
               920   141  140  143  143  146  148  150  150  148  149  153  149  146  151  150  150  150  149  149  150  149  149  148  149   3550
               921   148  147  150  149  148  135  135  137  138  135  147  143  140  145  144  141  143  141  146  147  148  147  147  147   3448
               922   147  148  147  147  148  147  145  145  147  150  150  151  152  152  153  152  151  148  146  144  142  142  145  145   3544
               923   143  143  142  143  141  139  142  141  146  149  151  151  154  154  148  156  156  152  146  151  153  156  155  153   3565
               924   151  151  147  153  152  151  152  152  150  150  151  153  152  153  152  152  151  150  150  150  149  149  149  148   3618
               925   148  148  147  147  146  146  144  144  143  142  145  147  147  146  142  141  134  130  130  137  139  135  137  140   3405
               926   140  139  141  140  126  121  126  122  123  124  129  138  135  133  128  127  129  125  125  136  142  143  143  143   3178
               927   143  142  142  141  142  142  142  142  142  142  142  142  143  137  133  134  140  141  141  138  137  139  141  140   3368
               928   139  134  138  139  137  134  136  139  139  139  135  130  135  127  123  124  121  127  128  129  137  139  139  135   3203
               929   120  116  115  115  114  113  113  114  116  123  129  129  126  121  120  119  117  117  117  116  116  117  117  117   2837
               930   116  115  114  113  113  113  113  116  117  119  123  125  129  126  132  131  134  133  134  129  127  129  122  123   2946
              ------------------------------------------------------------------------------------------------------------------------------------
              TOTAL 4223 4205 4209 4228 4199 4197 4222 4248 4243 4291 4370 4391 4404 4377 4358 4362 4349 4323 4296 4286 4273 4272 4256 4245 102663
              MEAN   141  140  140  141  140  140  141  142  141  143  146  146  147  146  145  145  145  144  143  143  142  142  142  142   3422
              MAX    154  155  154  157  156  157  157  157  155  156  160  158  163  161  163  161  159  159  156  156  155  156  155  155   3712
                N     30   30   30   30   30   30   30   30   30   30   30   30   30   29   30   30   30   30   30   30   30   30   30   30     29
              NOTE                                                                     *)                                                       *)
                                                                                                                                                  
                   *): WITH MISSING DATA; TOTAL,MEAN,MAXIMUM ESTIMATED                                                                            
                                                                                                                                                  
                                                                                                                                                  
                                                                                                                                                  
