                                                                                                                                                  
                                                                                                                                                  
                                                               *******************************                                                    
                                                                 DOWNWARD LONGWAVE RADIATION                                                      
                                                               *******************************                                                    
                                                                                                                  COUNTRY = JAPAN                 
                                                                                                                                                  
                                                                                                                                                  
                                                                     UNIT  = 0.01 MJ/m**2                                                         
                        STATION    : Tateno                                                                                                       
                        STATION NO.: 47646                                                                                                        
                        LOCATION   : 140ﾟ08' E                                                                                                    
                                      36ﾟ03' N                                                                                                    
                        ALTITUDE   :   25.2  m                                                                                                    
                        YEAR/MONTH : 2005/08                                                                                                      
                                                                                                                                                  
              DATE   -01  -02  -03  -04  -05  -06  -07  -08  -09  -10  -11  -12  -13  -14  -15  -16  -17  -18  -19  -20  -21  -22  -23  -24  TOTAL
                                                                                                                                                  
               8 1   145  146  143  142  142  142  144  154  153  153  153  153  154  159  159  158  160  159  152  153  153  148  147  147   3619
               8 2   148  146  146  146  146  146  147  152  160  160  156  159  163  163  159  157  162  155  159  162  161  161  160  158   3732
               8 3   161  160  160  157  159  159  160  160  160  160  161  161  159  157  156  155  154  153  152  152  152  151  151  151   3761
               8 4   150  149  148  149  148  148  148  149  151  153  155  157  157  157  156  155  155  153  151  149  148  148  149  148   3631
               8 5   149  145  145  144  144  144  146  148  150  153  155  157  157  158  159  157  155  155  152  152  150  151  154  155   3635
               8 6   149  147  147  147  146  146  147  149  151  153  156  159  162  158  157  156  155  152  152  154  151  149  148  153   3644
               8 7   154  153  150  145  147  144  145  146  152  158  160  154  153  157  155  153  152  151  149  148  148  150  148  148   3620
               8 8   151  148  144  143  143  143  144  146  148  151  155  158  159  166  164  155  150  145  144  151  155  151  146  144   3604
               8 9   144  148  143  142  141  141  141  145  150  148  153  153  152  151  150  148  147  147  149  148  146  144  143  148   3522
               810   148  145  149  150  152  152  154  155  158  160  160  160  159  154  150  148  148  148  147  150  154  154  154  152   3661
               811   151  150  149  144  141  148  153  151  146  151  154  154  150  149  150  148  150  148  147  148  148  149  146  150   3575
               812   149  155  156  155  155  157  157  156  156  158  157  157  158  159  159  162  159  156  159  159  159  160  160  160   3778
               813   160  158  156  157  156  156  157  157  156  157  159  159  155  157  156  154  153  150  152  152  154  145  151  148   3715
               814   150  151  152  144  143  143  144  145  147  156  159  159  155  155  156  156  157  153  150  149  151  152  153  154   3634
               815   153  149  153  154  157  159  159  151  156  156  158  160  160  159  160  162  161  161  159  160  156  157  156  155   3771
               816   154  154  152  154  156  154  150  148  158  159  156  157  160  155  150  149  145  144  143  141  142  142  148  141   3612
               817   138  138  137  136  136  136  138  139  142  151  145  148  148  145  143  143  142  141  141  141  140  140  140  141   3389
               818   144  145  149  152  145  146  153  155  154  153  159  157  160  157  159  158  155  152  151  150  148  147  146  146   3641
               819   146  145  145  144  143  143  147  155  155  154  156  158  155  153  153  152  151  151  150  149  149  149  149  149   3601
               820   148  148  147  147  146  146  146  148  152  153  155  156  156  155  154  151  149  148  147  148  148  146  146  146   3586
               821   145  144  144  146  145  144  145  148  152  150  151  152  152  152  151  150  148  147  147  146  145  145  144  144   3537
               822   144  144  144  146  153  155  154  155  155  155  156  158  158  155  153  149  149  148  147  146  150  147  147  149   3617
               823   153  154  149  149  155  153  154  160  158  158  161  160  160  158  159  157  152  154  153  154  155  155  153  152   3726
               824   153  153  151  151  151  151  150  151  151  152  152  150  151  155  154  148  147  152  154  153  152  151  151  152   3636
               825   152  151  152  152  152  152  152  152  152  154  156  157  158  158  158  158  158  159  158  159  158  157  157  158   3730
               826   159  159  158  158  158  158  158  157  156  157  160  162  160  156  157  159  157  155  158  153  151  150  157  156   3769
               827   154  158  157  156  152  150  155  157  155  158  160  161  158  157  153  151  149  147  145  147  153  153  153  148   3687
               828   153  154  156  154  153  153  152  153  153  153  154  154  151  155  151  149  156  155  154  153  151  150  151  150   3668
               829   150  150  150  148  146  137  136  132  134  134  136  137  138  142  142  143  142  141  140  137  135  137  136  135   3358
               830   135  134  133  133  133  132  131  132  134  136  140  145  151  152  152  155  154  152  151  152  154  154  153  152   3450
               831   151  151  150  152  151  149  146  143  145  146  148  147  147  148  144  142  144  150  143  141  138  137  136  135   3484
              ------------------------------------------------------------------------------------------------------------------------------------
              TOTAL 4641 4632 4615 4597 4595 4587 4613 4649 4700 4750 4796 4819 4816 4812 4779 4738 4716 4682 4656 4657 4655 4630 4633 4625 112393
              MEAN   150  149  149  148  148  148  149  150  152  153  155  155  155  155  154  153  152  151  150  150  150  149  149  149   3626
              MAX    161  160  160  158  159  159  160  160  160  160  161  162  163  166  164  162  162  161  159  162  161  161  160  160   3778
                N     31   31   31   31   31   31   31   31   31   31   31   31   31   31   31   31   31   31   31   31   31   31   31   31     31
              NOTE                                                                                                                                
                                                                                                                                                  
                   *): WITH MISSING DATA; TOTAL,MEAN,MAXIMUM ESTIMATED                                                                            
                                                                                                                                                  
                                                                                                                                                  
