                                                                                                                                                  
                                                                                                                                                  
                                                               *******************************                                                    
                                                                 DOWNWARD LONGWAVE RADIATION                                                      
                                                               *******************************                                                    
                                                                                                                  COUNTRY = JAPAN                 
                                                                                                                                                  
                                                                                                                                                  
                                                                     UNIT  = 0.01 MJ/m**2                                                         
                        STATION    : Tateno                                                                                                       
                        STATION NO.: 47646                                                                                                        
                        LOCATION   : 140ﾟ08' E                                                                                                    
                                      36ﾟ03' N                                                                                                    
                        ALTITUDE   :   25.2  m                                                                                                    
                        YEAR/MONTH : 2005/01                                                                                                      
                                                                                                                                                  
              DATE   -01  -02  -03  -04  -05  -06  -07  -08  -09  -10  -11  -12  -13  -14  -15  -16  -17  -18  -19  -20  -21  -22  -23  -24  TOTAL
                                                                                                                                                  
               1 1    87   86   85   85   84   84   88   94   95   93   92   86   86   85   84   83   82   82   83   83   86   79   79   78   2049
               1 2    78   78   78   78   78   77   77   78   79   80   81   82   83   84   85   85   84   84   85   86   87   89   91   90   1977
               1 3    85   84   82   81   80   79   79   80   82   83   85   87   88   98  103  107  107  106  105  102  104  104   96   90   2197
               1 4    99  103   96   96  114  117  112  118  110   97  103   99  100  103  103  101   99   99   97  105   98  101  102  101   2473
               1 5    99   98   97   83   79   80   79   79   80   81   81   83   84   85   84   84   84   83   82   82   81   80   80   79   2007
               1 6    80   80   81   83   88   89   94   97   96  101  108  109  106  106  109  115  115  117  115  115  118  116  118  118   2474
               1 7   104   89   88   87   86   86   86   86   87   89   91   93   95   96   97   97   97   95   93   91   91   91  106  101   2222
               1 8    91   85   83   81   81   81   80   81   81   82   83   83   84   84   84   83   82   82   82   82   81   83   82   83   1984
               1 9    84   84   85   82   80   80   80   80   81   82   84   86   87   89   95   97  101  100   94   82   79   79   79   77   2047
               110    78   77   77   76   76   76   76   76   77   79   81   83   84   85   86   87   86   87   86   85   84   83   82   82   1949
               111    82   82   82   81   81   81   80   81   81   83   85   86   88   94   92   88   86   85   84   83   82   82   82   82   2013
               112    82   81   81   81   80   79   78   79   80   83   91   88   90   96   82   80   79   78   78   78   78   78   78   78   1956
               113    79   79   79   79   79   79   79   79   81   82   84   86   87   88   88   88   87   87   88   97  100   98   88   84   2045
               114    84   83   83   83   83   82   81   82   82   85   87   88   89   92   95  102  103  102  104  105  106  108  112  114   2235
               115   116  116  118  117  117  115  115  117  116  117  118  119  119  119  119  119  119  120  120  121  123  125  127  127   2859
               116   127  127  126  126  127  126  124  123  121  119  118  118  119  119  120  120  119  118  116  114  108  103  108  111   2857
               117   108   98   94   93   89   92   88   90   89   89   90   91   91   94  115  113  109  107  105   97   93   88   87   86   2296
               118    86   85   85   85   85   85   84   85   86   86   87   89   90   91   91   91   91   91  100  110  112  108  108  112   2223
               119   111  113  114  113  116  113  116  113  117  117  110  113  112  103  100   95   93   93   92   94   92   92   92   91   2515
               120    90   90  103   97   88   87   84   83   84   84   86   88   90   92   91   87   86   86   85   85   84   85   84   83   2102
               121    83   83   83   83   83   82   82   82   83   85   86   87   87   86   86   85   83   82   81   81   81   81   80   80   1995
               122    80   80   80   80   80   80   80   80   81   82   83   84   85   85   85   85   84   83   83   82   82   81   81   80   1966
               123    80   81   81   82   86   91   97  103  107  108  107  108  107  109  110  111  113  113  113  113  113  113  113  111   2470
               124   109  108  105   97   86   85   84   92   86   90   91  109  115  115  105  105  106  106  105  104   94   91   91   90   2369
               125    89   88   87   87   86   85   84   86   86   87   88   88   89   96   96  102  105  110  114  116  113  115  114  115   2326
               126   116  115  114  114  113  114  113  113  113  113  112  106  101   95   94   88   87   87   86   86   86   84   82   80   2412
               127    79   80   80   86   84   80   79   80   81   83   86   94  101   94   94   90   91   91   91   92   95   93   90   88   2102
               128    86   85   85   83   83   83   83   85   86   89   91   93   95   93   95   97   94   97   96   92   91   94   90   89   2155
               129    99  103   90   87   88   90   89   91   98  110  112  104  115  117  118  109  117  111  113  112  122  123  125  124   2567
               130   115  110   97  105   96   89   85   83   83   82   82   83   84   84   84   84   84   86   98   97  100  100  102  107   2220
               131   107  107  107  107  105  105  100  103   81   82   83   85   87   88   89   97  109  108   85   82   82   81   81   80   2241
              ------------------------------------------------------------------------------------------------------------------------------------
              TOTAL 2893 2858 2826 2798 2781 2772 2756 2799 2790 2823 2866 2898 2938 2965 2979 2975 2982 2976 2959 2954 2946 2928 2930 2911  69303
              MEAN    93   92   91   90   90   89   89   90   90   91   92   93   95   96   96   96   96   96   95   95   95   94   95   94   2236
              MAX    127  127  126  126  127  126  124  123  121  119  118  119  119  119  120  120  119  120  120  121  123  125  127  127   2859
                N     31   31   31   31   31   31   31   31   31   31   31   31   31   31   31   31   31   31   31   31   31   31   31   31     31
              NOTE                                                                                                                                
                                                                                                                                                  
                   *): WITH MISSING DATA; TOTAL,MEAN,MAXIMUM ESTIMATED                                                                            
                                                                                                                                                  
                                                                                                                                                  
