                                                                                                                                                  
                                                                                                                                                  
                                                               *******************************                                                    
                                                                 DOWNWARD LONGWAVE RADIATION                                                      
                                                               *******************************                                                    
                                                                                                                  COUNTRY = JAPAN                 
                                                                                                                                                  
                                                                                                                                                  
                                                                     UNIT  = 0.01 MJ/m**2                                                         
                        STATION    : Tateno                                                                                                       
                        STATION NO.: 47646                                                                                                        
                        LOCATION   : 140ﾟ08' E                                                                                                    
                                      36ﾟ03' N                                                                                                    
                        ALTITUDE   :   25.2  m                                                                                                    
                        YEAR/MONTH : 2005/07                                                                                                      
                                                                                                                                                  
              DATE   -01  -02  -03  -04  -05  -06  -07  -08  -09  -10  -11  -12  -13  -14  -15  -16  -17  -18  -19  -20  -21  -22  -23  -24  TOTAL
                                                                                                                                                  
               7 1   152  153  153  147  144  152  155  155  153  156  157  158  157  157  152  155  153  149  147  148  149  150  152  155   3659
               7 2   153  155  154  153  146  138  142  145  148  145  146  150  148  149  145  145  150  149  148  144  141  141  140  136   3511
               7 3   140  143  145  145  145  145  145  145  146  147  147  148  148  148  148  148  148  148  147  147  147  146  146  146   3508
               7 4   146  146  145  146  146  146  147  149  149  150  151  152  153  151  152  151  150  150  150  150  149  150  150  150   3579
               7 5   150  150  149  146  144  142  144  145  144  146  146  150  154  156  148  149  149  147  146  145  146  147  147  147   3537
               7 6   146  146  147  146  146  146  146  147  147  149  148  149  148  149  144  140  140  144  143  140  136  135  135  133   3450
               7 7   132  135  134  134  140  146  145  141  144  143  147  145  144  144  144  151  152  149  141  145  144  142  137  141   3420
               7 8   140  137  134  135  133  140  140  140  140  136  148  143  133  136  136  133  141  144  146  146  145  144  144  144   3358
               7 9   143  145  145  145  145  145  145  145  146  146  147  148  149  150  147  150  151  152  151  148  150  150  151  152   3546
               710   153  155  155  153  146  150  141  139  142  147  148  152  153  153  151  149  151  151  147  148  150  150  146  149   3579
               711   148  149  150  147  146  146  145  147  150  149  153  153  157  153  155  159  161  157  152  152  152  152  153  152   3638
               712   150  149  149  149  149  148  147  147  147  147  147  147  148  148  148  148  148  147  147  146  145  145  145  145   3536
               713   145  145  145  142  145  145  145  146  146  146  147  149  150  150  151  150  149  149  149  148  147  146  145  148   3528
               714   148  148  148  148  148  148  148  148  149  150  151  152  153  153  154  154  154  154  153  153  153  153  153  153   3626
               715   153  153  153  152  150  151  152  150  146  145  152  157  156  155  155  152  151  150  148  145  153  156  155  155   3645
               716   155  155  155  155  156  156  156  156  157  158  159  159  156  158  159  157  159  155  161  160  154  155  153  152   3756
               717   149  153  145  149  148  150  157  156  153  155  155  156  156  156  156  153  154  156  154  154  152  150  148  146   3661
               718   145  144  144  155  157  158  158  147  147  149  151  153  154  156  156  152  150  149  152  151  147  148  153  147   3623
               719   143  144  145  142  142  146  146  144  148  152  154  150  149  143  141  142  141  139  138  135  136  134  132  133   3419
               720   133  131  130  131  130  130  135  140  146  147  146  140  142  143  142  145  143  146  150  147  147  140  137  137   3358
               721   144  142  138  137  137  137  138  139  140  143  145  146  148  148  148  148  150  151  150  152  150  152  153  153   3489
               722   151  143  142  146  148  154  154  153  152  153  153  153  152  150  148  149  149  148  150  149  148  148  148  148   3589
               723   147  147  146  146  146  147  146  146  147  149  149  147  149  145  140  136  135  133  132  137  146  145  146  146   3453
               724   135  129  130  142  141  141  149  151  151  151  151  154  156  157  156  157  157  157  156  155  154  155  153  148   3586
               725   147  144  149  156  146  149  147  149  146  152  152  155  156  156  154  149  153  158  152  154  152  156  157  156   3645
               726   153  153  154  154  154  155  155  155  155  156  159  161  163  163  162  161  161  161  161  160  159  160  160  158   3793
               727   154  157  157  156  156  155  157  155  152  151  151  149  147  144  145  147  147  145  142  139  138  139  143  139   3565
               728   143  142  146  141  136  132  132  133  134  136  137  140  142  144  146  147  144  142  142  141  140  139  138  137   3354
               729   138  138  140  146  140  149  146  153  157  152  148  154  157  155  154  156  153  153  152  154  150  151  153  154   3603
               730   157  157  159  158  149  157  160  160  154  159  157  157  155  155  159  159  159  160  158  160  157  155  152  154   3767
               731   154  153  155  155  156  158  155  159  157  158  161  155  157  156  158  157  153  152  150  150  149  150  148  146   3702
              ------------------------------------------------------------------------------------------------------------------------------------
              TOTAL 4547 4541 4541 4557 4515 4562 4578 4585 4593 4623 4663 4682 4690 4681 4654 4649 4656 4645 4615 4603 4586 4584 4573 4560 110483
              MEAN   147  146  146  147  146  147  148  148  148  149  150  151  151  151  150  150  150  150  149  148  148  148  148  147   3564
              MAX    157  157  159  158  157  158  160  160  157  159  161  161  163  163  162  161  161  161  161  160  159  160  160  158   3793
                N     31   31   31   31   31   31   31   31   31   31   31   31   31   31   31   31   31   31   31   31   31   31   31   31     31
              NOTE                                                                                                                                
                                                                                                                                                  
                   *): WITH MISSING DATA; TOTAL,MEAN,MAXIMUM ESTIMATED                                                                            
                                                                                                                                                  
                                                                                                                                                  
