                                                                                                                                                  
                                                                                                                                                  
                                                               *******************************                                                    
                                                                 DOWNWARD LONGWAVE RADIATION                                                      
                                                               *******************************                                                    
                                                                                                                  COUNTRY = JAPAN                 
                                                                                                                                                  
                                                                                                                                                  
                                                                     UNIT  = 0.01 MJ/m**2                                                         
                        STATION    : Tateno                                                                                                       
                        STATION NO.: 47646                                                                                                        
                        LOCATION   : 140ﾟ08' E                                                                                                    
                                      36ﾟ03' N                                                                                                    
                        ALTITUDE   :   25.2  m                                                                                                    
                        YEAR/MONTH : 2005/05                                                                                                      
                                                                                                                                                  
              DATE   -01  -02  -03  -04  -05  -06  -07  -08  -09  -10  -11  -12  -13  -14  -15  -16  -17  -18  -19  -20  -21  -22  -23  -24  TOTAL
                                                                                                                                                  
               5 1   116  116  116  116  116  117  118  122  126  136  133  132  134  137  139  137  139  139  138  141  142  141  142  143   3136
               5 2   144  144  145  145  145  145  144  144  142  135  135  139  141  139  141  128  124  123  129  125  122  117  115  118   3229
               5 3   124  129  129  125  128  128  128  114  112  104  105  106  107  108  107  106  107  108  109  108  107  106  105  105   2715
               5 4   105  105  106  106  106  107  109  111  113  115  116  117  118  118  118  118  118  118  117  117  116  116  116  116   2722
               5 5   115  115  115  121  127  127  121  113  111  112  113  114  114  114  114  114  114  113  113  113  114  115  118  118   2778
               5 6   119  117  124  127  134  133  133  132  132  131  130  131  128  130  132  131  130  128  127  128  128  128  129  129   3091
               5 7   129  130  130  131  131  130  131  131  131  132  134  134  134  131  117  118  118  118  117  116  115  114  113  110   2995
               5 8   107  105  105  108  107  106  115  118  135  137  136  136  136  136  136  134  130  130  133  134  132  134  135  133   3018
               5 9   128  119  132  131  133  133  132  134  121  119  120  119  122  124  122  130  131  129  126  131  131  133  127  127   3054
               510   130  122  120  124  123  116  114  106  106  104  106  107  109  110  109  109  107  108  109  108  107  108  107  106   2675
               511   111  120  123  124  122  119  124  128  128  129  130  130  130  130  130  114  111  127  123  127  128  129  115  103   2955
               512   102  102  101  107  118  119  124  126  128  129  129  132  131  124  123  130  121  124  124  122  126  125  122  111   2900
               513   119  110  105  104  106  124  128  129  130  130  130  130  130  130  129  128  127  125  123  117  103  110  120  118   2905
               514   122  122  113  114  119  107   99  103  119  122  125  125  125  125  121  113  106  105  122  127  125  124  125  128   2836
               515   129  129  129  113  123  129  131  132  130  129  130  123  115  116  131  131  118  125  128  121  110  101   96   94   2913
               516    94   93   93   93   93   93   95   98   99  101  104  105  107  108  110  110  110  109  106  105  105  105  105  104   2445
               517   103  104  121  127  125  124  119  124  125  127  126  129  126  120  114  111  111  110  110  110  110  109  110  109   2804
               518   108  110  110  111  115  114  113  117  128  136  133  133  142  135  137  139  140  139  138  127  127  125  125  123   3025
               519   124  128  139  145  146  146  146  145  143  139  138  134  138  142  141  138  137  137  135  136  140  140  136  138   3331
               520   137  136  134  123  129  125  123  111  115  119  122  125  126  125  127  127  124  118  117  119  114  110  114  112   2932
               521   112  115  112  116  114  113  111  113  117  117  118  121  125  125  124  123  126  130  130  130  128  130  127  127   2904
               522   129  129  131  131  131  130  131  130  133  136  132  129  128  130  131  134  139  141  140  137  134  135  138  138   3197
               523   125  129  124  117  119  122  122  119  121  125  129  132  130  128  133  141  142  139  135  136  135  135  135  131   3104
               524   122  124  131  119  114  112  117  118  120  129  132  123  125  134  128  133  137  135  133  131  131  XXX  XXX  XXX   XXXX
               525   XXX  XXX  XXX  XXX  XXX  XXX  XXX  XXX  XXX  129  123  125  133  116  112  110  109  108  107  107  108  107  107  106   XXXX
               526   107  106  106  105  105  104  105  107  109  111  114  115  115  114  114  114  114  113  112  122  125  130  127  121   2715
               527   112  110  110  113  130  132  125  118  119  119  121  125  124  126  140  138  134  139  136  133  127  130  127  130   3018
               528   129  129  121  115  114  114  115  117  118  121  126  134  132  135  132  128  126  124  121  120  118  117  115  114   2935
               529   115  114  112  128  135  135  133  118  124  119  118  120  126  125  120  126  126  124  123  121  126  126  137  139   2990
               530   136  140  140  141  140  141  141  142  142  143  143  144  144  144  143  143  143  143  142  142  142  142  142  141   3404
               531   141  140  140  139  138  138  137  138  138  139  139  140  141  139  141  132  129  126  121  120  120  120  120  119   3195
              ------------------------------------------------------------------------------------------------------------------------------------
              TOTAL 3714 3711 3739 3739 3810 3807 3807 3779 3838 3874 3890 3909 3936 3918 3916 3888 3848 3855 3844 3831 3796 3785 3773 3732  91847
              MEAN   120  120  121  121  123  123  123  122  124  125  125  126  127  126  126  125  124  124  124  124  122  122  122  120   2963
              MAX    144  144  145  145  146  146  146  145  143  143  143  144  144  144  143  143  143  143  142  142  142  142  142  143   3404
                N     30   30   30   30   30   30   30   30   30   31   31   31   31   31   31   31   31   31   31   31   31   30   30   30     29
              NOTE    *)   *)   *)   *)   *)   *)   *)   *)   *)                                                               *)   *)   *)     *)
                                                                                                                                                  
                   *): WITH MISSING DATA; TOTAL,MEAN,MAXIMUM ESTIMATED                                                                            
                                                                                                                                                  
                                                                                                                                                  
