                                                                                                                                                  
                                                                                                                                                  
                                                               *******************************                                                    
                                                                 DOWNWARD LONGWAVE RADIATION                                                      
                                                               *******************************                                                    
                                                                                                                  COUNTRY = JAPAN                 
                                                                                                                                                  
                                                                                                                                                  
                                                                     UNIT  = 0.01 MJ/m**2                                                         
                        STATION    : Tateno                                                                                                       
                        STATION NO.: 47646                                                                                                        
                        LOCATION   : 140ﾟ08' E                                                                                                    
                                      36ﾟ03' N                                                                                                    
                        ALTITUDE   :   25.2  m                                                                                                    
                        YEAR/MONTH : 2005/11                                                                                                      
                                                                                                                                                  
              DATE   -01  -02  -03  -04  -05  -06  -07  -08  -09  -10  -11  -12  -13  -14  -15  -16  -17  -18  -19  -20  -21  -22  -23  -24  TOTAL
                                                                                                                                                  
              11 1   100  100   96   95   93   92   92   93   96   98   99  100  102  102  102  102  101  101  103  101  102  102  101   99   2372
              11 2    99  100   97   98   96   97   98   98  100  103  106  107  109  110  114  116  112  110  108  109  111  109  109  107   2523
              11 3   107  109  108  116  115  111  117  110  119  124  118  125  128  114  119  129  134  133  131  129  130  122  109  107   2864
              11 4   107  107  106  105  104  103  104  106  107  110  113  113  114  117  116  115  114  113  112  111  112  111  110  110   2640
              11 5   110  109  109  110  106  104  104  104  106  109  112  114  115  115  114  114  113  111  111  111  110  110  119  115   2655
              11 6   116  110  117  115  112  116  117  118  122  131  133  134  135  134  137  135  137  138  138  138  139  140  141  140   3093
              11 7   139  141  142  142  142  142  141  123  126  122  118  117  115  113  112  112  118  124  114  114  109  110  110  106   2952
              11 8   104  102  101   99  101  100   99  101  110  107  109  111  111  113  114  114  110  107  105  103  102  100   99   98   2520
              11 9    97   96   96   95   95   93   92   94   97   99  101  103  104  105  106  106  105  104  104  104  104  105  104  104   2413
              1110   103  100   99   98   98   96   96   97   99  102  104  109  115  111  107  106  106  105  105  104  104  104  106  104   2478
              1111   102  100   99   98   97   97   96  101  109  111  114  116  114  121  122  122  123  125  124  123  124  126  126  124   2714
              1112   126  127  129  130  130  130  130  130  129  124  108  108  109  111  111  107  103  100   98   96   95   94   94   94   2713
              1113    95  107  123  116  104   96  102  113  110  106  102  104  106  107  110  112  117  118  115  108  105  102  102  100   2580
              1114    99   99   99  101  103  104  104  107  113  120  119  130  129  131  132  129  128  127  129  129  129  126  126  127   2840
              1115   126  126  125  124  123  123  123  123  123  123  121  120  112  110  114  111  113  116  120  122  121  121  111  102   2853
              1116    96   95   95  108  102   96   96   93   94   95   97   98   98   99  100   99   98   97   97   98  105  101   98   93   2348
              1117    90   89   88   87   87   87   88   89   97   96   93   92   93   93   94   95   94   94   93   93   93   96  103  103   2227
              1118   101  100   95   89   89   88   87   88   89   92   94   95   96   96   97  101  105  103  105  102   98   96   94   91   2291
              1119    90   90   88   88   87   90   93   90   90   99   99   94   94   95   95   94   94   96   92   93   91   90   91   89   2212
              1120    90   88   88   93   92   95   93   95   90   98   97   93   93   94   95   95   95   96   94   93   98   91   91   91   2238
              1121   101   94   88   87   87   87   86   87   89   92  101  107   98   97   97   97   96   96   96   97   96   95   95   95   2261
              1122    92   91   91   90   89   89   90   90   92   94   96   98   99  100  100  101  100  100  100   99   98   98   98   97   2292
              1123    96   96   95   94   95   95   96  102  116  104  112  123  113  105  108  114  116  118  118  117  116  107  105  114   2575
              1124   113  110  111  110  108  104   99  100  101  100  102  102  103  104  104  104  104  103  102  101  101  100  100  100   2486
              1125    99   98   97   97   96   95   95   95  100  112  118  120  118  115  108  103  103  104  102  107  113  102  101   99   2497
              1126    98   97   96   94   93   92   92   92   94   96  100  103  107  111  114  115  115  113  111  105  105  118  124  115   2500
              1127   108  100   98  100   98   98   98   98   99  100  102  103  104  105  106  106  105  104  103  101   99   98   96   95   2424
              1128    95   95   94   94   94   94   94   95   97   99  101  104  110  108  108  113  114  121  127  118  113  111  107  108   2514
              1129   111  114  112  110  105  114  118  115  116  114  113  110  114  119  107  102  100   98   97  103  110  104   97  104   2607
              1130   100   91   90   90   90   90   89   89   91   93   94   95   96   97   99   99   98  102  101   96   94   91   89   88   2252
              ------------------------------------------------------------------------------------------------------------------------------------
              TOTAL 3110 3081 3072 3073 3031 3018 3029 3036 3121 3173 3196 3248 3254 3252 3262 3268 3271 3277 3255 3225 3227 3180 3156 3119  75934
              MEAN   104  103  102  102  101  101  101  101  104  106  107  108  108  108  109  109  109  109  109  108  108  106  105  104   2531
              MAX    139  141  142  142  142  142  141  130  129  131  133  134  135  134  137  135  137  138  138  138  139  140  141  140   3093
                N     30   30   30   30   30   30   30   30   30   30   30   30   30   30   30   30   30   30   30   30   30   30   30   30     30
              NOTE                                                                                                                                
                                                                                                                                                  
                   *): WITH MISSING DATA; TOTAL,MEAN,MAXIMUM ESTIMATED                                                                            
                                                                                                                                                  
                                                                                                                                                  
                                                                                                                                                  
