                                                                                                                                                  
                                                                                                                                                  
                                                               *******************************                                                    
                                                                 DOWNWARD LONGWAVE RADIATION                                                      
                                                               *******************************                                                    
                                                                                                                  COUNTRY = JAPAN                 
                                                                                                                                                  
                                                                                                                                                  
                                                                     UNIT  = 0.01 MJ/m**2                                                         
                        STATION    : Tateno                                                                                                       
                        STATION NO.: 47646                                                                                                        
                        LOCATION   : 140ﾟ08' E                                                                                                    
                                      36ﾟ03' N                                                                                                    
                        ALTITUDE   :   25.2  m                                                                                                    
                        YEAR/MONTH : 2005/10                                                                                                      
                                                                                                                                                  
              DATE   -01  -02  -03  -04  -05  -06  -07  -08  -09  -10  -11  -12  -13  -14  -15  -16  -17  -18  -19  -20  -21  -22  -23  -24  TOTAL
                                                                                                                                                  
              10 1   121  125  127  127  119  118  117  119  122  125  131  132  138  138  135  134  134  133  133  133  133  134  131  130   3089
              10 2   131  131  131  131  130  131  132  131  134  136  138  141  144  145  145  146  145  144  144  142  143  147  143  146   3331
              10 3   148  149  151  150  149  148  147  145  140  145  138  134  134  141  143  144  145  143  144  145  145  144  145  145   3462
              10 4   145  145  144  144  144  144  144  145  145  145  146  146  145  145  146  147  146  146  147  146  146  145  144  144   3484
              10 5   144  145  145  144  145  145  145  145  145  144  145  145  144  145  143  143  144  143  142  142  142  142  142  142   3451
              10 6   142  143  142  143  143  142  142  142  142  141  143  142  144  145  139  137  127  124  123  122  121  121  121  121   3252
              10 7   120  128  126  138  135  130  127  135  135  130  128  134  132  134  136  140  139  144  149  149  150  150  150  151   3290
              10 8   152  152  153  154  154  153  152  151  151  152  153  150  152  149  147  150  150  149  153  154  154  151  150  149   3635
              10 9   148  146  145  145  144  144  143  144  144  143  143  142  143  143  142  140  138  143  144  143  144  144  142  142   3439
              1010   143  143  144  144  144  144  144  143  142  142  142  143  143  143  143  142  143  143  143  143  143  142  141  141   3428
              1011   142  142  142  141  140  141  142  142  142  142  141  141  142  143  138  133  137  133  134  137  139  130  128  131   3323
              1012   127  125  119  117  118  115  125  131  137  133  122  135  126  130  119  117  116  114  114  114  122  116  111  112   2915
              1013   121  123  123  123  112  108  109  111  113  115  119  118  128  124  120  121  122  121  126  127  124  137  133  134   2912
              1014   135  137  121  116  116  118  117  116  117  119  123  126  134  145  148  145  149  148  147  150  150  150  150  149   3226
              1015   140  137  146  148  147  138  139  145  150  150  148  150  148  142  143  151  149  147  149  152  149  148  148  149   3513
              1016   148  148  149  150  150  146  145  143  141  143  143  143  144  143  142  143  142  141  141  140  140  138  136  139   3438
              1017   136  138  137  140  138  142  142  142  143  143  144  145  144  144  143  144  144  143  143  143  142  143  142  141   3406
              1018   142  142  141  140  140  140  140  139  140  140  138  139  138  138  137  134  130  133  133  133  136  136  135  137   3301
              1019   136  139  138  136  139  139  139  138  138  138  138  139  139  139  139  139  130  130  127  126  130  119  114  113   3202
              1020   120  120  118  114  113  108  108  109  111  113  115  117  119  122  122  121  120  119  117  121  133  140  135  136   2871
              1021   136  137  127  127  116  115  115  116  118  134  133  139  129  122  121  123  120  122  121  119  120  118  119  131   2978
              1022   127  129  130  130  130  131  132  133  136  139  138  141  137  137  137  137  132  128  126  134  137  126  132  116   3175
              1023   124  127  127  123  114  110  101  106  110  112  108  114  112  111  112  113  113  112  112  112  112  111  110  108   2714
              1024   108  108  108  107  107  107  106  109  111  113  115  122  127  129  125  120  118  116  116  127  115  118  118  112   2762
              1025   115  115  113  110  107  106  104  104  105  107  110  113  115  116  117  116  116  117  118  119  117  113  114  119   2706
              1026   117  115  120  117  122  115  121  125  127  124  132  125  126  135  136  136  135  135  134  134  135  134  134  135   3069
              1027   134  135  134  134  133  131  129  128  130  132  133  132  132  129  126  114  113  113  112  111  111  111  110  109   2976
              1028   108  108  108  108  109  109  109  108  109  111  112  114  118  126  124  129  135  125  126  135  126  120  132  128   2837
              1029   116  119  124  122  123  137  136  XXX  XXX  136  136  133  137  139  139  138  139  139  136  138  130  127  129  129   XXXX
              1030   132  133  136  136  132  134  136  135  136  136  136  136  135  136  137  136  134  133  132  133  131  125  129  122   3201
              1031   120  125  123  125  129  129  130  129  129  125  121  121  116  108  121  110  109  109  118  108  103  102  103  101   2814
              ------------------------------------------------------------------------------------------------------------------------------------
              TOTAL 4078 4109 4092 4084 4042 4018 4018 4039 4073 4108 4112 4152 4165 4186 4165 4143 4114 4090 4104 4132 4123 4082 4071 4062  98372
              MEAN   132  133  132  132  130  130  130  130  131  133  133  134  134  135  134  134  133  132  132  133  133  132  131  131   3173
              MAX    152  152  153  154  154  153  152  151  151  152  153  150  152  149  148  151  150  149  153  154  154  151  150  151   3635
                N     31   31   31   31   31   31   31   30   30   31   31   31   31   31   31   31   31   31   31   31   31   31   31   31     30
              NOTE                                       *)   *)                                                                                *)
                                                                                                                                                  
                   *): WITH MISSING DATA; TOTAL,MEAN,MAXIMUM ESTIMATED                                                                            
                                                                                                                                                  
                                                                                                                                                  
