                                                                                                                                                  
                                                                                                                                                  
                                                               *******************************                                                    
                                                                 DOWNWARD LONGWAVE RADIATION                                                      
                                                               *******************************                                                    
                                                                                                                  COUNTRY = JAPAN                 
                                                                                                                                                  
                                                                                                                                                  
                                                                     UNIT  = 0.01 MJ/m**2                                                         
                        STATION    : Tateno                                                                                                       
                        STATION NO.: 47646                                                                                                        
                        LOCATION   : 140ﾟ08' E                                                                                                    
                                      36ﾟ03' N                                                                                                    
                        ALTITUDE   :   25.2  m                                                                                                    
                        YEAR/MONTH : 2006/10                                                                                                      
                                                                                                                                                  
              DATE   -01  -02  -03  -04  -05  -06  -07  -08  -09  -10  -11  -12  -13  -14  -15  -16  -17  -18  -19  -20  -21  -22  -23  -24  TOTAL
                                                                                                                                                  
              10 1   131  134  126  126  129  130  128  129  133  141  146  145  143  143  144  144  144  145  147  147  145  144  145  145   3334
              10 2   145  144  144  143  144  143  142  142  143  143  143  144  145  146  147  148  148  148  147  147  146  145  146  145   3478
              10 3   145  144  141  141  141  142  143  143  137  135  135  140  148  146  146  144  141  139  137  139  144  142  145  144   3402
              10 4   142  141  142  142  141  141  141  141  140  137  142  146  146  148  146  141  138  143  146  146  147  146  145  145   3433
              10 5   145  145  145  145  144  144  144  144  144  145  145  145  144  145  147  146  145  147  147  147  148  149  149  149   3498
              10 6   149  148  147  148  147  146  147  146  146  146  146  145  145  145  145  143  142  141  140  140  139  139  139  139   3458
              10 7   138  138  138  137  137  138  137  138  139  140  141  139  135  135  134  126  126  129  136  130  117  115  115  114   3172
              10 8   114  114  114  114  114  114  114  114  115  116  117  117  118  118  117  117  116  114  113  112  112  112  111  110   2747
              10 9   110  110  110  109  108  107  106  108  110  113  115  117  118  119  120  120  120  119  119  117  117  116  115  115   2738
              1010   116  126  120  120  116  115  114  115  116  119  121  122  123  124  125  126  125  124  123  123  122  122  125  126   2908
              1011   123  123  121  125  125  129  128  127  124  132  141  142  142  145  141  141  142  142  142  142  140  136  132  133   3218
              1012   134  135  131  128  126  125  137  141  135  123  123  127  131  130  128  128  128  125  123  123  123  123  123  130   3080
              1013   139  133  126  122  125  121  121  126  125  136  132  137  130  127  134  138  126  125  115  115  114  115  123  128   3033
              1014   131  124  115  118  134  136  135  129  122  125  121  121  122  119  126  118  113  112  111  110  110  109  109  108   2878
              1015   107  108  108  108  116  114  116  116  119  122  119  123  124  123  123  123  125  120  112  113  114  118  121  123   2815
              1016   122  121  114  112  111  108  108  109  111  114  117  118  120  120  118  116  114  114  114  114  114  119  133  135   2796
              1017   137  137  131  123  131  129  132  136  125  126  124  127  124  126  127  124  123  122  122  123  121  120  120  119   3029
              1018   121  120  123  121  120  123  121  124  128  128  128  134  130  129  122  123  122  118  118  117  117  117  116  116   2936
              1019   116  116  116  114  114  114  114  115  118  119  120  122  123  124  124  124  122  121  120  120  125  124  121  118   2864
              1020   118  117  118  123  124  124  125  128  133  133  129  135  137  139  135  137  140  139  137  135  136  138  139  138   3157
              1021   136  122  124  121  128  128  126  127  119  129  122  128  118  117  117  117  116  123  124  121  131  135  134  128   2991
              1022   135  137  137  136  136  135  135  135  132  118  118  124  131  133  140  142  145  144  144  143  139  141  143  145   3268
              1023   144  144  143  144  146  146  146  146  144  142  142  141  140  140  139  140  140  140  141  142  141  141  140  140   3412
              1024   140  140  140  138  138  137  134  132  132  131  132  131  131  131  131  130  130  130  130  130  131  130  131  131   3191
              1025   131  132  132  131  130  131  132  123  115  119  134  124  124  121  119  119  120  116  116  116  135  133  120  115   2988
              1026   119  111  110  110  109  108  108  110  112  116  115  115  116  118  119  119  127  121  124  134  137  138  136  138   2870
              1027   139  140  140  140  135  136  134  134  135  136  138  141  141  141  141  132  133  140  136  119  116  116  116  118   3197
              1028   124  132  134  122  131  128  127  131  124  120  120  129  125  122  125  120  122  119  119  118  124  131  138  137   3022
              1029   139  139  141  141  139  141  142  142  142  142  142  136  142  139  134  135  124  121  123  119  121  129  121  127   3221
              1030   126  125  117  122  120  120  116  114  114  115  118  122  119  118  117  117  115  115  115  125  129  119  126  119   2863
              1031   115  116  122  129  129  115  114  122  115  117  125  131  125  122  121  119  118  117  116  116  120  121  114  122   2881
              ------------------------------------------------------------------------------------------------------------------------------------
              TOTAL 4031 4016 3970 3953 3988 3968 3967 3987 3947 3978 4011 4068 4060 4053 4052 4017 3990 3973 3957 3943 3975 3983 3991 4000  95878
              MEAN   130  130  128  128  129  128  128  129  127  128  129  131  131  131  131  130  129  128  128  127  128  128  129  129   3093
              MAX    149  148  147  148  147  146  147  146  146  146  146  146  148  148  147  148  148  148  147  147  148  149  149  149   3498
                N     31   31   31   31   31   31   31   31   31   31   31   31   31   31   31   31   31   31   31   31   31   31   31   31     31
              NOTE                                                                                                                                
                                                                                                                                                  
                   *): WITH MISSING DATA; TOTAL,MEAN,MAXIMUM ESTIMATED                                                                            
                                                                                                                                                  
                                                                                                                                                  
