                                                                                                                                                  
                                                                                                                                                  
                                                               *******************************                                                    
                                                                 DOWNWARD LONGWAVE RADIATION                                                      
                                                               *******************************                                                    
                                                                                                                  COUNTRY = JAPAN                 
                                                                                                                                                  
                                                                                                                                                  
                                                                     UNIT  = 0.01 MJ/m**2                                                         
                        STATION    : Tateno                                                                                                       
                        STATION NO.: 47646                                                                                                        
                        LOCATION   : 140ﾟ08' E                                                                                                    
                                      36ﾟ03' N                                                                                                    
                        ALTITUDE   :   25.2  m                                                                                                    
                        YEAR/MONTH : 2006/11                                                                                                      
                                                                                                                                                  
              DATE   -01  -02  -03  -04  -05  -06  -07  -08  -09  -10  -11  -12  -13  -14  -15  -16  -17  -18  -19  -20  -21  -22  -23  -24  TOTAL
                                                                                                                                                  
              11 1   119  127  120  119  120  124  113  105  107  110  112  113  115  117  119  119  117  115  114  114  120  116  117  130   2802
              11 2   130  130  130  126  125  131  130  122  115  112  126  132  121  126  121  123  128  122  116  117  112  111  112  113   2931
              11 3   113  113  127  125  124  121  121  122  120  113  114  121  122  119  116  114  113  112  111  111  116  119  117  117   2821
              11 4   125  120  112  123  117  119  112  127  125  123  124  128  130  135  136  127  119  121  121  118  116  120  120  127   2945
              11 5   114  126  122  113  116  127  122  126  118  115  120  134  134  133  132  121  119  118  117  116  116  116  116  115   2906
              11 6   115  112  112  115  136  134  137  130  121  129  137  131  131  134  134  136  135  133  133  133  133  132  131  132   3106
              11 7   133  136  133  134  135  138  136  133  132  122  122  118  119  111  109  106  102   98   95   95   94   94   93   93   2781
              11 8    93   93   95   93   93   92   93   93   95   98  101  103  105  107  110  110  110  109  108  108  108  107  105  105   2434
              11 9   104  102  101  100   98   96   96   96   98  101  103  105  107  110  110  110  112  112  112  112  110  109  107  106   2517
              1110   105  105  105  108  108  104  115  124  125  113  109  112  114  115  118  120  123  127  128  131  128  133  131  130   2831
              1111   136  135  132  127  127  128  128  131  134  133  135  136  136  135  136  136  136  138  136  134  137  129  115  124   3174
              1112   122  129  113  108  101  103  100   97   98   98  100   98   98   96   95   95   94   92   92   91   91   92   92   93   2388
              1113    93   94   94   94   94   94   94   94   95   96   97   99  100  102  105  109  106  105  104  105  113  118  109  110   2424
              1114   107  114  114  106  108  107  100  101   99  102  104  108  114  116  116  116  116  115  115  117  118  122  126  135   2696
              1115   136  139  128  116  116  102   97   95   96   97  100  102  118  122  125  126  126  128  127  128  126  127  121  105   2803
              1116   103  109  125  119  101   98   95   95   95   96   99  100  102  104  107  118  113  114  102  101  101   99  104  104   2504
              1117    98  101   99   99  102  101  115  117  122  121  118  109  116  116  109  116  115  115  113   98   97   96   96   95   2584
              1118    94   94   93   92   92   92   91   91   94   96   98  100  101  104  109  114  116  117  122  124  123  115  116  120   2508
              1119   120  120  121  123  123  123  123  124  124  125  125  127  127  127  127  127  128  129  129  131  132  130  130  131   3026
              1120   132  133  134  134  135  133  131  132  133  134  132  129  120  130  129  131  131  130  134  133  132  123  130  127   3142
              1121   125  110  126  114  105  103  104  102  101  103  105  107  108  111  109  109  108  108  108  108  108  107  106  107   2602
              1122   105  104  104  104  102  102  100  100  102  104  105  107  111  114  117  118  117  118  120  119  118  117  116  117   2641
              1123   117  117  116  116  116  115  115  114  115  114  109  119  127  129  129  127  129  129  128  128  128  125  124  123   2909
              1124   122  122  121  121  118  118  116  107   97   97   98   97  100  100   97   97   96   96   93   92   91   91   90   89   2466
              1125    88   88   88   88   87   87   88   88   89   91   93   93   94   94   95   95   95   95   95   95   95   96   96   95   2208
              1126    95   96   96   97   95   95  105  120  114  123  122  125  124  129  129  125  123  121  127  129  131  131  131  132   2815
              1127   130  134  138  138  139  141  141  142  142  140  139  136  138  139  139  140  140  139  139  137  136  135  134  134   3310
              1128   134  133  132  132  132  132  131  130  130  129  130  129  129  130  130  130  127  120  126  124  128  128  128  127   3101
              1129   120  124  129  129  121  104  104  102  104  104  106  107  111  111  109  113  112  114  121  116  114  115  114  123   2727
              1130   122  126  128  123  123  126  124  125  125  124  125  125  124  117  102  100   98   98   99   97   97   96   95   95   2714
              ------------------------------------------------------------------------------------------------------------------------------------
              TOTAL 3450 3486 3488 3436 3409 3390 3377 3385 3365 3363 3408 3450 3496 3533 3519 3528 3504 3488 3485 3462 3469 3449 3422 3454  82816
              MEAN   115  116  116  115  114  113  113  113  112  112  114  115  117  118  117  118  117  116  116  115  116  115  114  115   2761
              MAX    136  139  138  138  139  141  141  142  142  140  139  136  138  139  139  140  140  139  139  137  137  135  134  135   3310
                N     30   30   30   30   30   30   30   30   30   30   30   30   30   30   30   30   30   30   30   30   30   30   30   30     30
              NOTE                                                                                                                                
                                                                                                                                                  
                   *): WITH MISSING DATA; TOTAL,MEAN,MAXIMUM ESTIMATED                                                                            
                                                                                                                                                  
                                                                                                                                                  
                                                                                                                                                  
