                                                                                                                                                  
                                                                                                                                                  
                                                               *******************************                                                    
                                                                 DOWNWARD LONGWAVE RADIATION                                                      
                                                               *******************************                                                    
                                                                                                                  COUNTRY = JAPAN                 
                                                                                                                                                  
                                                                                                                                                  
                                                                     UNIT  = 0.01 MJ/m**2                                                         
                        STATION    : Tateno                                                                                                       
                        STATION NO.: 47646                                                                                                        
                        LOCATION   : 140ﾟ08' E                                                                                                    
                                      36ﾟ03' N                                                                                                    
                        ALTITUDE   :   25.2  m                                                                                                    
                        YEAR/MONTH : 2006/04                                                                                                      
                                                                                                                                                  
              DATE   -01  -02  -03  -04  -05  -06  -07  -08  -09  -10  -11  -12  -13  -14  -15  -16  -17  -18  -19  -20  -21  -22  -23  -24  TOTAL
                                                                                                                                                  
               4 1    85   85   86   87   87   87   88   90   91   92   93   95   98  101  103  104  104  104  105  110  112  113  115  116   2351
               4 2   117  118  120  121  121  120  122  123  124  123  123  131  129  129  135  138  137  138  138  130  127  124  108  105   3001
               4 3   103  100   99   99   97   98   98   99   99   99  101  103  105  104  101   99   97   95   93   93   93   93   93   93   2354
               4 4    92   92   91   91   91   92   93   96   99  101  105  107  109  111  112  111  115  120  119  123  124  124  125  127   2570
               4 5   128  129  127  126  124  126  128  127  128  130  129  128  129  128  127  127  126  124  122  111  110  104  104   98   2940
               4 6    95   96   94   88   86   86   87   87   88   90   91   93   93   96   96   97   96   99  103  107  113  115  121  122   2339
               4 7   122  122  122  122  120  103  111  118  121  122  121  116  119  115  110  108  122  122  105  115  123  121  121  122   2823
               4 8   122  123  122  119  121  117  118  124  127  127  130  129  121  111  114  103  102  101   99   98   97   96   95   94   2710
               4 9    94   95   94   94   93   93   96  100  100  104  106  107  104  104  103  101   99  102   98  110  117  112  114  112   2452
               410   111  115  115  114  115  118  123  123  124  124  125  126  126  126  127  127  127  127  125  125  127  125  127  128   2950
               411   127  125  127  127  127  127  128  125  126  129  132  133  133  134  132  135  136  136  136  137  135  135  134  134   3150
               412   135  134  136  136  135  134  134  136  138  138  140  139  141  141  141  142  141  141  140  141  140  141  138  136   3318
               413   139  139  128  136  136  138  138  138  137  140  141  140  137  138  138  136  135  134  134  135  135  136  135  134   3277
               414   134  134  133  132  130  130  129  129  128  124  131  130  129  119  114  120  120  113  107  101  105  100   95   94   2881
               415    94   97   97   94   95   93   94  101  109  112  112  110  106  100   97   96   97   95   96  108  117  115  121  122   2478
               416   121  121  121  120  120  120  120  119  117  123  124  126  126  127  127  128  128  128  128  128  128  128  127  125   2980
               417   115  118  118  123  114  111   98   93   94   95   97  100  100  102  103  105  106  108  108  108  108  108  108  107   2547
               418   107  106  105  106  106  106  105  106  108  110  113  116  118  120  120  121  120  118  118  119  119  122  123  124   2736
               419   123  120  122  119  117  117  119  129  131  122  122  125  127  129  126  122  125  119  119  122  120  129  129  126   2959
               420   131  134  133  135  128  115  125  127  136  142  143  143  144  139  119  113  122  111  107  104  107  106  113  116   2993
               421   115  106  114  108  104  109  121  124  118  103  101  106  116  102  102  106  105  103   99   95   95   95   93   93   2533
               422    93   93   92   92   92   91   92   94   96   98  100  106  109  112  114  113  118  119  120  116  107  116  107  103   2493
               423   102  107  107  118  120  121  121  122  119  125  130  133  134  135  136  135  135  136  135  135  135  134  134  135   3044
               424   134  134  135  134  135  134  135  136  128  134  131  127  129  126  122  125  121  132  133  133  132  128  127  125   3130
               425   125  123  122  122  122  123  124  123  123  122  119  117  120  122  108   97   98   98   97   96   96   96   95   94   2682
               426    93   92   92   91   91   92   93   98  101  106  111  118  119  121  125  129  127  124  116  122  121  123  126  125   2656
               427   122  117  119  121  120  125  126  126  128  128  130  130  118  129  127  128  114  119  118  126  128  129  129  128   2985
               428   127  116  103  101  109  117  124  114  103  106  107  110  107  107  109  109  108  109  107  106  106  106  105  106   2622
               429   107  108  109  109  108  107  108  113  127  129  131  126  128  133  135  135  133  130  128  127  126  123  126  114   2920
               430   114  126  126  108  107  107  108  110  118  122  116  117  121  123  129  129  126  129  130  130  131  126  119  120   2892
              ------------------------------------------------------------------------------------------------------------------------------------
              TOTAL 3427 3425 3409 3393 3371 3357 3406 3450 3486 3520 3555 3587 3595 3584 3552 3539 3540 3534 3483 3511 3534 3523 3507 3478  83766
              MEAN   114  114  114  113  112  112  114  115  116  117  119  120  120  119  118  118  118  118  116  117  118  117  117  116   2792
              MAX    139  139  136  136  136  138  138  138  138  142  143  143  144  141  141  142  141  141  140  141  140  141  138  136   3318
                N     30   30   30   30   30   30   30   30   30   30   30   30   30   30   30   30   30   30   30   30   30   30   30   30     30
              NOTE                                                                                                                                
                                                                                                                                                  
                   *): WITH MISSING DATA; TOTAL,MEAN,MAXIMUM ESTIMATED                                                                            
                                                                                                                                                  
                                                                                                                                                  
                                                                                                                                                  
