                                                                                                                                                  
                                                                                                                                                  
                                                               *******************************                                                    
                                                                 DOWNWARD LONGWAVE RADIATION                                                      
                                                               *******************************                                                    
                                                                                                                  COUNTRY = JAPAN                 
                                                                                                                                                  
                                                                                                                                                  
                                                                     UNIT  = 0.01 MJ/m**2                                                         
                        STATION    : Tateno                                                                                                       
                        STATION NO.: 47646                                                                                                        
                        LOCATION   : 140ﾟ08' E                                                                                                    
                                      36ﾟ03' N                                                                                                    
                        ALTITUDE   :   25.2  m                                                                                                    
                        YEAR/MONTH : 2006/02                                                                                                      
                                                                                                                                                  
              DATE   -01  -02  -03  -04  -05  -06  -07  -08  -09  -10  -11  -12  -13  -14  -15  -16  -17  -18  -19  -20  -21  -22  -23  -24  TOTAL
                                                                                                                                                  
               2 1   120  120  120  120  120  120  122  122  122  123  123  122  123  122  122  122  121  121  121  120  119  118  102   91   2856
               2 2    88   87   85   85   84   84   84   84   84   86   96  113  115  118  118  117  117  117  117  117  117  119  116  105   2453
               2 3    96  108  117  114   98  100   98   98   97   94   91   91   92   93   94   92   90   86   83   84   96  104  103  100   2319
               2 4    98   86   71   71   71   72   72   73   73   74   77   83   93   91   84   77   76   84   86   77   81   75   73   73   1891
               2 5    73   73   73   75   74   73   72   72   74   75   77   78   78   78   78   77   76   76   75   75   75   76   76   80   1809
               2 6    79   77   78   80   82   85  100  106  107  107  108  109  110  110  111  111  112  112  107  112  114  114  115  115   2461
               2 7   115  114  114  114  114  115  115  115  116  116  117  117  117  118  118  120  120  105  100  108   94   96   88   85   2651
               2 8    83   85   85   85   85   85   85   85   85   88   89   90   92   96  101   94  104  113  112   90   88   84   84   86   2174
               2 9    85   81   81   80   79   77   76   76   77   78   79   79   79   80   81   81   80   79   78   78   78   78   79   80   1899
               210    79   78   78   78   80   80   77   76   77   78   81   82   82   83   84   86   87   86   86   85   85   85   83   82   1958
               211    81   81   81   81   82   82   82   83   85   87   90   91   91   93   95   94   93   92   91   92   91   91   89   88   2106
               212    89   87   87   89  101  101   91   84   81   81   81   82   82   81   81   79   76   75   75   75   76   77   77   77   1985
               213    77   77   78   78   78   78   78   79   81   83   84   85   86   87   89   91   91   90   90   89   89   88   88   88   2022
               214    88   88   87   87   87   85   85   84   87   95   96   96   96  100  105  108  108  105  106  105  103  103  103  103   2310
               215   103  103  103  102  102  101  100  100  101  103  113  115  111  111  111  110  110  114  126  128  124  118  124  126   2659
               216   127  126  126  125  124  123  122  122  121  121  121  121  121  121  121  121  121  121  121  121  121  121  121  120   2930
               217   120  120  120  120  120  120  120  117  117  118  121  122  120  119  119  116  115  112  112  109  111  111  110  108   2797
               218   107  105  106  106   97  100   86   83   80   82   82   84   87   90   91   96   97   98  108  100  108  114  116  115   2338
               219   116  116  116  115  116  115  114  113  115  116  109  103  110  112  110  109  112  113  114  112  115  115  113  117   2716
               220   115  104  102  103  106  106   99   92   93  101  120  122  123  122  121  121  120  119  118  118  118  118  118  118   2697
               221   118  113  114  107   99  102  115  118  119  120  122  124  124  124  124  123  119  107  102  107  115  117  120  120   2773
               222   115  114  117  115  113  112   96   97   98  114  123  111   98  105  113  103  109  106  105  109  116  120  115  116   2640
               223   120  118  119  110  104  102  101  102  104  113  113  115  117  113  122  123  121  120  120  115  101   99  110  113   2695
               224   114  112  113  115  116  116  115  117  116  117  118  118  118  118  117  117  118  118  118  117  117  116  117  116   2794
               225   111  102   92   91   89   88   89   88   90   91   93   95   94   96   99   96   94   98  100  103  101  101   98  101   2300
               226   108  117  119  120  118  118  119  120  123  124  125  126  128  131  133  133  128  127  129  127  127  130  130  131   2991
               227   118  114  122  126  124  107  115  121  105  113  106  114  106  114  119  121  117  116  116  116  115  115  113  113   2766
               228   113  112  112  112  112  113  112  112  112  113  113  113  114  115  115  115  116  115  115  116  116  116  116  116   2734
              ------------------------------------------------------------------------------------------------------------------------------------
              TOTAL 2856 2818 2816 2804 2775 2760 2740 2739 2740 2811 2868 2901 2907 2941 2976 2953 2948 2925 2931 2905 2911 2919 2897 2883  68724
              MEAN   102  101  101  100   99   99   98   98   98  100  102  104  104  105  106  105  105  104  105  104  104  104  103  103   2454
              MAX    127  126  126  126  124  123  122  122  123  124  125  126  128  131  133  133  128  127  129  128  127  130  130  131   2991
                N     28   28   28   28   28   28   28   28   28   28   28   28   28   28   28   28   28   28   28   28   28   28   28   28     28
              NOTE                                                                                                                                
                                                                                                                                                  
                   *): WITH MISSING DATA; TOTAL,MEAN,MAXIMUM ESTIMATED                                                                            
                                                                                                                                                  
                                                                                                                                                  
                                                                                                                                                  
                                                                                                                                                  
                                                                                                                                                  
