                                                                                                                                                  
                                                                                                                                                  
                                                               *******************************                                                    
                                                                 DOWNWARD LONGWAVE RADIATION                                                      
                                                               *******************************                                                    
                                                                                                                  COUNTRY = JAPAN                 
                                                                                                                                                  
                                                                                                                                                  
                                                                     UNIT  = 0.01 MJ/m**2                                                         
                        STATION    : Tateno                                                                                                       
                        STATION NO.: 47646                                                                                                        
                        LOCATION   : 140ﾟ08' E                                                                                                    
                                      36ﾟ03' N                                                                                                    
                        ALTITUDE   :   25.2  m                                                                                                    
                        YEAR/MONTH : 2006/05                                                                                                      
                                                                                                                                                  
              DATE   -01  -02  -03  -04  -05  -06  -07  -08  -09  -10  -11  -12  -13  -14  -15  -16  -17  -18  -19  -20  -21  -22  -23  -24  TOTAL
                                                                                                                                                  
               5 1   119  118  119  119  119  120  121  123  125  127  129  132  133  133  133  132  131  131  130  130  129  128  132  144   3057
               5 2   145  140  142  142  140  140  138  135  135  136  135  134  133  132  132  132  131  130  128  127  126  123  113  100   3169
               5 3    98   96   95   94   94   94   95   96   97   99  101  103  106  105  105  104  104  104  103  102  102  101  101  101   2400
               5 4   101  102  124  127  127  123  115  108  109  118  121  114  116  114  113  112  112  111  111  111  111  110  110  109   2729
               5 5   108  108  109  108  108  108  109  113  118  121  123  124  124  124  125  123  124  123  121  121  119  119  121  120   2821
               5 6   119  118  118  118  118  117  117  120  122  121  124  125  121  121  123  127  127  127  129  129  128  128  127  129   2953
               5 7   130  132  134  136  138  138  138  140  142  142  143  143  142  143  144  143  143  143  143  144  144  145  145  145   3380
               5 8   145  145  145  145  145  142  139  138  138  137  137  136  136  136  135  134  134  133  132  132  132  132  131  131   3290
               5 9   131  131  131  132  131  131  131  132  133  134  135  136  136  134  140  140  139  138  137  136  136  136  136  136   3232
               510   136  137  137  138  138  138  139  140  140  141  142  143  144  145  139  139  137  135  133  135  139  142  143  143   3343
               511   143  142  144  144  143  142  141  144  148  149  150  150  150  150  148  146  146  144  136  142  128  127  119  112   3388
               512   113  121  124  119  120  131  131  130  129  123  120  122  110  111  111  121  122  116  117  125  130  129  129  131   2935
               513   129  130  129  129  129  130  130  130  130  131  131  132  131  131  131  131  131  131  132  132  131  132  132  132   3137
               514   132  132  132  133  133  133  133  132  132  131  132  133  131  133  135  135  132  132  135  135  133  126  129  125   3169
               515   121  126  116  119  118  112  111  114  115  118  130  129  126  130  132  132  126  119  127  127  124  125  124  128   2949
               516   133  132  132  132  132  133  135  133  134  134  135  136  137  138  138  134  135  135  134  131  130  131  124  120   3188
               517   124  120  122  122  123  130  131  131  132  135  138  138  137  138  138  139  138  138  137  136  135  135  134  135   3186
               518   135  135  136  136  136  137  136  135  136  136  137  139  142  141  141  142  141  141  142  143  142  142  142  142   3335
               519   142  143  143  143  143  144  144  144  145  146  147  148  148  148  149  148  146  147  145  149  149  150  151  152   3514
               520   152  153  152  153  152  151  153  151  155  150  153  149  148  140  145  142  148  149  147  136  126  123  119  118   3465
               521   117  117  116  115  114  112  113  114  115  115  119  119  120  120  122  122  122  122  134  138  138  122  118  118   2882
               522   137  140  140  140  140  140  140  141  140  139  145  144  141  134  138  139  145  128  123  122  122  122  122  123   3245
               523   128  125  130  135  136  137  137  139  139  140  140  140  140  143  143  144  144  143  142  142  142  142  143  143   3337
               524   142  137  138  135  134  128  129  128  126  130  134  134  128  124  134  135  137  138  137  137  135  134  130  132   3196
               525   135  120  111  109  107  107  108  109  110  111  111  112  112  114  115  115  116  116  115  120  116  115  115  125   2744
               526   133  135  135  136  137  134  136  137  135  140  138  140  136  137  138  137  138  135  133  133  133  134  134  132   3256
               527   132  133  133  133  133  134  136  138  140  141  140  140  142  142  142  142  142  141  141  141  142  142  143  144   3337
               528   144  144  145  146  146  146  147  147  148  150  152  151  150  150  150  149  138  138  132  139  136  139  140  146   3473
               529   136  129  134  138  137  144  143  141  139  140  143  141  142  140  138  135  133  134  134  131  130  131  134  137   3284
               530   137  134  138  135  136  137  137  136  134  133  124  126  125  124  125  128  136  140  141  140  141  135  133  131   3206
               531   124  118  117  115  114  114  115  117  118  122  124  127  129  131  132  130  128  129  128  127  126  125  125  123   2958
              ------------------------------------------------------------------------------------------------------------------------------------
              TOTAL 4021 3993 4021 4026 4021 4027 4028 4036 4059 4090 4133 4140 4116 4106 4134 4132 4126 4091 4079 4093 4055 4025 3999 4007  97558
              MEAN   130  129  130  130  130  130  130  130  131  132  133  134  133  132  133  133  133  132  132  132  131  130  129  129   3147
              MAX    152  153  152  153  152  151  153  151  155  150  153  151  150  150  150  149  148  149  147  149  149  150  151  152   3514
                N     31   31   31   31   31   31   31   31   31   31   31   31   31   31   31   31   31   31   31   31   31   31   31   31     31
              NOTE                                                                                                                                
                                                                                                                                                  
                   *): WITH MISSING DATA; TOTAL,MEAN,MAXIMUM ESTIMATED                                                                            
                                                                                                                                                  
                                                                                                                                                  
