                                                                                                                                                  
                                                                                                                                                  
                                                               *******************************                                                    
                                                                 DOWNWARD LONGWAVE RADIATION                                                      
                                                               *******************************                                                    
                                                                                                                  COUNTRY = JAPAN                 
                                                                                                                                                  
                                                                                                                                                  
                                                                     UNIT  = 0.01 MJ/m**2                                                         
                        STATION    : Tateno                                                                                                       
                        STATION NO.: 47646                                                                                                        
                        LOCATION   : 140ﾟ08' E                                                                                                    
                                      36ﾟ03' N                                                                                                    
                        ALTITUDE   :   25.2  m                                                                                                    
                        YEAR/MONTH : 2006/01                                                                                                      
                                                                                                                                                  
              DATE   -01  -02  -03  -04  -05  -06  -07  -08  -09  -10  -11  -12  -13  -14  -15  -16  -17  -18  -19  -20  -21  -22  -23  -24  TOTAL
                                                                                                                                                  
               1 1    87   93  100   99   99   97   97   96   99  102  110  111  112  116  117  117  117  117  119  119  119  119  118  116   2596
               1 2   110  118  114  105  104  109  111  112  113  114  114  115  117  118  118  113   99   93   91   93   89   88   86   85   2529
               1 3    84   83   83   83   82   89   89   82   82   84   86   90   90   89   87   83   82   82   82   82   81   81   81   80   2017
               1 4    80   80   80   79   80   88   89   89   92   95   87   85   89   91   92   93   86   86   87   88   91   93   97   95   2112
               1 5    94   97  101  103  104  103  101  101  101  102  103   99   82   81   81   85   83   80   79   77   77   76   76   76   2162
               1 6    76   76   75   75   75   75   79   86   84   86   88   84   94  101  102  104  104  100   94   96  102  104  106  108   2174
               1 7   103   98   94   82   79   79   78   78   79   97   92   82   83   82   82   82   83   80   77   77   77   77   76   76   1993
               1 8    76   76   76   76   76   76   76   76   77   78   79   81   82   83   83   82   81   80   80   80   79   78   78   77   1886
               1 9    78   77   77   76   76   76   76   76   77   85   84   92   99   91   87   86   86   86   87  102  109  111  111  114   2119
               110   113  113  112  112  112  112  112  113  113  113  111  109  113  104  105  104   91   94   88   87   87   86   86   92   2482
               111    85   84   83   82   82   81   80   80   81   83   85   86   87   88   88   87   87   87   87   86   85   96  105  102   2077
               112    88   86   92   80   79   79   80   80   81   83   84   86   87   88   89   88   87   86   86   85   86   85   89  102   2056
               113    92   86   88  101  110  107   95  110  112  113  114  115  115  116  116  116  117  118  118  118  119  119  119  117   2651
               114   111  115  116  106  121  122  124  123  117  115  117  126  127  128  126  125  126  125  129  134  132  130  128  127   2950
               115   118  103  101   96  107  102  107   95   93   94   95   96   97   97  103  104  108  116  118  119  117  118  116  113   2533
               116   104  114  117  118  104   96   93  109  112  114  121  121  121  112  116  123  122  123  125  125  125  125  125  123   2788
               117   122  122  122  121  120  119  118  116  114  105  110   98   94   92   89   87   89   97   96   86   84   93  104  102   2500
               118   100  105  103  107  101   96   91   87   86   86   85   87   94   89   86   86   85   84   84   83   82   82   81   80   2150
               119    79   78   78   78   78   78   78   78   79   81   81   80   80   81   81   80   79   78   79   81   84   86   84   87   1926
               120    87   85   87   89   86   86   83   80   83   83   85   93   93   87   96   94   98   95   88   88   86   90  100  112   2154
               121   113  113  113  113  112  112  112  112  113  113  113  113  113  113  114  114  113  113  113  113  112  111  109  110   2700
               122   105  101   85   83   80   79   79   78   78   76   77   78   79   79   80   80   82   82   82   82   84   91   83   79   1982
               123    76   75   74   74   74   74   74   76   86   77   75   75   76   77   77   78   78   78   78   78   78   77   77   77   1839
               124    77   77   78   78   78   78   79   79   80   81   82   83   83   85   82   82   82   82   81   81   80   80   79   78   1925
               125    78   78   78   77   77   77   76   77   78   79   81   84   87   83   83   84   84   84   83   84   83   82   82   81   1940
               126    80   80   80   79   79   79   80   80   82   83   84   87   86   86   86   85   84   84   83   82   82   81   81   80   1973
               127    80   80   79   79   79   79   79   79   81   82   84   86   88   89   91   96  112  113  108   91   86   86   85   85   2097
               128    81   81   80   80   80   80   81   80   81   82   83   84   85   86   86   86   84   83   82   81   81   80   80   79   1966
               129    79   79   79   79   79   78   79   80   81   82   83   85   87   88   89   90   91   90   90   90   99  101   96   92   2066
               130   101  110  104   89   87   88   88   89   95   96   96   99  108  107  103  102  100  100   99  100   98   98   98   97   2352
               131    97   96   95   95   95   99  108  106  114  117  120  121  121  120  120  119  119  119  118  119  119  120  120  120   2697
              ------------------------------------------------------------------------------------------------------------------------------------
              TOTAL 2854 2859 2844 2794 2795 2793 2792 2803 2844 2881 2909 2931 2969 2947 2955 2955 2939 2935 2911 2907 2913 2944 2956 2962  69392
              MEAN    92   92   92   90   90   90   90   90   92   93   94   95   96   95   95   95   95   95   94   94   94   95   95   96   2238
              MAX    122  122  122  121  121  122  124  123  117  117  121  126  127  128  126  125  126  125  129  134  132  130  128  127   2950
                N     31   31   31   31   31   31   31   31   31   31   31   31   31   31   31   31   31   31   31   31   31   31   31   31     31
              NOTE                                                                                                                                
                                                                                                                                                  
                   *): WITH MISSING DATA; TOTAL,MEAN,MAXIMUM ESTIMATED                                                                            
                                                                                                                                                  
                                                                                                                                                  
