                                                                                                                                                  
                                                                                                                                                  
                                                               *******************************                                                    
                                                                 DOWNWARD LONGWAVE RADIATION                                                      
                                                               *******************************                                                    
                                                                                                                  COUNTRY = JAPAN                 
                                                                                                                                                  
                                                                                                                                                  
                                                                     UNIT  = 0.01 MJ/m**2                                                         
                        STATION    : Tateno                                                                                                       
                        STATION NO.: 47646                                                                                                        
                        LOCATION   : 140ﾟ08' E                                                                                                    
                                      36ﾟ03' N                                                                                                    
                        ALTITUDE   :   25.2  m                                                                                                    
                        YEAR/MONTH : 2006/03                                                                                                      
                                                                                                                                                  
              DATE   -01  -02  -03  -04  -05  -06  -07  -08  -09  -10  -11  -12  -13  -14  -15  -16  -17  -18  -19  -20  -21  -22  -23  -24  TOTAL
                                                                                                                                                  
               3 1   115  117  117  117  117  118  118  118  119  120  121  123  124  125  125  125  125  125  126  125  125  124  123  123   2915
               3 2   122  122  123  123  122  122  121  120  120  120  119  118  118  117  116  116  116  115  115  112  113  108  109  109   2816
               3 3   113  114  112  109  105  106  111  106  106  110  105  104  103  108  105  112  115  114  114  109   98   91   88   89   2547
               3 4    84   95   96   88   83   82   81   82   83   84   85   86   87   87   88   88   88   89   89   88   88   88   89   93   2091
               3 5    91   90   89   87   87   85   85   87   89   94  103   94   92   92   94   95   95   95   95   95   94   93   93   93   2207
               3 6    92   92   96   94  100   96  105  107  103  106  109  110  117  124  125  124  122  121  121  120  120  120  120  118   2662
               3 7   116  122  124  123  123  120  120  114  112  113  111  112  120  120  112  103  101  110  112  121  120  121  122  121   2793
               3 8   122   98   94   93   93   92   92   93   95   97   99  102  104  105  106  106  103  101  100   98   97   97   97   97   2381
               3 9    97   93   91   92   92   93   98   93   91  101  105  101  101   99   98   96  101  102  103  108  116  117  118  119   2425
               310   119  120  119  119  120  121  120  120  121  121  122  123  122  122  123  123  123  122  122  123  122  121  121  122   2911
               311   118  121  109   99   99   96  102  106  106  101  102  105  106  106  109  107  107  105  104  105  105  105  105  111   2539
               312   112  113  113  113  114  115  116  113  110  110  114  124  122  131  131  125  118  117  117  118  118  118  117  117   2816
               313   114  113  113  113  112  110  105   83   82   83   91   93  104  104   93   97   90  110  110   91   82   79   78   77   2327
               314    77   80   77   83   85   76   76   77   79   81   83   84   86   99  105  100   96   92   90   84   82   80   80   80   2032
               315    80   80   80   80   81   82   82   83   85   88   89   91   91   93   94   94   96   97   96   95   94   94   94   97   2136
               316    93   93   92   92   92   91   91   93   95  101  112  116  123  126  131  131  131  132  134  133  129  132  134  136   2733
               317   132  115  112  125  125  125  122  118  120  122  118  118  106  115  105  102  100   98   97   94   92   91   91   91   2634
               318    89   89   87   86   87   87   87   88   91   94   98  103  111  118  126  127  128  129  129  125  124  124  124  122   2573
               319   123  122  123  123  121  125  126  124  124  123  122  115  115  109  106  108   89   85   84   83   82   82   82   82   2578
               320    81   81   80   80   80   80   80   82   83   85   87   88   89   90   90   89   88   86   85   85   86   86   85   85   2031
               321    85   86   87   87   87   87   88   89   92   94   96   98   98  100  101  102  102  110  104  100   96   93   92   90   2264
               322    87   86   86   85   86   87   88   88   90   91   93   97  106  116  113  116  116  119  123  123  123  123  124  124   2490
               323   125  125  125  124  124  124  125  125  125  125  126  127  124  118  120  122  123  103  112  112  116  122  115  115   2902
               324   112  117  109  108  108  103  107   96   91   91   94   97   99   96   97  106  113  111  112  112  113  113  113  114   2532
               325   114  113  111   99  108  102  101  102   97   93   94   95   95   96   96   96   97   97   96   96   98  100  101  116   2413
               326   102  102  107  121  122  123  114  118  130  125  119  119  121  122  121  122  122  121  120  119  111  104  103  102   2790
               327   102  100  100   98   96   95   96   97   98   98   99   99   99   99   99   99   99  101  104  107  113  123  125  127   2473
               328   123  117  120  118  120  125  126  126  127  130  121  116  114  115  121  114  122  128  124  123  121  127  130  127   2935
               329   114  112  115  110  112  103   93   88   91   92   93   96   95   97   97   92   88   85   84   84   83   83   82   83   2272
               330    83   83   82   82   82   83   83   84   86   88   90   92  102  102  100  104  108  114  110   93   86   95   82   80   2194
               331    80   81   81   82   93   93   84   84   86   89   98  102   95   95   91   91   90   88   87   87   86   86   85   85   2119
              ------------------------------------------------------------------------------------------------------------------------------------
              TOTAL 3217 3192 3170 3153 3176 3147 3143 3104 3127 3170 3218 3248 3289 3346 3338 3332 3312 3322 3319 3268 3233 3240 3222 3245  77531
              MEAN   104  103  102  102  102  102  101  100  101  102  104  105  106  108  108  107  107  107  107  105  104  105  104  105   2501
              MAX    132  125  125  125  125  125  126  126  130  130  126  127  124  131  131  131  131  132  134  133  129  132  134  136   2935
                N     31   31   31   31   31   31   31   31   31   31   31   31   31   31   31   31   31   31   31   31   31   31   31   31     31
              NOTE                                                                                                                                
                                                                                                                                                  
                   *): WITH MISSING DATA; TOTAL,MEAN,MAXIMUM ESTIMATED                                                                            
                                                                                                                                                  
                                                                                                                                                  
