                                                                                                                                                  
                                                                                                                                                  
                                                               *******************************                                                    
                                                                 DOWNWARD LONGWAVE RADIATION                                                      
                                                               *******************************                                                    
                                                                                                                  COUNTRY = JAPAN                 
                                                                                                                                                  
                                                                                                                                                  
                                                                     UNIT  = 0.01 MJ/m**2                                                         
                        STATION    : Tateno                                                                                                       
                        STATION NO.: 47646                                                                                                        
                        LOCATION   : 140ﾟ08' E                                                                                                    
                                      36ﾟ03' N                                                                                                    
                        ALTITUDE   :   25.2  m                                                                                                    
                        YEAR/MONTH : 2006/08                                                                                                      
                                                                                                                                                  
              DATE   -01  -02  -03  -04  -05  -06  -07  -08  -09  -10  -11  -12  -13  -14  -15  -16  -17  -18  -19  -20  -21  -22  -23  -24  TOTAL
                                                                                                                                                  
               8 1   146  146  144  135  142  145  146  146  146  147  149  149  150  150  150  147  145  140  140  141  139  144  148  149   3484
               8 2   149  148  149  148  149  149  149  150  151  152  153  154  154  153  147  145  143  143  142  141  144  151  148  147   3559
               8 3   151  150  145  140  139  139  138  138  140  142  144  146  147  149  151  153  153  150  147  146  144  147  155  145   3499
               8 4   140  139  139  140  140  139  140  142  144  146  149  150  151  153  152  151  151  148  146  145  143  143  144  143   3478
               8 5   143  142  141  141  140  138  139  141  144  147  148  148  146  147  146  147  147  146  146  145  143  142  140  139   3446
               8 6   139  139  144  153  156  154  156  147  139  142  145  148  151  152  154  156  152  151  150  149  148  145  143  143   3556
               8 7   142  142  142  141  142  141  142  146  147  146  148  149  154  155  156  156  155  154  152  153  152  150  149  149   3563
               8 8   148  148  147  147  149  152  159  155  153  152  153  151  150  150  152  150  149  147  146  146  155  155  147  156   3617
               8 9   150  156  157  158  157  158  158  158  158  158  158  158  158  158  157  156  155  151  152  149  150  148  153  152   3723
               810   146  146  150  147  143  142  143  145  147  148  151  152  156  159  156  151  149  148  150  146  144  143  142  144   3548
               811   145  149  153  151  150  156  156  157  157  158  159  160  161  161  156  154  152  152  149  147  143  148  153  151   3678
               812   148  152  154  157  156  155  154  157  158  156  159  157  157  157  155  154  154  156  155  147  143  141  136  140   3658
               813   146  137  144  142  139  145  149  147  155  146  153  154  156  158  159  156  154  150  148  151  145  148  145  144   3571
               814   143  144  144  144  144  145  145  147  154  154  158  161  157  157  157  154  152  147  145  144  144  143  144  144   3571
               815   144  154  156  154  157  156  157  158  158  156  158  157  158  158  160  160  160  159  159  159  159  159  158  159   3773
               816   159  159  159  159  158  158  158  159  160  161  162  162  163  162  158  157  161  163  162  161  155  160  159  158   3833
               817   161  162  162  163  162  162  162  157  163  165  164  164  163  163  161  161  160  159  158  158  160  161  161  163   3875
               818   158  160  161  159  158  153  149  150  153  151  152  152  152  155  155  154  155  154  152  151  150  149  151  151   3685
               819   148  147  147  148  150  152  156  161  159  157  157  159  159  164  160  157  157  154  153  153  152  150  149  149   3698
               820   148  148  147  147  150  148  159  158  152  155  161  163  162  162  161  160  158  153  150  149  150  148  147  144   3680
               821   143  144  143  147  148  150  154  151  149  150  150  150  150  152  153  152  153  150  152  153  151  155  147  146   3593
               822   149  149  148  143  145  143  144  150  157  159  159  161  159  160  158  157  156  158  156  152  159  159  159  159   3699
               823   156  155  153  145  145  145  156  154  157  159  160  160  160  159  152  151  150  149  149  156  157  157  157  156   3698
               824   155  156  153  155  156  155  155  155  156  160  160  159  161  159  155  154  157  153  153  155  153  156  151  155   3737
               825   154  154  157  158  156  153  144  147  145  149  148  156  151  149  148  149  143  143  144  144  149  151  152  154   3598
               826   155  155  155  156  156  155  154  153  153  154  155  155  156  156  156  156  154  155  153  150  149  145  152  152   3690
               827   152  151  144  150  147  146  147  150  152  153  154  154  155  155  155  155  154  154  153  153  153  153  153  152   3645
               828   152  152  152  152  152  152  151  152  152  154  155  156  156  156  156  157  154  154  153  151  154  154  154  150   3681
               829   151  153  152  142  145  140  141  142  144  147  149  155  154  151  155  154  148  148  147  147  149  150  147  149   3560
               830   152  151  152  148  146  143  144  150  159  153  156  159  160  158  154  152  151  149  147  139  138  137  137  138   3573
               831   139  135  136  138  134  132  133  133  135  136  137  141  145  145  142  144  142  141  141  138  140  138  138  144   3327
              ------------------------------------------------------------------------------------------------------------------------------------
              TOTAL 4612 4623 4630 4608 4611 4601 4638 4656 4697 4713 4764 4800 4812 4823 4787 4760 4724 4679 4650 4619 4615 4630 4619 4625 112296
              MEAN   149  149  149  149  149  148  150  150  152  152  154  155  155  156  154  154  152  151  150  149  149  149  149  149   3622
              MAX    161  162  162  163  162  162  162  161  163  165  164  164  163  164  161  161  161  163  162  161  160  161  161  163   3875
                N     31   31   31   31   31   31   31   31   31   31   31   31   31   31   31   31   31   31   31   31   31   31   31   31     31
              NOTE                                                                                                                                
                                                                                                                                                  
                   *): WITH MISSING DATA; TOTAL,MEAN,MAXIMUM ESTIMATED                                                                            
                                                                                                                                                  
                                                                                                                                                  
