                                                                                                                                                  
                                                                                                                                                  
                                                               *******************************                                                    
                                                                 DOWNWARD LONGWAVE RADIATION                                                      
                                                               *******************************                                                    
                                                                                                                  COUNTRY = JAPAN                 
                                                                                                                                                  
                                                                                                                                                  
                                                                     UNIT  = 0.01 MJ/m**2                                                         
                        STATION    : Tateno                                                                                                       
                        STATION NO.: 47646                                                                                                        
                        LOCATION   : 140ﾟ08' E                                                                                                    
                                      36ﾟ03' N                                                                                                    
                        ALTITUDE   :   25.2  m                                                                                                    
                        YEAR/MONTH : 2006/09                                                                                                      
                                                                                                                                                  
              DATE   -01  -02  -03  -04  -05  -06  -07  -08  -09  -10  -11  -12  -13  -14  -15  -16  -17  -18  -19  -20  -21  -22  -23  -24  TOTAL
                                                                                                                                                  
               9 1   141  136  133  137  140  142  144  146  152  150  149  149  149  149  149  147  148  147  144  137  137  129  128  128   3411
               9 2   128  127  127  126  125  125  127  129  130  133  138  136  135  136  140  138  137  138  137  138  137  138  142  133   3200
               9 3   131  133  132  130  130  129  130  132  134  135  139  145  141  141  142  138  137  136  135  142  146  134  138  131   3261
               9 4   131  132  137  133  130  130  131  133  136  139  138  141  142  143  151  155  153  154  153  153  153  152  150  142   3412
               9 5   156  144  138  138  142  145  135  137  138  140  142  144  145  146  147  149  149  156  158  157  158  156  156  155   3531
               9 6   154  154  154  153  151  144  153  154  154  153  152  152  153  153  152  153  153  153  152  151  153  151  151  151   3654
               9 7   152  152  153  154  153  153  152  153  154  154  155  154  153  155  154  155  158  159  156  151  152  150  150  149   3681
               9 8   152  157  155  156  150  153  155  156  156  156  156  157  158  155  153  155  155  147  151  150  156  155  156  156   3706
               9 9   156  154  154  154  155  156  156  157  157  149  158  160  160  156  151  154  152  153  157  157  159  158  152  149   3724
               910   157  157  158  156  151  153  153  158  159  153  154  160  155  157  156  154  152  150  150  151  153  150  150  148   3695
               911   151  145  144  150  153  155  154  155  152  155  157  152  146  150  149  152  147  149  151  148  149  142  153  153   3612
               912   153  154  153  153  153  153  153  152  152  153  153  152  151  150  149  149  148  148  147  147  148  147  147  146   3611
               913   145  145  144  144  144  144  144  144  145  146  147  147  148  148  148  147  147  146  146  145  145  144  145  145   3493
               914   145  144  144  145  145  145  145  144  143  143  142  140  145  144  146  146  140  143  144  142  143  140  139  133   3430
               915   129  129  134  132  137  128  135  140  143  143  143  145  143  135  132  128  126  125  123  126  126  125  123  123   3173
               916   125  124  120  123  140  137  124  123  124  132  136  142  145  138  138  142  142  134  132  140  139  137  135  134   3206
               917   134  133  136  144  143  144  144  147  147  150  151  151  152  152  152  152  151  150  149  150  149  149  149  149   3528
               918   149  149  148  147  147  150  152  151  157  160  158  154  159  159  157  151  150  150  145  144  147  150  147  143   3624
               919   142  141  140  140  140  141  140  142  144  150  148  155  155  155  155  156  156  154  155  151  150  149  140  134   3533
               920   133  135  130  130  130  129  127  127  129  130  131  134  137  137  137  138  134  132  131  130  129  129  131  129   3159
               921   131  140  140  135  128  128  131  138  131  134  139  137  134  134  133  133  140  135  130  130  129  135  132  133   3210
               922   137  145  144  145  143  140  141  141  137  142  148  147  144  138  141  141  139  138  137  136  136  138  139  138   3375
               923   138  136  137  134  134  136  126  123  127  135  143  139  136  131  133  135  127  121  120  119  118  118  119  117   3102
               924   116  117  115  115  113  118  119  116  118  119  121  128  126  125  126  125  124  123  123  124  135  127  123  122   2918
               925   122  122  129  127  125  124  120  119  123  124  125  135  131  130  131  135  126  125  123  122  123  124  126  127   3018
               926   130  131  134  132  133  132  134  137  137  142  141  143  145  146  146  146  146  145  144  145  146  147  148  148   3378
               927   147  147  143  141  144  147  147  148  150  152  152  151  149  148  146  135  140  130  129  128  128  128  128  128   3386
               928   127  126  124  125  139  143  140  138  131  126  129  131  132  135  133  134  132  132  132  132  132  133  136  138   3180
               929   138  139  138  141  140  140  138  138  142  141  142  142  143  146  141  138  135  136  133  136  135  136  142  134   3334
               930   135  132  132  135  134  135  135  135  136  139  134  134  134  132  136  139  136  129  136  128  127  127  127  127   3194
              ------------------------------------------------------------------------------------------------------------------------------------
              TOTAL 4185 4180 4170 4175 4192 4199 4185 4213 4238 4278 4321 4357 4346 4324 4324 4320 4280 4238 4223 4210 4238 4198 4202 4143 101739
              MEAN   140  139  139  139  140  140  140  140  141  143  144  145  145  144  144  144  143  141  141  140  141  140  140  138   3391
              MAX    157  157  158  156  155  156  156  158  159  160  158  160  160  159  157  156  158  159  158  157  159  158  156  156   3724
                N     30   30   30   30   30   30   30   30   30   30   30   30   30   30   30   30   30   30   30   30   30   30   30   30     30
              NOTE                                                                                                                                
                                                                                                                                                  
                   *): WITH MISSING DATA; TOTAL,MEAN,MAXIMUM ESTIMATED                                                                            
                                                                                                                                                  
                                                                                                                                                  
                                                                                                                                                  
