                                                                                                                                                  
                                                                                                                                                  
                                                               *******************************                                                    
                                                                 DOWNWARD LONGWAVE RADIATION                                                      
                                                               *******************************                                                    
                                                                                                                  COUNTRY = JAPAN                 
                                                                                                                                                  
                                                                                                                                                  
                                                                     UNIT  = 0.01 MJ/m**2                                                         
                        STATION    : Tateno                                                                                                       
                        STATION NO.: 47646                                                                                                        
                        LOCATION   : 140ﾟ08' E                                                                                                    
                                      36ﾟ03' N                                                                                                    
                        ALTITUDE   :   25.2  m                                                                                                    
                        YEAR/MONTH : 2006/07                                                                                                      
                                                                                                                                                  
              DATE   -01  -02  -03  -04  -05  -06  -07  -08  -09  -10  -11  -12  -13  -14  -15  -16  -17  -18  -19  -20  -21  -22  -23  -24  TOTAL
                                                                                                                                                  
               7 1   151  153  155  155  154  155  156  152  150  149  147  148  149  151  149  153  154  150  150  151  151  150  152  151   3636
               7 2   151  151  150  148  145  147  147  150  148  151  150  156  158  158  155  152  153  156  149  148  143  141  142  150   3599
               7 3   150  150  151  153  153  146  148  147  148  149  155  150  152  150  159  158  153  151  146  151  153  150  143  144   3610
               7 4   147  144  134  136  145  137  135  135  138  142  144  138  138  139  140  145  146  148  146  147  148  149  148  146   3415
               7 5   146  146  147  148  145  146  148  146  151  151  152  151  153  153  153  154  154  155  155  155  154  153  151  152   3619
               7 6   152  152  152  151  151  151  151  151  152  153  154  154  153  152  149  148  153  151  152  150  151  152  153  153   3641
               7 7   153  153  153  153  153  152  146  141  154  156  156  157  156  153  151  149  152  147  146  150  157  153  152  156   3649
               7 8   155  154  155  151  152  148  152  145  145  145  145  145  145  144  143  145  142  145  150  154  154  153  153  153   3573
               7 9   152  152  152  150  149  151  153  153  150  155  155  155  154  154  153  153  153  154  155  153  152  154  155  155   3672
               710   154  153  154  155  155  156  156  156  156  155  156  158  157  160  158  150  154  157  154  148  143  142  145  146   3678
               711   148  155  156  151  156  155  157  156  155  156  159  159  162  159  157  157  157  155  154  155  154  153  154  155   3735
               712   154  155  155  155  154  154  154  155  157  156  156  158  159  160  161  160  160  159  158  156  153  149  155  155   3748
               713   155  154  151  151  155  155  156  156  156  158  159  158  161  159  163  166  162  161  160  160  156  157  157  152   3778
               714   151  159  151  149  150  154  154  158  152  156  162  159  160  163  167  165  161  156  156  153  148  148  147  148   3727
               715   147  146  146  146  146  146  147  148  150  154  157  158  159  162  158  156  153  158  159  158  157  158  157  157   3683
               716   157  158  160  159  156  154  156  155  158  159  157  157  157  159  158  155  153  152  152  156  158  155  158  157   3756
               717   156  155  156  155  154  153  151  152  152  153  153  154  155  156  156  156  156  155  154  154  152  151  150  152   3691
               718   151  151  150  151  149  149  150  151  152  151  151  150  149  149  150  150  150  150  149  149  149  149  149  149   3598
               719   150  150  150  150  150  150  149  149  149  150  150  150  150  150  150  149  149  149  148  145  146  145  145  145   3568
               720   145  144  144  144  143  144  144  147  148  149  151  150  149  150  150  150  149  150  147  135  146  147  146  147   3519
               721   147  148  148  149  149  149  148  148  149  150  150  150  150  150  150  150  150  150  149  149  149  149  149  148   3578
               722   147  147  147  148  149  148  148  150  151  151  152  153  153  154  155  154  154  152  148  153  153  153  151  152   3623
               723   153  153  147  149  151  153  154  154  154  155  156  156  154  156  154  156  156  154  153  152  154  157  156  157   3694
               724   156  156  155  154  155  156  155  155  156  157  157  157  158  158  157  157  158  157  155  154  153  153  153  153   3735
               725   153  153  153  153  153  153  153  153  153  154  154  154  154  151  154  156  158  158  157  156  156  155  153  151   3698
               726   148  145  141  141  142  144  142  141  142  145  148  151  152  151  150  150  149  147  145  147  143  143  143  142   3492
               727   142  143  144  142  146  154  152  150  148  152  150  151  150  153  150  151  153  153  149  147  150  146  145  152   3573
               728   155  154  151  154  150  149  149  153  150  156  155  153  160  160  161  160  159  160  160  159  158  150  146  149   3711
               729   151  146  146  146  151  155  155  151  150  150  155  156  154  155  157  155  156  154  151  155  157  154  154  152   3666
               730   150  149  152  151  151  151  151  151  140  139  145  150  146  138  137  137  141  135  144  134  141  142  145  147   3467
               731   145  134  138  132  131  139  132  142  142  139  144  142  143  138  134  133  136  133  135  147  142  144  145  145   3335
              ------------------------------------------------------------------------------------------------------------------------------------
              TOTAL 4672 4663 4644 4630 4643 4654 4649 4651 4656 4696 4735 4738 4750 4745 4739 4730 4734 4712 4686 4681 4681 4655 4652 4671 112467
              MEAN   151  150  150  149  150  150  150  150  150  151  153  153  153  153  153  153  153  152  151  151  151  150  150  151   3628
              MAX    157  159  160  159  156  156  157  158  158  159  162  159  162  163  167  166  162  161  160  160  158  158  158  157   3778
                N     31   31   31   31   31   31   31   31   31   31   31   31   31   31   31   31   31   31   31   31   31   31   31   31     31
              NOTE                                                                                                                                
                                                                                                                                                  
                   *): WITH MISSING DATA; TOTAL,MEAN,MAXIMUM ESTIMATED                                                                            
                                                                                                                                                  
                                                                                                                                                  
