                                                                                                                                                  
                                                                                                                                                  
                                                               *******************************                                                    
                                                                 DOWNWARD LONGWAVE RADIATION                                                      
                                                               *******************************                                                    
                                                                                                                  COUNTRY = JAPAN                 
                                                                                                                                                  
                                                                                                                                                  
                                                                     UNIT  = 0.01 MJ/m**2                                                         
                        STATION    : Tateno                                                                                                       
                        STATION NO.: 47646                                                                                                        
                        LOCATION   : 140ﾟ08' E                                                                                                    
                                      36ﾟ03' N                                                                                                    
                        ALTITUDE   :   25.2  m                                                                                                    
                        YEAR/MONTH : 2006/06                                                                                                      
                                                                                                                                                  
              DATE   -01  -02  -03  -04  -05  -06  -07  -08  -09  -10  -11  -12  -13  -14  -15  -16  -17  -18  -19  -20  -21  -22  -23  -24  TOTAL
                                                                                                                                                  
               6 1   122  120  120  119  119  119  121  123  125  127  129  131  133  136  137  131  131  131  129  130  127  139  135  134   3068
               6 2   129  127  124  124  125  125  127  129  134  140  143  145  147  145  140  139  137  137  136  136  136  136  135  131   3227
               6 3   129  141  144  140  133  137  139  140  141  140  137  140  138  123  137  141  141  140  139  139  139  139  139  139   3315
               6 4   137  130  137  138  137  138  137  138  138  138  138  128  124  123  122  121  118  113  112  116  116  114  116  119   3048
               6 5   121  126  127  132  127  117  124  129  141  142  142  143  143  140  143  142  143  143  142  125  120  120  119  119   3170
               6 6   122  128  131  137  140  140  139  140  132  134  131  135  131  142  137  141  134  141  141  142  143  142  141  139   3283
               6 7   136  134  137  119  122  129  120  133  134  143  141  135  131  127  130  129  124  126  121  119  121  131  132  137   3111
               6 8   123  134  126  132  132  139  141  141  141  136  143  143  144  144  144  144  144  140  143  140  133  138  137  137   3319
               6 9   140  140  138  138  141  140  143  145  143  144  143  144  143  144  145  146  146  145  145  133  127  126  131  139   3369
               610   125  125  122  127  123  121  122  124  130  135  139  140  143  144  144  144  144  143  143  140  143  143  143  142   3249
               611   142  142  141  142  146  148  149  147  146  147  146  146  146  145  145  144  144  144  143  144  143  144  144  144   3472
               612   143  143  142  141  140  141  140  143  143  144  144  136  138  143  134  137  148  144  146  145  145  145  144  144   3413
               613   145  145  144  144  143  143  144  144  144  143  143  141  146  147  143  135  139  146  144  136  139  135  138  145   3416
               614   146  146  146  146  146  143  133  142  144  148  147  147  147  148  145  140  138  146  141  138  137  133  137  138   3422
               615   140  129  128  127  132  133  135  137  140  144  144  145  146  148  148  150  150  150  150  149  149  149  148  150   3421
               616   150  150  150  150  150  152  153  154  154  154  155  156  156  157  156  155  154  154  153  147  142  139  138  139   3618
               617   140  145  146  144  144  144  145  150  153  153  152  155  157  154  154  149  151  150  149  148  148  149  150  151   3581
               618   152  153  153  152  151  150  149  150  148  150  152  150  148  147  147  146  145  145  145  145  142  143  143  139   3545
               619   144  146  145  146  146  146  147  147  148  150  148  148  138  137  138  140  141  139  139  148  138  134  134  137   3424
               620   141  139  136  135  142  132  135  139  135  137  143  143  141  135  136  140  139  142  142  143  143  141  140  141   3340
               621   146  150  150  150  150  148  149  149  149  150  150  150  149  145  144  145  145  145  145  147  146  145  144  145   3536
               622   145  147  147  146  145  144  145  146  147  145  145  147  148  145  145  148  147  147  148  146  146  147  149  150   3515
               623   149  148  146  137  134  132  133  135  139  141  142  142  143  140  142  144  146  146  146  144  138  137  138  133   3375
               624   XXX  140  139  139  136  132  134  140  141  146  140  137  136  136  137  136  136  135  134  133  135  135  133  133   XXXX
               625   136  135  136  138  137  142  148  149  149  149  149  147  150  149  149  151  146  144  151  150  144  152  152  151   3504
               626   134  139  146  151  150  149  149  152  151  151  152  152  151  151  152  152  152  152  151  150  150  151  151  150   3589
               627   148  147  146  146  144  144  140  139  144  145  149  148  149  149  145  144  144  143  143  142  141  141  140  137   3458
               628   136  138  138  138  139  140  144  147  148  148  146  148  150  151  152  148  146  146  147  150  149  143  143  141   3476
               629   138  137  136  136  135  135  136  138  139  141  143  149  153  150  145  143  141  141  142  144  143  140  141  148   3394
               630   143  151  147  141  149  147  146  147  147  147  148  151  157  157  156  153  151  150  147  149  149  152  150  148   3583
              ------------------------------------------------------------------------------------------------------------------------------------
              TOTAL 4140 4175 4168 4155 4158 4150 4167 4237 4268 4312 4324 4322 4326 4302 4292 4278 4265 4268 4257 4218 4172 4183 4185 4200 101628
              MEAN   138  139  139  139  139  138  139  141  142  144  144  144  144  143  143  143  142  142  142  141  139  139  140  140   3388
              MAX    152  153  153  152  151  152  153  154  154  154  155  156  157  157  156  155  154  154  153  150  150  152  152  151   3618
                N     29   30   30   30   30   30   30   30   30   30   30   30   30   30   30   30   30   30   30   30   30   30   30   30     29
              NOTE    *)                                                                                                                        *)
                                                                                                                                                  
                   *): WITH MISSING DATA; TOTAL,MEAN,MAXIMUM ESTIMATED                                                                            
                                                                                                                                                  
                                                                                                                                                  
                                                                                                                                                  
