                                                                                                                                                  
                                                                                                                                                  
                                                               *******************************                                                    
                                                                 DOWNWARD LONGWAVE RADIATION                                                      
                                                               *******************************                                                    
                                                                                                                  COUNTRY = JAPAN                 
                                                                                                                                                  
                                                                                                                                                  
                                                                     UNIT  = 0.01 MJ/m**2                                                         
                        STATION    : Tateno                                                                                                       
                        STATION NO.: 47646                                                                                                        
                        LOCATION   : 140ﾟ08' E                                                                                                    
                                      36ﾟ03' N                                                                                                    
                        ALTITUDE   :   25.2  m                                                                                                    
                        YEAR/MONTH : 2006/12                                                                                                      
                                                                                                                                                  
              DATE   -01  -02  -03  -04  -05  -06  -07  -08  -09  -10  -11  -12  -13  -14  -15  -16  -17  -18  -19  -20  -21  -22  -23  -24  TOTAL
                                                                                                                                                  
              12 1    93   92   95   94   96   95   97   97  102  103   96   95   97   98   98   98   98  100  110  107  100   98   96   95   2350
              12 2    94   93   92   92   92   91   90   90   91   93   95   97   98   99   99  100  100   99   99  103   96  102   98   99   2302
              12 3   107  103   92   88   87   87   87   88   93   93   95   91   91   92   93   93   93   93   92   91   90   90   89   88   2206
              12 4    88   87   86   86   87   85   85   85   86   88   90   91   92   94   96   97   98   93   93   92   90   88   87   86   2150
              12 5    85   85   84   84   84   84   84   85   91  101  103   99  102  106  105   96  114  104  107  107   95   93   89   88   2275
              12 6    88   88   89   88   87   87   87   88   91   99  102  104   99   96   95   95   95   95   99  101   96   95   95   95   2254
              12 7   104  112  109   99   97  111  113  116  106  104  105  112  114  112  111  109  105  105  109  108  112  111  109  113   2606
              12 8   115  118  118  115  116  119  120  120  119  120  121  126  127  126  125  125  125  124  124  124  123  122  122  122   2916
              12 9   122  122  122  122  121  121  121  121  121  121  122  121  121  121  121  121  121  121  121  121  121  122  122  121   2911
              1210   121  122  121  121  121  116  119  115   96   99  103  101  101  102  106  106  107   96   97  100  103  116  116  110   2615
              1211   116  116  117  117  115  111   93   91   89   90   91   91   93   95   95   94   93   91   91   92   92   94   93   93   2353
              1212   103  105  106  106  106  105  104  109  110  115  120  121  121  121  121  122  122  120  116  119  116  121  121  111   2741
              1213   123  124  123  124  114   95   93   93   93   95  103  106  105  115  122  126  126  120  120  126  125  125  115  105   2716
              1214   103  101  100  101  105  104  102  102  104  111  115  118  119  122  127  126  127  127  128  128  129  129  128  128   2784
              1215   127  127  127  127  126  126  125  125  120  125  119  121  108  102  102  102  102  103  101  102  109  107  117  118   2768
              1216   119  112  116  120  121  121  121  115  115  116  109  121  115  118  119  119  118  119  119  120  119  119  120  121   2832
              1217   121  122  121  121  121  123  120  120  121  120  118  118  118  110  101  101  101  108  108  109  113  101  103   92   2711
              1218    92   96   93   91   88   86   85   86   87   88   89   93   90   89   89   89   91   95   97   92   90   95  105  108   2204
              1219   109  111  111  111  111  113  113  113  113  116  117  118  118  118  117  115  112   95   93   92   92   92   91   92   2583
              1220   106  105   99  108  102  113  111  112  113  111  110  113  121  113  118  107  114  119  122  123  123  122  123  117   2725
              1221   110  118  108  119  119  122  122  122  123  123  123  120  125  124  126  126  126  126  123  126  126  126  125  125   2933
              1222   125  125  124  124  124  123  122  122  122  123  122  122  122  122  122  121  117  108   96   95   96   95  102  113   2787
              1223   102   90   89   88   88   88   87   88   89   90   91   93   94   95   95   95   95   95   95   95   94   93   93   92   2214
              1224    91   90   90   89   88   87   87   87   87   89   90   91   92   92   93   93  101  106  117  117  116  115  115  115   2338
              1225   115  113   98   99   94   89   95   90   95   97  102   98   98  103   98   95   94   94   94  100  113  119  120  118   2431
              1226   121  119  119  121  121  122  122  123  124  126  125  124  126  129  130  131  132  132  134  138  139  140  140  142   3080
              1227   143  143  137  134  132  131  112  104  115  108  107  108  107  106  104  104  103  101  100   99   96   95   95   95   2679
              1228    94   94   94   94   94   93   92   92   94   95   97   99   99  102  103  109  120  118  112  101   97   89   88   87   2357
              1229    90  105  104  102   90   82   80   79   79   80   80   81   83   83   83   84   84   83   83   83   84   84   84   83   2053
              1230    83   82   82   83   83   84   84   84   85   85   86   87   88   88   87   86   85   84   84   84   84   84   83   83   2028
              1231    83   84   84   87   88   84   83   83   88   89   87   87   88   88   90   89   89   88   87   86   86   85   85   84   2072
              ------------------------------------------------------------------------------------------------------------------------------------
              TOTAL 3293 3304 3250 3255 3218 3198 3156 3145 3162 3213 3233 3267 3272 3281 3291 3274 3308 3262 3271 3281 3265 3267 3269 3239  77974
              MEAN   106  107  105  105  104  103  102  101  102  104  104  105  106  106  106  106  107  105  106  106  105  105  105  104   2515
              MAX    143  143  137  134  132  131  125  125  124  126  125  126  127  129  130  131  132  132  134  138  139  140  140  142   3080
                N     31   31   31   31   31   31   31   31   31   31   31   31   31   31   31   31   31   31   31   31   31   31   31   31     31
              NOTE                                                                                                                                
                                                                                                                                                  
                   *): WITH MISSING DATA; TOTAL,MEAN,MAXIMUM ESTIMATED                                                                            
                                                                                                                                                  
                                                                                                                                                  
