                                                                                                                                                  
                                                                                                                                                  
                                                               *******************************                                                    
                                                                 DOWNWARD LONGWAVE RADIATION                                                      
                                                               *******************************                                                    
                                                                                                                  COUNTRY = JAPAN                 
                                                                                                                                                  
                                                                                                                                                  
                                                                     UNIT  = 0.01 MJ/m**2                                                         
                        STATION    : Tateno                                                                                                       
                        STATION NO.: 47646                                                                                                        
                        LOCATION   : 140ﾟ08' E                                                                                                    
                                      36ﾟ03' N                                                                                                    
                        ALTITUDE   :   25.2  m                                                                                                    
                        YEAR/MONTH : 2007/07                                                                                                      
                                                                                                                                                  
              DATE   -01  -02  -03  -04  -05  -06  -07  -08  -09  -10  -11  -12  -13  -14  -15  -16  -17  -18  -19  -20  -21  -22  -23  -24  TOTAL
                                                                                                                                                  
               7 1   147  146  146  146  146  146  147  147  147  143  145  148  151  154  155  155  153  151  148  149  149  149  151  152   3571
               7 2   152  152  150  152  153  153  153  153  154  155  155  156  156  156  153  154  154  155  154  155  145  147  146  149   3662
               7 3   144  153  153  153  146  141  150  153  147  152  155  153  153  152  153  150  140  140  142  147  151  151  151  151   3581
               7 4   150  151  149  148  150  150  150  150  150  150  151  150  150  150  150  150  150  150  149  149  149  150  150  150   3596
               7 5   150  149  149  148  148  148  143  144  140  140  140  143  141  141  140  140  139  140  142  140  136  139  141  142   3423
               7 6   136  137  132  134  133  141  143  141  149  143  146  146  145  144  144  147  145  146  151  144  145  149  153  153   3447
               7 7   148  139  140  144  144  142  142  142  149  150  152  151  145  144  148  146  146  135  132  139  133  131  131  134   3407
               7 8   146  143  143  137  141  145  148  149  149  150  146  150  150  149  138  135  132  131  133  135  139  139  139  142   3409
               7 9   144  143  143  144  140  136  136  141  144  148  149  149  144  145  140  141  140  138  135  140  136  138  137  140   3391
               710   138  141  146  144  145  146  144  145  149  151  149  150  152  152  150  149  149  148  151  152  152  152  152  151   3558
               711   151  152  153  154  155  157  157  158  158  155  157  157  157  157  157  157  154  153  153  148  150  145  150  144   3689
               712   144  149  141  149  153  151  142  140  152  157  157  158  154  153  153  151  153  153  153  154  152  153  153  153   3628
               713   153  153  153  153  154  153  152  154  155  155  156  155  151  152  153  153  154  153  153  153  152  152  152  151   3675
               714   150  150  149  149  149  148  149  149  149  150  150  150  151  151  151  150  150  150  150  150  151  151  152  154   3603
               715   154  154  154  154  154  154  154  155  157  160  160  159  160  160  160  159  158  156  154  153  152  151  150  148   3730
               716   150  146  148  144  147  141  144  149  148  144  142  145  151  150  152  151  150  149  148  147  146  146  146  146   3530
               717   146  145  146  146  145  145  145  145  147  146  146  147  147  147  147  147  147  146  146  145  145  145  144  144   3499
               718   144  144  144  144  145  145  146  146  147  147  147  148  148  148  148  147  147  145  145  146  146  146  145  145   3503
               719   145  145  147  145  144  146  147  147  148  148  149  149  149  150  150  150  149  148  147  146  141  139  141  138   3508
               720   137  139  143  138  135  138  135  133  138  144  142  148  152  152  151  153  155  154  155  154  154  152  152  150   3504
               721   149  150  150  151  152  152  152  153  154  155  156  155  155  157  156  155  156  156  155  152  155  155  154  155   3690
               722   154  154  155  154  154  153  154  155  156  156  157  157  158  153  155  154  148  150  155  155  156  154  154  155   3706
               723   154  154  153  154  155  155  155  156  157  157  157  156  158  157  156  155  155  153  152  147  152  151  152  149   3700
               724   142  144  142  134  131  145  151  132  131  133  136  137  136  134  134  133  134  135  134  134  138  148  152  152   3322
               725   140  136  141  140  135  142  136  135  136  142  144  152  156  152  150  154  156  155  151  146  143  148  151  148   3489
               726   145  146  150  151  144  142  147  148  152  157  158  152  158  155  156  158  158  153  150  155  151  148  145  144   3623
               727   143  142  141  141  146  148  141  143  144  148  153  152  147  145  144  143  145  145  141  141  141  141  141  140   3456
               728   140  141  139  138  139  139  140  142  144  146  152  151  149  150  150  158  160  151  150  146  146  145  144  145   3505
               729   144  144  145  145  144  149  153  154  155  156  157  158  157  156  153  153  151  150  151  152  151  151  151  152   3632
               730   150  151  151  150  143  147  150  150  151  151  151  150  149  149  146  145  139  145  141  140  138  140  144  147   3518
               731   146  145  146  146  147  147  147  144  146  143  149  149  153  150  138  145  150  135  135  135  134  141  134  132   3437
              ------------------------------------------------------------------------------------------------------------------------------------
              TOTAL 4536 4538 4542 4530 4517 4545 4553 4553 4603 4632 4664 4681 4683 4665 4631 4638 4617 4569 4556 4549 4529 4547 4558 4556 109992
              MEAN   146  146  147  146  146  147  147  147  148  149  150  151  151  150  149  150  149  147  147  147  146  147  147  147   3548
              MAX    154  154  155  154  155  157  157  158  158  160  160  159  160  160  160  159  160  156  155  155  156  155  154  155   3730
                N     31   31   31   31   31   31   31   31   31   31   31   31   31   31   31   31   31   31   31   31   31   31   31   31     31
              NOTE                                                                                                                                
                                                                                                                                                  
                   *): WITH MISSING DATA; TOTAL,MEAN,MAXIMUM ESTIMATED                                                                            
                                                                                                                                                  
                                                                                                                                                  
