                                                                                                                                                  
                                                                                                                                                  
                                                               *******************************                                                    
                                                                 DOWNWARD LONGWAVE RADIATION                                                      
                                                               *******************************                                                    
                                                                                                                  COUNTRY = JAPAN                 
                                                                                                                                                  
                                                                                                                                                  
                                                                     UNIT  = 0.01 MJ/m**2                                                         
                        STATION    : Tateno                                                                                                       
                        STATION NO.: 47646                                                                                                        
                        LOCATION   : 140ﾟ08' E                                                                                                    
                                      36ﾟ03' N                                                                                                    
                        ALTITUDE   :   25.2  m                                                                                                    
                        YEAR/MONTH : 2007/08                                                                                                      
                                                                                                                                                  
              DATE   -01  -02  -03  -04  -05  -06  -07  -08  -09  -10  -11  -12  -13  -14  -15  -16  -17  -18  -19  -20  -21  -22  -23  -24  TOTAL
                                                                                                                                                  
               8 1   130  135  132  134  137  139  135  145  142  150  151  151  151  147  143  143  145  146  150  153  153  152  152  150   3466
               8 2   149  147  146  145  146  150  150  157  161  158  154  155  155  155  155  152  151  150  148  148  148  147  146  148   3621
               8 3   145  146  151  152  153  150  150  157  151  150  150  150  151  150  150  150  148  146  142  142  143  144  145  148   3564
               8 4   147  150  148  147  148  152  150  150  151  153  155  158  158  157  155  154  154  153  152  151  150  149  151  149   3642
               8 5   149  149  149  149  148  149  150  155  153  157  163  164  166  165  158  155  154  155  153  152  146  141  142  142   3664
               8 6   141  141  142  143  142  142  143  144  146  148  150  153  155  154  152  151  149  147  146  146  146  147  147  146   3521
               8 7   142  139  139  140  139  138  140  143  146  148  152  151  153  155  153  152  151  149  148  151  151  151  150  146   3527
               8 8   146  146  147  151  152  151  151  150  158  156  158  162  157  154  152  151  151  151  152  152  153  151  149  149   3650
               8 9   147  145  144  144  144  144  145  146  148  150  153  154  155  153  152  152  150  149  149  148  147  147  146  146   3558
               810   145  144  144  143  143  143  145  146  149  152  154  154  154  153  153  153  155  154  156  152  150  148  147  146   3583
               811   145  144  144  143  143  143  144  146  149  150  153  155  153  153  150  148  148  147  146  145  153  154  145  139   3540
               812   140  146  150  150  145  147  146  153  151  152  152  148  148  151  155  160  151  148  145  143  141  139  139  138   3538
               813   139  140  140  141  141  142  147  158  159  159  158  160  165  161  159  159  159  154  152  149  148  148  147  148   3633
               814   151  146  145  145  144  146  151  161  154  159  160  155  154  154  154  154  153  152  150  150  149  149  148  148   3632
               815   148  148  148  147  147  147  148  150  151  154  156  158  160  164  168  166  166  165  168  164  165  165  164  161   3778
               816   158  154  158  154  153  151  151  153  155  156  159  161  162  163  165  167  171  165  165  163  157  161  159  151   3812
               817   150  152  158  158  158  158  157  159  159  160  161  159  157  157  156  155  154  154  156  152  156  154  156  155   3751
               818   155  154  154  153  153  151  151  153  153  153  153  153  154  154  154  148  148  148  153  154  154  154  153  153   3663
               819   154  149  139  138  138  139  140  142  151  159  161  158  154  154  153  152  151  151  153  156  153  157  155  156   3613
               820   161  156  148  148  148  144  153  153  155  152  157  158  157  158  158  154  152  153  159  160  153  149  148  153   3687
               821   153  153  149  151  156  157  145  145  146  147  150  152  154  153  153  152  150  150  149  149  152  154  154  158   3632
               822   156  157  152  154  153  152  151  150  152  154  157  158  158  157  157  158  157  155  162  157  156  156  156  155   3730
               823   154  154  154  154  154  153  150  148  149  150  145  143  146  154  143  144  146  149  148  145  143  143  145  145   3559
               824   145  147  154  153  151  139  139  141  140  146  152  148  145  146  144  143  142  141  141  141  140  140  148  144   3470
               825   151  149  144  154  156  153  154  154  156  158  151  150  150  150  150  148  149  145  144  144  144  143  143  142   3582
               826   142  141  148  155  155  147  147  151  155  148  150  151  150  149  151  152  157  155  150  148  147  146  146  147   3588
               827   152  147  144  144  143  143  143  149  153  150  152  153  156  156  156  155  151  148  147  146  147  148  152  147   3582
               828   144  144  144  145  146  149  155  151  153  152  158  162  160  164  163  161  156  155  156  151  151  150  151  152   3673
               829   153  151  153  152  151  151  151  150  152  154  154  155  156  153  154  155  152  149  145  151  153  153  154  154   3656
               830   153  154  153  153  152  151  154  155  155  155  156  155  155  154  153  154  153  149  152  151  148  151  145  144   3655
               831   148  148  149  150  150  151  150  148  151  153  154  156  156  156  157  155  155  150  148  148  146  155  156  155   3645
              ------------------------------------------------------------------------------------------------------------------------------------
              TOTAL 4593 4576 4570 4590 4589 4572 4586 4663 4704 4743 4789 4800 4805 4804 4776 4753 4729 4683 4685 4662 4643 4646 4639 4615 112215
              MEAN   148  148  147  148  148  147  148  150  152  153  154  155  155  155  154  153  153  151  151  150  150  150  150  149   3620
              MAX    161  157  158  158  158  158  157  161  161  160  163  164  166  165  168  167  171  165  168  164  165  165  164  161   3812
                N     31   31   31   31   31   31   31   31   31   31   31   31   31   31   31   31   31   31   31   31   31   31   31   31     31
              NOTE                                                                                                                                
                                                                                                                                                  
                   *): WITH MISSING DATA; TOTAL,MEAN,MAXIMUM ESTIMATED                                                                            
                                                                                                                                                  
                                                                                                                                                  
