                                                                                                                                                  
                                                                                                                                                  
                                                               *******************************                                                    
                                                                 DOWNWARD LONGWAVE RADIATION                                                      
                                                               *******************************                                                    
                                                                                                                  COUNTRY = JAPAN                 
                                                                                                                                                  
                                                                                                                                                  
                                                                     UNIT  = 0.01 MJ/m**2                                                         
                        STATION    : Tateno                                                                                                       
                        STATION NO.: 47646                                                                                                        
                        LOCATION   : 140ﾟ08' E                                                                                                    
                                      36ﾟ03' N                                                                                                    
                        ALTITUDE   :   25.2  m                                                                                                    
                        YEAR/MONTH : 2007/06                                                                                                      
                                                                                                                                                  
              DATE   -01  -02  -03  -04  -05  -06  -07  -08  -09  -10  -11  -12  -13  -14  -15  -16  -17  -18  -19  -20  -21  -22  -23  -24  TOTAL
                                                                                                                                                  
               6 1   123  123  118  121  130  137  138  139  135  135  134  137  130  117  117  117  117  115  114  117  126  114  125  124   3003
               6 2   114  116  114  113  114  116  117  122  122  128  127  130  134  137  131  128  133  139  141  123  119  119  118  118   2973
               6 3   117  118  117  117  124  129  118  119  121  126  128  129  133  132  130  129  131  136  135  130  131  132  129  131   3042
               6 4   130  122  123  124  125  124  131  122  124  126  130  126  125  124  123  122  121  121  121  125  126  126  120  121   2982
               6 5   119  126  118  116  117  120  122  122  125  130  135  137  136  138  139  133  138  135  127  125  125  125  123  120   3051
               6 6   120  120  120  119  120  123  122  124  130  132  130  132  130  129  129  129  130  133  127  128  126  125  125  140   3043
               6 7   146  145  146  144  144  143  145  148  147  144  147  147  145  138  134  139  137  134  143  148  147  146  142  137   3436
               6 8   144  140  140  142  143  134  141  144  145  143  136  138  144  148  145  141  145  145  145  141  137  130  129  129   3369
               6 9   123  126  127  125  129  132  127  141  139  138  141  145  145  141  139  140  140  134  138  139  139  139  139  142   3268
               610   139  138  140  140  144  145  144  141  142  147  145  145  142  140  141  141  134  136  143  139  133  136  137  140   3372
               611   141  142  141  143  140  141  143  142  140  144  138  140  142  134  134  132  131  130  128  127  127  126  125  124   3255
               612   124  123  123  122  122  134  128  125  127  131  132  133  134  138  140  137  135  133  133  131  129  126  126  126   3112
               613   125  125  125  124  124  126  126  131  140  133  133  138  131  131  131  131  130  130  128  127  126  126  126  125   3092
               614   128  131  133  131  134  136  136  139  143  148  147  146  147  147  148  149  145  144  145  144  143  144  145  146   3399
               615   147  147  147  147  145  144  144  142  143  142  137  148  140  141  153  153  155  154  151  144  136  126  122  120   3428
               616   118  116  116  114  113  114  114  115  118  120  123  124  126  126  125  124  122  122  121  119  119  118  116  117   2860
               617   116  117  116  116  116  116  119  122  125  126  130  132  132  135  131  134  131  132  131  130  129  127  126  125   3014
               618   124  135  133  142  135  143  133  136  141  141  143  150  150  140  137  139  142  138  136  137  138  139  138  134   3324
               619   133  129  129  129  129  129  130  131  134  137  140  139  138  137  137  136  137  140  139  139  142  140  143  145   3262
               620   144  146  140  136  132  130  131  133  135  138  140  140  141  140  141  141  139  138  137  136  137  137  137  136   3305
               621   136  136  137  144  145  144  141  146  144  141  146  151  159  158  156  160  159  158  156  153  149  152  151  147   3569
               622   143  145  145  146  151  151  149  150  149  148  149  150  150  152  155  155  154  154  153  152  151  149  149  150   3600
               623   146  138  130  129  127  126  127  126  127  128  130  131  134  135  137  139  145  147  149  144  134  131  129  130   3219
               624   129  131  135  136  137  139  140  140  143  144  144  145  146  148  150  148  147  147  148  145  144  144  143  144   3417
               625   145  145  145  145  144  144  145  146  147  148  147  149  149  150  150  151  151  151  151  150  149  148  148  147   3545
               626   147  147  148  144  142  148  149  150  150  151  152  153  154  154  155  155  154  147  142  144  148  146  142  137   3559
               627   136  136  143  136  135  136  142  139  142  147  154  143  142  142  142  142  141  140  139  138  138  141  143  145   3382
               628   146  151  152  153  153  153  153  153  155  149  141  148  151  155  157  154  150  147  149  150  149  149  151  156   3625
               629   156  154  155  155  156  156  156  157  156  159  159  157  157  157  156  158  158  158  156  154  153  152  149  146   3730
               630   144  147  150  154  152  153  153  150  151  150  151  151  151  150  148  146  149  150  149  148  147  147  147  147   3585
              ------------------------------------------------------------------------------------------------------------------------------------
              TOTAL 4003 4015 4006 4007 4022 4066 4064 4095 4140 4174 4189 4234 4238 4214 4211 4203 4201 4188 4175 4127 4097 4060 4043 4049  98821
              MEAN   133  134  134  134  134  136  135  137  138  139  140  141  141  140  140  140  140  140  139  138  137  135  135  135   3294
              MAX    156  154  155  155  156  156  156  157  156  159  159  157  159  158  157  160  159  158  156  154  153  152  151  156   3730
                N     30   30   30   30   30   30   30   30   30   30   30   30   30   30   30   30   30   30   30   30   30   30   30   30     30
              NOTE                                                                                                                                
                                                                                                                                                  
                   *): WITH MISSING DATA; TOTAL,MEAN,MAXIMUM ESTIMATED                                                                            
                                                                                                                                                  
                                                                                                                                                  
                                                                                                                                                  
