                                                                                                                                                  
                                                                                                                                                  
                                                               *******************************                                                    
                                                                 DOWNWARD LONGWAVE RADIATION                                                      
                                                               *******************************                                                    
                                                                                                                  COUNTRY = JAPAN                 
                                                                                                                                                  
                                                                                                                                                  
                                                                     UNIT  = 0.01 MJ/m**2                                                         
                        STATION    : Tateno                                                                                                       
                        STATION NO.: 47646                                                                                                        
                        LOCATION   : 140ﾟ08' E                                                                                                    
                                      36ﾟ03' N                                                                                                    
                        ALTITUDE   :   25.2  m                                                                                                    
                        YEAR/MONTH : 2007/12                                                                                                      
                                                                                                                                                  
              DATE   -01  -02  -03  -04  -05  -06  -07  -08  -09  -10  -11  -12  -13  -14  -15  -16  -17  -18  -19  -20  -21  -22  -23  -24  TOTAL
                                                                                                                                                  
              12 1   116  102  108  101   98   97   97   97   98  107  110  104  104  112  119  113  109  103  103  103  102  106  102  100   2511
              12 2    98   95   94   93   92   91   91   92   92   96  105  101  105  115  107  107  105  103  102  102  102   99   99   98   2384
              12 3    97   97   97  107  107  101   96   97  112  120  125  126  125  127  126  116  102   99   97   97   96   99   98   97   2561
              12 4   106  103  104  102  103  103  109  102   96   97   97  100   99  103  108  101   96   96   97   93   92   87   87   86   2367
              12 5    86   85   84   83   83   83   83   83   85   86   88   90   91   92   93   92   92   91   90   89   88   87   87   86   2097
              12 6    86   85   86   86   87   86   85   86   87   88   90   93   94   94   96  101   97   96   97   96   98   96   96   98   2204
              12 7   104  103   94   92   90   90   90   91   90   92   95   97   99  101  102  102  101  101  100   99   98   98   98   99   2326
              12 8    99   99   99  102  100   96   96   97  102  109  109  109  112  117  113  114  113  103  112  116  121  122  116  112   2588
              12 9    99   95   96   94   94   93   91   90   91   93   94   96   96   95   95   94   97   94   91   90   90   90   89   89   2236
              1210    89   88   88   87   86   85   84   85   87   89   91   93   95   94   97   95   94   96  101  105  103  107  110  108   2257
              1211   111  119  122  120  120  120  115   98   97  104  105  117  124  124  125  126  126  123  122  115  101  102   99   98   2733
              1212    97   97   97   95   96   96   99  103  103   97   99  102  103  105  103  105  106  114  122  118  124  123  124  122   2550
              1213   118  124  124  124  124  124  125  126  126  125  125  119  126  126  119  122  126  127  127  127  115  111   99   97   2906
              1214    96   95   95   99  103  111   98   88   90   93   95   96   97   95   94   94   93   91   89   88   91   89   88   87   2255
              1215    94   98  108  103   96   90  100   97  101   99   98   93   94   94   95   95  103   95   96   92   92   90   90   88   2301
              1216    88   87   87   87   86   86   88   88   85   87   89   89   86   86   86   85   85   84   84   83   83   83   83   83   2058
              1217    83   83   84   84   84   84   83   84   85   89   92   94  100  105  106  100  104   99   93   95   94   90   89   88   2192
              1218    88   87   87   86   87   88   87   88   89   92   94   95   96   96   96   96   96   95   95   94   92   91   89   89   2193
              1219    90   86   85   85   84   84   88   89   87  105  113  114  113  110  104  100   97   99  105  107  112  115  112  105   2389
              1220   108  101   97  108  112  110  108  103   90   92   93   94   95   95   96   95   94   92   91   91   90   91   90   90   2326
              1221    89   89   89   89   89   88   89   88   88   89   93   94   95   96   97   97   97   98   97   96   95   93   96   93   2224
              1222   102  109  113  113  117  118  118  119  119  119  119  119  120  119  120  120  121  120  120  120  120  120  120  120   2825
              1223   120  120  120  120  120  120  120  120  121  121  121  120  115  116  105  103  102  101  101  107  108  103  122  126   2752
              1224   126  125  107  106   94   92   91   92   94   95   96  105  117  111  102  101   94   91   91   92   92   90   91   92   2387
              1225    94   90   90   92   90   88   90   95   94   96   99  104  105  106  108  107  108  109  103   97   91   89   89   88   2322
              1226    88   87   86   85   85   85   85   86   86   89   95   96   95   93   91   91   91   91   90   90   90   89   88   88   2140
              1227    88   87   86   85   85   84   84   84   85   86   88   90   91   92   93   93   93   94   97   95   99  101  102  103   2185
              1228   105  105  101   97   94   96   96   98  102  105  109  104  107  102  103  109  109  118  123  124  126  129  129  130   2621
              1229   131  132  133  130  129  130  128  126  126  127  129  132  129  126  130  134  132  132  132  133  132  130  128  128   3119
              1230   128  125  125  124  123  120  115  116  119  116  116  104  114  119  115   96   92   93   88   87   86   91   84   83   2579
              1231    83   82   82   82   81   81   81   81   82   84   85   87   88   88   88   86   85   85   85   86   85   84   84   83   2018
              ------------------------------------------------------------------------------------------------------------------------------------
              TOTAL 3107 3080 3068 3061 3039 3020 3010 2989 3009 3087 3157 3177 3230 3254 3232 3190 3160 3133 3141 3127 3108 3095 3078 3054  74606
              MEAN   100   99   99   99   98   97   97   96   97  100  102  102  104  105  104  103  102  101  101  101  100  100   99   99   2407
              MAX    131  132  133  130  129  130  128  126  126  127  129  132  129  127  130  134  132  132  132  133  132  130  129  130   3119
                N     31   31   31   31   31   31   31   31   31   31   31   31   31   31   31   31   31   31   31   31   31   31   31   31     31
              NOTE                                                                                                                                
                                                                                                                                                  
                   *): WITH MISSING DATA; TOTAL,MEAN,MAXIMUM ESTIMATED                                                                            
                                                                                                                                                  
                                                                                                                                                  
