                                                                                                                                                  
                                                                                                                                                  
                                                               *******************************                                                    
                                                                 DOWNWARD LONGWAVE RADIATION                                                      
                                                               *******************************                                                    
                                                                                                                  COUNTRY = JAPAN                 
                                                                                                                                                  
                                                                                                                                                  
                                                                     UNIT  = 0.01 MJ/m**2                                                         
                        STATION    : Tateno                                                                                                       
                        STATION NO.: 47646                                                                                                        
                        LOCATION   : 140ﾟ08' E                                                                                                    
                                      36ﾟ03' N                                                                                                    
                        ALTITUDE   :   25.2  m                                                                                                    
                        YEAR/MONTH : 2007/09                                                                                                      
                                                                                                                                                  
              DATE   -01  -02  -03  -04  -05  -06  -07  -08  -09  -10  -11  -12  -13  -14  -15  -16  -17  -18  -19  -20  -21  -22  -23  -24  TOTAL
                                                                                                                                                  
               9 1   153  151  150  150  150  149  149  149  149  149  149  150  150  150  150  149  144  149  149  148  147  144  147  146   3571
               9 2   147  146  146  146  146  139  147  148  148  149  148  148  149  153  153  152  151  150  150  149  149  148  148  144   3554
               9 3   134  133  132  134  133  133  136  137  147  151  154  154  149  154  146  143  143  140  137  135  135  137  150  152   3399
               9 4   152  138  143  147  148  136  135  138  140  143  146  149  151  152  153  159  160  155  150  151  156  159  160  160   3581
               9 5   160  160  159  160  160  161  160  161  160  158  160  159  161  160  156  156  160  155  151  150  148  153  148  148   3764
               9 6   151  150  148  149  148  152  154  154  158  159  159  161  162  162  161  161  162  162  162  162  162  161  161  161   3782
               9 7   159  159  157  157  157  157  158  158  157  157  157  157  155  153  152  151  150  150  150  150  150  148  147  146   3692
               9 8   147  147  145  145  150  149  144  149  152  155  151  154  152  151  148  145  144  144  143  141  140  140  140  140   3516
               9 9   142  146  143  142  152  155  152  152  147  150  155  155  154  152  152  151  150  148  147  146  146  146  145  145   3573
               910   146  157  160  152  154  159  160  160  160  161  157  155  157  156  158  153  151  158  153  153  153  157  157  154   3741
               911   153  155  158  155  154  156  155  154  154  154  150  150  153  150  151  154  152  154  151  153  153  153  152  153   3677
               912   152  153  153  153  151  153  152  152  154  152  148  147  146  144  142  140  132  129  129  130  131  129  130  128   3430
               913   129  128  128  129  127  125  126  128  130  134  136  138  140  140  139  139  140  141  138  138  138  138  137  136   3222
               914   141  147  146  145  141  138  140  147  152  145  145  155  150  158  154  149  149  149  147  144  143  143  143  144   3515
               915   140  138  138  146  155  151  151  152  157  152  153  153  152  149  147  145  144  142  142  142  143  143  144  144   3523
               916   143  146  144  145  144  143  144  146  147  149  149  151  151  150  149  150  150  149  148  147  147  146  145  149   3532
               917   148  147  145  145  144  141  143  146  150  150  151  152  154  154  152  151  151  149  148  148  147  147  147  149   3559
               918   149  152  151  152  153  153  152  152  152  153  154  154  152  146  146  149  154  152  151  145  151  152  151  150   3626
               919   150  149  147  149  143  135  140  142  142  152  155  155  156  155  153  152  147  144  144  150  151  152  153  153   3569
               920   153  153  151  143  137  136  137  138  141  147  145  144  144  145  148  146  144  142  140  138  137  136  136  135   3416
               921   134  134  133  132  132  131  133  135  142  142  142  142  141  142  143  144  144  142  139  138  138  138  137  136   3314
               922   137  136  136  135  134  134  135  139  140  140  142  145  150  150  148  147  147  147  146  144  143  148  145  150   3418
               923   147  146  147  144  145  148  146  151  150  151  151  151  151  151  151  150  149  149  147  143  144  143  144  143   3542
               924   144  144  143  144  139  140  144  144  144  143  146  147  145  146  145  146  142  141  142  143  142  142  141  145   3442
               925   144  145  144  142  142  143  143  143  139  133  135  138  140  142  142  143  148  146  145  139  129  127  127  135   3354
               926   132  138  128  128  134  134  127  131  130  137  141  132  128  129  132  133  137  141  144  139  140  142  145  144   3246
               927   141  135  139  146  146  143  147  147  148  150  148  141  153  153  152  151  140  147  146  151  153  144  139  138   3498
               928   141  139  149  152  142  134  147  138  141  140  142  145  145  145  146  146  146  145  147  142  142  150  149  147   3460
               929   145  144  144  142  141  140  139  139  140  140  140  140  139  139  139  138  137  140  140  140  140  140  140  140   3366
               930   139  140  140  140  141  141  141  141  141  141  141  142  142  142  142  142  142  141  142  142  142  141  140  140   3386
              ------------------------------------------------------------------------------------------------------------------------------------
              TOTAL 4353 4356 4347 4349 4343 4309 4337 4371 4412 4437 4450 4464 4472 4473 4450 4435 4410 4401 4368 4341 4340 4347 4348 4355 105268
              MEAN   145  145  145  145  145  144  145  146  147  148  148  149  149  149  148  148  147  147  146  145  145  145  145  145   3509
              MAX    160  160  160  160  160  161  160  161  160  161  160  161  162  162  161  161  162  162  162  162  162  161  161  161   3782
                N     30   30   30   30   30   30   30   30   30   30   30   30   30   30   30   30   30   30   30   30   30   30   30   30     30
              NOTE                                                                                                                                
                                                                                                                                                  
                   *): WITH MISSING DATA; TOTAL,MEAN,MAXIMUM ESTIMATED                                                                            
                                                                                                                                                  
                                                                                                                                                  
                                                                                                                                                  
