                                                                                                                                                  
                                                                                                                                                  
                                                               *******************************                                                    
                                                                 DOWNWARD LONGWAVE RADIATION                                                      
                                                               *******************************                                                    
                                                                                                                  COUNTRY = JAPAN                 
                                                                                                                                                  
                                                                                                                                                  
                                                                     UNIT  = 0.01 MJ/m**2                                                         
                        STATION    : Tateno                                                                                                       
                        STATION NO.: 47646                                                                                                        
                        LOCATION   : 140ﾟ08' E                                                                                                    
                                      36ﾟ03' N                                                                                                    
                        ALTITUDE   :   25.2  m                                                                                                    
                        YEAR/MONTH : 2007/02                                                                                                      
                                                                                                                                                  
              DATE   -01  -02  -03  -04  -05  -06  -07  -08  -09  -10  -11  -12  -13  -14  -15  -16  -17  -18  -19  -20  -21  -22  -23  -24  TOTAL
                                                                                                                                                  
               2 1    97  114  112  111   88   87   86   86   88   91   96   94   94   95  102   97  105  103  105   87   84   83   82   82   2269
               2 2    81   81   80   79   79   78   78   78   79   80   82   83   83   84   84   83   83   81   81   81   81   81   81   81   1942
               2 3    81   80   80   80   80   80   80   80   81   83   84   85   85   85   88   92   95  107   92   90   89   89   88   87   2061
               2 4    86   86   87   89   88   87   86   85   84   86   86   87   87   90   88   88   87   87   86   85   85   84   83   83   2070
               2 5    82   80   80   81   82   81   81   83   86   89   91   92  102  103  100  100  101  103  113  117  104  105  105  106   2267
               2 6   100   96   95   94   96   96   98   97   98  100  100  100  100  102  104  104  104  103  102  101  100   99   98   97   2384
               2 7    95   93   91   91   90   89   89   89   91   91   90   91   92   92   93   92   92   90   88   87   86   87   87   86   2162
               2 8    85   84   84   84   84   84   83   83   85   89   90   91   93   94   96   98   99  106  100   99  119  124  122  118   2294
               2 9   119  115  103   97   96   95   96   98  100  100  101  105  108  115  112  124  124  124  125  126  127  126  125  125   2686
               210   123  122  119  121  122  117  116  116  104  111  123  126  125  123  111  102  105  103  111  119  122  120  123  120   2804
               211   116  120  102  109  114   94   88   85   87   88   89   90   91   89   89   89   88   86   84   83   83   83   83   83   2213
               212    83   83   84   84   83   84   83   84   85   86   88   90   91   92   93   94   94   94   97   94   94   97   93   98   2148
               213    94   91   90   89   88   88   87   86   88   90   92   95  102  105  100   98   97   96   96   96   99  111  118  117   2313
               214   118  119  120  123  124  121  121  124  125  124  126  129  131  133  132  132  133  133  132  131  129  130  111  117   3018
               215   117  119  126  125  127  121  110  112   95   90   91   90   90   91   90   89   88   87   85   83   83   82   82   82   2355
               216    82   82   82   82   82   82   82   83   85   87   88   89   90   90   90   90   91   91   89   88   87   86   86   85   2069
               217    86   86   83   83   83   82   83   84   86   88   96  109  112  119  119  121  119  122  122  121  122  121  122  122   2491
               218   122  121  121  121  121  121  121  122  122  122  123  123  124  124  122  102  108   95   91   89   89   88   89   88   2669
               219    87   87   87   87   92   94   97   92   88   90   92   93   94   95   98   95   95   94   97   95  107  108   96  112   2272
               220   109  111  107  106  106  111  113  106  114  116  118  118  118  117  116  118  118  117  116  119  119  112  117  117   2739
               221   115  109  118  119  118  116  105   94   91   92   93   95   97   98   98   99   98   96   95   94   93   93   92   91   2409
               222    90   90   90   89   88   88   87   88   90   93   95  101  112  110  113  107  102  107  112  106  107  121  122  123   2431
               223   121  124  126  125  125  127  126  126  128  127  129  129  130  130  130  131  129  128  126  109   99   97   96  100   2918
               224   104  110  104  101  109  111  110  107  101  108  102   89   87   87   88   88   86   84   82   81   80   79   78   79   2255
               225    77   76   75   76   75   75   75   76   76   78   82   81   82   84   86   89   90   93   96   94   91   95   94   90   2006
               226    84   82   82   81   81   80   79   80   81   83   83   84   85   86   87   88   88   88   88   87   87   87   87   87   2025
               227    87   86   85   85   85   86   86   86   88   90   93   95   97   99  100  101  104  106  119  117  110  107  104  105   2321
               228   112  115  116  117  114  117  107   97   98   94   98   97  111  110  107  101   93   90   87   86   86   85   85   85   2408
              ------------------------------------------------------------------------------------------------------------------------------------
              TOTAL 2753 2762 2729 2729 2720 2692 2653 2627 2624 2666 2721 2751 2813 2842 2836 2812 2816 2814 2817 2765 2762 2780 2749 2766  65999
              MEAN    98   99   97   97   97   96   95   94   94   95   97   98  100  102  101  100  101  101  101   99   99   99   98   99   2357
              MAX    123  124  126  125  127  127  126  126  128  127  129  129  131  133  132  132  133  133  132  131  129  130  125  125   3018
                N     28   28   28   28   28   28   28   28   28   28   28   28   28   28   28   28   28   28   28   28   28   28   28   28     28
              NOTE                                                                                                                                
                                                                                                                                                  
                   *): WITH MISSING DATA; TOTAL,MEAN,MAXIMUM ESTIMATED                                                                            
                                                                                                                                                  
                                                                                                                                                  
                                                                                                                                                  
                                                                                                                                                  
                                                                                                                                                  
