                                                                                                                                                  
                                                                                                                                                  
                                                               *******************************                                                    
                                                                 DOWNWARD LONGWAVE RADIATION                                                      
                                                               *******************************                                                    
                                                                                                                  COUNTRY = JAPAN                 
                                                                                                                                                  
                                                                                                                                                  
                                                                     UNIT  = 0.01 MJ/m**2                                                         
                        STATION    : Tateno                                                                                                       
                        STATION NO.: 47646                                                                                                        
                        LOCATION   : 140ﾟ08' E                                                                                                    
                                      36ﾟ03' N                                                                                                    
                        ALTITUDE   :   25.2  m                                                                                                    
                        YEAR/MONTH : 2007/10                                                                                                      
                                                                                                                                                  
              DATE   -01  -02  -03  -04  -05  -06  -07  -08  -09  -10  -11  -12  -13  -14  -15  -16  -17  -18  -19  -20  -21  -22  -23  -24  TOTAL
                                                                                                                                                  
              10 1   140  141  141  140  140  139  139  139  140  140  140  141  142  143  142  142  142  142  141  140  141  143  142  141   3381
              10 2   142  142  142  142  141  142  142  142  143  144  144  144  143  143  139  133  134  141  141  140  140  140  139  132   3375
              10 3   124  132  138  139  138  139  139  140  140  141  142  144  145  145  144  144  143  143  142  142  142  141  140  141   3368
              10 4   132  126  123  125  136  135  132  133  134  133  139  134  135  138  135  135  131  130  129  134  135  139  139  137   3199
              10 5   139  140  142  142  136  138  140  139  133  128  130  142  134  131  130  129  131  135  130  131  132  136  127  128   3223
              10 6   122  117  112  111  111  109  109  109  117  122  130  131  131  116  119  117  118  117  121  118  115  114  115  115   2816
              10 7   114  114  113  112  113  112  112  115  118  120  128  139  132  135  135  135  125  126  122  121  121  121  122  122   2927
              10 8   122  123  127  133  134  134  129  135  141  143  147  148  148  150  150  150  150  150  145  139  136  148  145  143   3370
              10 9   146  145  146  146  146  145  144  143  143  142  142  142  142  142  141  142  138  137  139  139  137  139  133  123   3382
              1010   129  130  133  132  134  135  127  135  135  127  126  126  121  134  139  137  123  117  116  116  116  119  127  116   3050
              1011   114  114  114  123  122  131  133  134  128  132  123  123  124  127  132  133  135  132  129  134  135  138  140  141   3091
              1012   142  140  140  139  139  139  139  139  128  126  131  136  131  142  133  132  126  134  141  141  138  139  138  137   3270
              1013   136  136  136  135  135  133  131  126  126  127  119  132  128  126  124  127  129  128  129  131  131  132  132  132   3121
              1014   135  136  134  131  115  117  118  122  120  126  134  139  137  130  130  128  132  136  137  138  138  138  138  139   3148
              1015   137  133  135  136  131  133  135  127  124  129  128  121  122  129  123  125  119  123  129  129  128  127  128  130   3081
              1016   130  129  131  136  128  124  128  130  128  135  138  139  138  138  138  137  136  136  137  137  135  135  135  134   3212
              1017   134  133  133  133  134  133  129  119  119  122  123  133  135  134  137  128  124  122  121  118  115  114  111  114   3018
              1018   111  111  110  108  109  108  108  111  124  115  120  126  130  121  127  119  117  115  115  115  116  118  127  129   2810
              1019   120  121  127  135  131  117  113  124  135  128  124  121  124  129  128  135  135  136  135  138  138  137  137  135   3103
              1020   135  136  136  135  135  133  120  124  118  115  115  118  124  123  128  134  136  120  118  117  116  131  138  118   3023
              1021   108  104  101   98   98   97   97   98  100  102  104  105  107  108  109  109  108  108  107  107  107  107  107  107   2503
              1022   109  106  111  109  106  103  102  104  106  108  112  113  115  121  125  121  118  118  125  121  119  118  116  117   2723
              1023   114  114  119  120  120  117  117  122  122  115  117  117  117  119  122  116  113  113  113  111  111  111  111  110   2781
              1024   109  114  115  110  104  103  104  104  106  108  109  115  115  112  111  111  110  109  109  108  107  107  107  106   2613
              1025   105  105  104  105  104  103  103  105  108  111  114  116  120  127  122  124  123  131  135  136  136  141  139  137   2854
              1026   141  142  140  132  140  141  141  143  142  143  144  144  145  145  146  146  147  145  143  141  139  141  138  139   3408
              1027   141  140  140  141  142  141  142  144  145  145  145  145  145  144  144  141  139  138  135  135  134  133  131  128   3358
              1028   126  125  113  110  109  108  108  109  110  112  113  114  115  116  117  117  117  116  115  120  116  116  115  117   2754
              1029   119  127  121  117  114  117  123  123  125  130  131  132  134  131  132  131  126  124  128  127  122  120  120  119   2993
              1030   117  119  118  115  114  114  114  115  122  127  120  126  138  137  139  137  135  137  126  135  122  137  137  138   3039
              1031   136  133  131  131  127  122  123  124  128  117  121  133  134  135  116  115  114  113  114  112  111  111  111  111   2923
              ------------------------------------------------------------------------------------------------------------------------------------
              TOTAL 3929 3928 3926 3921 3886 3862 3841 3877 3908 3913 3953 4039 4051 4071 4057 4030 3974 3972 3967 3971 3929 3991 3985 3936  94917
              MEAN   127  127  127  126  125  125  124  125  126  126  128  130  131  131  131  130  128  128  128  128  127  129  129  127   3062
              MAX    146  145  146  146  146  145  144  144  145  145  147  148  148  150  150  150  150  150  145  142  142  148  145  143   3408
                N     31   31   31   31   31   31   31   31   31   31   31   31   31   31   31   31   31   31   31   31   31   31   31   31     31
              NOTE                                                                                                                                
                                                                                                                                                  
                   *): WITH MISSING DATA; TOTAL,MEAN,MAXIMUM ESTIMATED                                                                            
                                                                                                                                                  
                                                                                                                                                  
