                                                                                                                                                  
                                                                                                                                                  
                                                               *******************************                                                    
                                                                 DOWNWARD LONGWAVE RADIATION                                                      
                                                               *******************************                                                    
                                                                                                                  COUNTRY = JAPAN                 
                                                                                                                                                  
                                                                                                                                                  
                                                                     UNIT  = 0.01 MJ/m**2                                                         
                        STATION    : Tateno                                                                                                       
                        STATION NO.: 47646                                                                                                        
                        LOCATION   : 140ﾟ08' E                                                                                                    
                                      36ﾟ03' N                                                                                                    
                        ALTITUDE   :   25.2  m                                                                                                    
                        YEAR/MONTH : 2007/01                                                                                                      
                                                                                                                                                  
              DATE   -01  -02  -03  -04  -05  -06  -07  -08  -09  -10  -11  -12  -13  -14  -15  -16  -17  -18  -19  -20  -21  -22  -23  -24  TOTAL
                                                                                                                                                  
               1 1    83   83   83   83   82   82   82   82   83   86   91  102  106  103  100   97  102  107  112  119  122  122  122  122   2356
               1 2   115  104  108  105  105  105  101   95   94  101  106  109  112  113  116  115  116  116  115  115  115  115  115  116   2627
               1 3   115  116  120  120  120  119  117  115  108  104  105   98   99  105   99   97   94   95   99  114  104   99  107   98   2567
               1 4   108  113   99   95   91   87   87   91   90   94   95   93   92   93   93   91   91   90   90   90   90   88   87   86   2224
               1 5    85   85   85   85   84   83   83   83   85   87   88   88   89   89   90   90   89   89   92   97   99  103  108   97   2153
               1 6    99  106  116  116  115  118  118  118  119  120  120  121  122  123  124  125  124  124  118   98   95  104   96   94   2733
               1 7    93   93   93  113  110   88   88   91   87   92   92   91   94  110   97   96   90   89   87   86   85   85   84   84   2218
               1 8    84   84   84   84   84   84   84   84   85   85   86   87   89   90   90   96   91   90   85   84   83   83   82   82   2060
               1 9    81   81   81   81   81   81   81   82   84   86   85   86   87   87   87   87   87   87   87   87   94  100  101  111   2092
               110   107  109  100   85   86   84   83   82   84   85   86   87   89   90   91   92   92   92   91   90   90   89   87   86   2157
               111    85   84   84   84   84   83   83   83   84   85   86   87   89   94   94   99   96   96   89   89   89   87  107  111   2152
               112   107  105  104  100   91   96  109  109  109  108  106   98   96  107   94   93   91   96   98   96  108  114  114  111   2460
               113    95   88   88   86   85   86   84   84   84   85   87   90   93   97   97   95   99  105  104   96   91   87   86   86   2178
               114    81   81   81   81   81   81   81   81   81   82   82   83   84   86   86   86   87   86   85   84   83   82   82   81   1988
               115    81   81   81   82   81   81   84   84   83   84   85   86   87   88   89   90   90   90   90   91   89   89   90   94   2070
               116   100  107   99  104  104  105  102   90   90   92   94   95   97  103  106   97   97   97   97   98  102  110  104  110   2400
               117   101  102  102  107  109  111  110  112  116  119  120  119  113  120  121  121  121  120  120  120  120  120  119  119   2762
               118   119  119  119  118  116  110   96   96  103  102   96   98   99  101   98   97   96   96   96   96   96   94   92   90   2443
               119    88   87   86   85   83   82   82   82   83   84   85   86   87   87   87   88   88   89  105  104   96   96   94   88   2122
               120    94   86   85   84   85   85   84   99  108  111  113  113  114  116  116  116  117  117  115  114  117  117  117  117   2540
               121   117  117  115  110  101  101  100   97   90   90   93   97   99  101   99  106  108  109  112  113  113  115  117  117   2537
               122   118  119  118  118  114  115  116  116  115  111  105   93   97   94   93   94   94   96  101   95  100   91   89   87   2489
               123    86   85   85   85   84   84   84   84   86   87   88   89   90   91   92   91   93   94   95   95   95   97  101  109   2170
               124   111  114  112  111  105  105  107  109  102   99  106  109   98   96   94   92   91   90   90   90   89   89   89   93   2391
               125    91   85   84   83   83   83   82   83   83   84   86   87   88   89   90   90   89   88   87   87   87   87   87   86   2069
               126    85   85   86   85   85   85   89  103   88   96   98  109  107  105  109  107  102   97  101  110  115  119  121  117   2404
               127   122  124  123  121   95   91   91   90   91   92   93   95   96   97   98   98   97  100   99   95  107  105  111  111   2442
               128   106  103   96   94   92   89   87   88   92   92   94   97   98  102  109  109  110  110  109  110  110  111  113  113   2434
               129   115  119  116  111  114  119  117  114  113  115  119  119  119  118  108  102   96   98   95   93   98   89   87   87   2581
               130    88   87   87   86   85   85   84   84   85   87   90   91   92   93   92   93   92   90   89   90   92   92   93   93   2140
               131    94  100  111  116  115  110   98   90   91   93   94   95   96   97   98   98   98   96   96   95   95   95   96   96   2363
              ------------------------------------------------------------------------------------------------------------------------------------
              TOTAL 3054 3052 3031 3018 2950 2918 2894 2901 2896 2938 2974 2998 3018 3085 3057 3048 3028 3039 3049 3041 3069 3074 3098 3092  72322
              MEAN    99   98   98   97   95   94   93   94   93   95   96   97   97  100   99   98   98   98   98   98   99   99  100  100   2333
              MAX    122  124  123  121  120  119  118  118  119  120  120  121  122  123  124  125  124  124  120  120  122  122  122  122   2762
                N     31   31   31   31   31   31   31   31   31   31   31   31   31   31   31   31   31   31   31   31   31   31   31   31     31
              NOTE                                                                                                                                
                                                                                                                                                  
                   *): WITH MISSING DATA; TOTAL,MEAN,MAXIMUM ESTIMATED                                                                            
                                                                                                                                                  
                                                                                                                                                  
