                                                                                                                                                  
                                                                                                                                                  
                                                               *******************************                                                    
                                                                 DOWNWARD LONGWAVE RADIATION                                                      
                                                               *******************************                                                    
                                                                                                                  COUNTRY = JAPAN                 
                                                                                                                                                  
                                                                                                                                                  
                                                                     UNIT  = 0.01 MJ/m**2                                                         
                        STATION    : Tateno                                                                                                       
                        STATION NO.: 47646                                                                                                        
                        LOCATION   : 140ﾟ08' E                                                                                                    
                                      36ﾟ03' N                                                                                                    
                        ALTITUDE   :   25.2  m                                                                                                    
                        YEAR/MONTH : 2007/03                                                                                                      
                                                                                                                                                  
              DATE   -01  -02  -03  -04  -05  -06  -07  -08  -09  -10  -11  -12  -13  -14  -15  -16  -17  -18  -19  -20  -21  -22  -23  -24  TOTAL
                                                                                                                                                  
               3 1    85   84   84   84   84   84   84   84   86   86   88   89   91   92   93   94   93   92   91   90   89   88   87   87   2109
               3 2    88   87   86   86   85   84   83   84   88   93   97  100  106  101   98   97   98  100  102   96   94   95   98  108   2254
               3 3   115  118  121  121  121  122  122  122  123  120  122  120  123  124  125  129  129  126  130  128  121  115  125  116   2938
               3 4   105  105  109  121  120  125  117  123  123  126  111  116  122  114  113  112  119  127  132  124  115  118  125  123   2845
               3 5   125  125  124  113  114  109  110  114  120  128  132  130  132  132  134  138  140  140  140  141  139  141  130  133   3084
               3 6   117  112  110  109  110  119  130  127  126  119  116  117  114  121  124  121  119  117  113   98   97   87   85   83   2691
               3 7    90   93   90  101   97   95   97   93  106   99   93  102   96   95   92  101   99   91   91   94  103   94   96   88   2296
               3 8    86   85   83   83   82   81   81   81   82   83   85   86   86   89   88   91   90   90   90   93   89   89   89   88   2070
               3 9    88   88   88   90   88   87   84   86   91  110  107  111  114  118  116  116  117  112  101  107  115  114  115  109   2472
               310   XXX  XXX  XXX  XXX  XXX  XXX   88   89   91   92   97  112  111  108  114  112  103  112  115  117  118  121  119  118   XXXX
               311   121  121  122  124  126  127  128  129  127  126  125  123  104   96   96   99   90   87   85   83   81   80   81   81   2562
               312    81   81   81   81   81   80   81   82   83   84   87   87   88   89   89   88   87   86   84   83   83   83   83   83   2015
               313    82   81   81   81   81   82   83   85   87   89   91   94  103  102   98   94   91   89   87   84   83   82   81   81   2092
               314    80   80   80   80   80   80   81   82   83   85   88   91   92   89   87   86   85   85   84   83   82   81   81   81   2006
               315    81   81   82   84   85   85   84   85   92   96  102  104  104  102  105  106  106  112  115  114  111  111  110  112   2369
               316   114  113  113  113  113  112  113  113  112  112  106   96   94   95   95   96   96   92   91   92   97  109  105  109   2501
               317   111  110  107  101  110  110  111  111  109  111  112  111   95   89   90   91   96  111  112  109   93   84   83   82   2449
               318    82   80   79   79   78   78   77   79   80   81   83   85   86   88   89   89   88   85   85   83   82   82   81   81   1980
               319    81   79   79   79   79   79   80   81   83   84   85   87   89   89   89   89   89   90  101  100  103  106  110  110   2141
               320   109  106  104  105   99   90   89   81   82   84   86   88   91   98  106  102   93   95  104  102  103  109  106  109   2341
               321   108  105  103   98   91  101  100   95   89   90   93   98   98   97  100  101  111  111   97   96   96   95   94   94   2361
               322   100  106   95  108  105   94   99   95   96   99  108  106  109  XXX  XXX  XXX  105  125  117  102   99   98   96   94   XXXX
               323    93   92   90   91   89   89   89   90   92   93   94   96   97   98  100  102  102  101  101  101   99  122  120  120   2361
               324   114  113  110  101  100   99  103  108  113  114  116  120  125  126  127  129  131  130  131  131  133  134  136  136   2880
               325   139  139  140  141  141  141  142  142  137  137  134  135  136  135  134  134  133  133  134  130  129  126  114  115   3221
               326   100   99   96   94   93   92   94  100  100   99  101  103  105  107  107  108  108  107  106  105  103  102  101  102   2432
               327   101  100  106  106  105  113  113  114  115  117  120  121  123  124  124  125  125  124  126  124  126  123  123  123   2821
               328   121  111  105  103  102  100   99  100  102  105  107  107  108  107  107  107  108  112  127  128  130  128  116  121   2661
               329   120  115  113  111  107  102  102  105  111  114  117  118  116  117  119  117  119  123  113  112  111  108  118  113   2721
               330   108  112  125  124  127  127  128  131  127  121  127  108  109  110  108  109  113  113  111  108  103   95   92   92   2728
               331    92   94  111  110  118  115  115  117  114  121  125  126  127  128  128  128  128  132  135  136  133  131  134  134   2932
              ------------------------------------------------------------------------------------------------------------------------------------
              TOTAL 3137 3116 3119 3122 3112 3103 3107 3128 3170 3218 3255 3287 3294 3286 3302 3317 3311 3350 3351 3294 3260 3251 3234 3226  77320
              MEAN   101  101  101  101  100  100  100  101  102  104  105  106  106  106  107  107  107  108  108  106  105  105  104  104   2494
              MAX    139  139  140  141  141  141  142  142  137  137  134  135  136  135  134  138  140  140  140  141  139  141  136  136   3221
                N     30   30   30   30   30   30   31   31   31   31   31   31   31   30   30   30   31   31   31   31   31   31   31   31     29
              NOTE    *)   *)   *)   *)   *)   *)                                      *)   *)   *)                                             *)
                                                                                                                                                  
                   *): WITH MISSING DATA; TOTAL,MEAN,MAXIMUM ESTIMATED                                                                            
                                                                                                                                                  
                                                                                                                                                  
