                                                                                                                                                  
                                                                                                                                                  
                                                               *******************************                                                    
                                                                 DOWNWARD LONGWAVE RADIATION                                                      
                                                               *******************************                                                    
                                                                                                                  COUNTRY = JAPAN                 
                                                                                                                                                  
                                                                                                                                                  
                                                                     UNIT  = 0.01 MJ/m**2                                                         
                        STATION    : Tateno                                                                                                       
                        STATION NO.: 47646                                                                                                        
                        LOCATION   : 140ﾟ08' E                                                                                                    
                                      36ﾟ03' N                                                                                                    
                        ALTITUDE   :   25.2  m                                                                                                    
                        YEAR/MONTH : 2007/05                                                                                                      
                                                                                                                                                  
              DATE   -01  -02  -03  -04  -05  -06  -07  -08  -09  -10  -11  -12  -13  -14  -15  -16  -17  -18  -19  -20  -21  -22  -23  -24  TOTAL
                                                                                                                                                  
               5 1   113  117  121  122  124  124  126  127  128  131  134  138  138  137  135  133  131  134  135  136  135  135  136  137   3127
               5 2   138  139  140  141  142  141  128  132  140  132  130  123  126  128  127  125  137  135  119  121  115  119  126  112   3116
               5 3   115  116  117  112  111  108  108  107  107  108  110  112  114  114  115  115  117  116  115  113  114  114  114  115   2707
               5 4   122  127  130  131  128  115  110  111  113  115  117  119  119  120  121  120  121  121  120  120  124  123  119  117   2883
               5 5   114  114  114  114  115  116  118  124  123  125  126  127  128  126  127  126  124  123  123  126  127  128  126  125   2939
               5 6   129  128  132  136  142  140  137  140  142  141  141  142  143  143  140  138  139  138  138  138  139  138  137  132   3313
               5 7   131  134  136  136  137  137  136  135  138  138  135  132  129  131  129  130  132  123  124  125  120  117  115  115   3115
               5 8   115  115  114  114  112  111  112  114  116  118  118  120  123  124  124  126  128  129  128  124  123  122  121  120   2871
               5 9   120  119  119  119  118  118  118  120  123  126  128  130  129  129  129  132  133  133  132  132  133  130  129  125   3024
               510   127  126  129  127  125  122  124  125  125  131  130  131  130  132  134  135  139  136  133  136  137  135  134  133   3136
               511   130  130  129  126  120  124  124  126  114  112  114  117  117  118  117  116  114  112  110  106  105  103  101   99   2784
               512    99   98   97   97   98   98  100  104  106  108  112  119  122  123  121  123  120  120  120  120  129  131  135  133   2733
               513   130  133  134  135  134  133  133  132  132  132  132  132  133  131  130  125  123  125  128  123  117  117  123  114   3081
               514   111  109  107  107  110  108  110  112  112  112  115  120  120  119  118  121  122  120  119  118  116  125  131  121   2783
               515   116  115  117  115  113  113  115  117  118  119  125  135  137  133  128  115  110  110  110  110  109  108  107  107   2802
               516   106  106  106  109  107  108  109  110  111  113  114  116  120  123  128  131  130  130  131  130  128  127  127  127   2847
               517   129  131  133  136  139  137  137  136  137  137  140  139  139  141  137  124  122  121  119  118  117  117  117  116   3119
               518   115  114  112  110  108  108  109  112  116  120  125  128  130  131  132  133  132  132  131  130  130  131  131  132   2952
               519   133  133  132  134  129  129  138  143  145  144  145  141  143  142  139  136  139  136  131  119  115  112  110  109   3177
               520   130  133  118  108  106  105  106  109  110  112  113  114  114  114  114  116  130  128  118  109  110  108  105  103   2733
               521   102  102  101  101  100  100  102  103  105  108  110  112  112  114  114  116  116  116  116  120  115  126  116  117   2644
               522   137  133  131  122  128  127  121  123  126  131  130  131  131  132  128  126  131  126  123  122  120  119  119  118   3035
               523   118  118  118  117  116  116  118  119  121  123  125  127  128  129  132  135  132  127  123  120  120  121  122  124   2949
               524   122  122  127  128  122  120  118  118  118  118  119  118  118  119  120  121  121  122  120  118  118  119  120  121   2887
               525   132  131  140  141  142  134  135  139  145  144  143  144  144  144  148  149  151  150  148  146  145  145  144  143   3427
               526   140  129  125  120  115  115  115  117  118  123  121  125  134  129  130  130  129  130  130  129  125  120  117  116   2982
               527   115  114  114  115  116  117  119  122  124  125  127  129  129  129  130  132  139  133  131  133  130  121  114  110   2968
               528   109  108  106  106  106  107  109  116  122  122  118  122  115  114  109  108  107  108  108  107  108  121  119  119   2694
               529   109  108  105  105  107  106  107  109  113  116  126  126  131  141  132  137  128  128  131  129  128  125  126  137   2910
               530   128  127  130  133  137  137  138  139  141  139  144  143  144  140  144  140  141  141  141  141  140  139  139  140   3326
               531   140  140  141  141  139  136  137  137  140  140  139  138  141  139  139  143  141  138  133  135  133  131  134  129   3304
              ------------------------------------------------------------------------------------------------------------------------------------
              TOTAL 3775 3769 3775 3758 3746 3710 3717 3778 3829 3863 3906 3950 3981 3989 3971 3957 3979 3941 3888 3854 3825 3827 3814 3766  92368
              MEAN   122  122  122  121  121  120  120  122  124  125  126  127  128  129  128  128  128  127  125  124  123  123  123  121   2980
              MAX    140  140  141  141  142  141  138  143  145  144  145  144  144  144  148  149  151  150  148  146  145  145  144  143   3427
                N     31   31   31   31   31   31   31   31   31   31   31   31   31   31   31   31   31   31   31   31   31   31   31   31     31
              NOTE                                                                                                                                
                                                                                                                                                  
                   *): WITH MISSING DATA; TOTAL,MEAN,MAXIMUM ESTIMATED                                                                            
                                                                                                                                                  
                                                                                                                                                  
