                                                                                                                                                  
                                                                                                                                                  
                                                               *******************************                                                    
                                                                 DOWNWARD LONGWAVE RADIATION                                                      
                                                               *******************************                                                    
                                                                                                                  COUNTRY = JAPAN                 
                                                                                                                                                  
                                                                                                                                                  
                                                                     UNIT  = 0.01 MJ/m**2                                                         
                        STATION    : Tateno                                                                                                       
                        STATION NO.: 47646                                                                                                        
                        LOCATION   : 140ﾟ08' E                                                                                                    
                                      36ﾟ03' N                                                                                                    
                        ALTITUDE   :   25.2  m                                                                                                    
                        YEAR/MONTH : 2007/04                                                                                                      
                                                                                                                                                  
              DATE   -01  -02  -03  -04  -05  -06  -07  -08  -09  -10  -11  -12  -13  -14  -15  -16  -17  -18  -19  -20  -21  -22  -23  -24  TOTAL
                                                                                                                                                  
               4 1   138  130  131  134  132  119  112  113  112  116  119  120  125  125  128  127  126  127  128  131  135  135  133  131   3027
               4 2   131  132  132  132  131  131  130  130  129  130  127  125  129  133  131  131  130  130  130  130  129  129  129  129   3120
               4 3   128  127  127  126  125  125  124  123  123  121  121  120  119  120  119  117  120  117  112  111  110  113  118  116   2882
               4 4   116  112  116  116  115  105  113  109  112  117  105  112  111  112  116  103  116  119  119  118  112  110   99   92   2675
               4 5    88   86   86   85   84   83   84   85   86   88   91   94   94   97   95   94   96   95  104   95   95   93   91   93   2182
               4 6   115  118  115  112   99  112  106  108  117  121  122  118  118  118  111  108  107  107  112  123  124  123  123  121   2758
               4 7   110  105  107  113  109  102  100  102  106  116  111  113  113  114  114  120  126  116  119  124  128  129  130  128   2755
               4 8   128  128  126  118  104  120  111  104  104  105  116  118  116  112  109  116  117  118  120  125  127  128  128  128   2826
               4 9   128  129  128  127  127  126  127  123  110  117  122  128  119  112  124  106  107  112  120  123  120  118  103   99   2855
               410    98   97   97   96   95   94   94   95   96   99  101  105  110  113  108  109  110  111  112  111  109  110  110  110   2490
               411   106  105  104  107  106  105  104  107  108  109  109  114  115  107  113  121  124  125  125  124  124  124  123  122   2731
               412   115  118  120  117  108  101  103   98  100  113  116  116  111  108  106  108  112  109  106  105  105  106  109  119   2629
               413   123  117  107  113  110  114  108  117  122  130  121  127  135  126  123  119  118  120  116  122  126  127  131  129   2901
               414   134  135  135  133  131  124  115  127  125  114  117  117  116  122  116  110  111  109  106  103  104  100   99   98   2801
               415    98   98   98   99  100  100  102  103  105  108  110  111  110  111  110  112  130  132  128  119  119  124  126  120   2673
               416   126  124  124  126  127  126  126  126  127  124  126  129  129  129  127  127  127  125  126  126  126  126  125  125   3029
               417   125  125  125  124  124  123  123  122  122  116  120  123  124  123  123  124  124  122  122  121  121  121  119  115   2931
               418   116  105  105  109  111  114  114  116  115  118  120  122  123  123  123  124  123  122  122  121  122  122  122  122   2834
               419   121  121  122  122  122  120  120  122  122  120  117  125  125  116  124  123  119  113  106  110  115  118  113  119   2855
               420   120  107  109  115  107  121  115  105   98  100  104  112  117  129  122  124  133  123  111  111  112  119  121  128   2763
               421   126  124  121  118  115  112  129  132  119  121  122  127  127  127  130  129  127  124  126  129  131  132  132  126   3006
               422   123  121  120  120  120  121  122  124  125  130  134  135  132  133  134  135  136  137  139  139  137  134  132  133   3116
               423   135  134  133  134  134  133  133  133  130  131  128  130  130  130  131  131  129  129  126  105  112  111  108  120   3050
               424   124  119  126  126  126  126  126  126  127  128  120  122  127  130  131  130  131  131  132  132  133  133  133  133   3072
               425   133  133  133  133  133  134  134  135  135  136  137  137  137  137  138  138  137  136  136  136  136  134  137  132   3247
               426   113  110  126  132  129  130  102  100  103  107  111  118  127  125  131  114  112  113  114  112  103  102  100   94   2728
               427    94   92   90   87   86   86   87   89   90   92   99  104  108  110  108  108  108  109  110  108  108  107  105  105   2390
               428   105  106  108  104  103  108  106  109  121  121  113  113  115  119  135  132  127  123  117  119  115  105  102  100   2726
               429    99   96  102   99  103   91   92   94   96   98  101  103  105  106  107  108  108  108  107  106  105  105  104  104   2447
               430   103  102  102  101  100  100  100  103  106  108  110  113  115  114  113  115  120  117  115  112  109  109  108  110   2605
              ------------------------------------------------------------------------------------------------------------------------------------
              TOTAL 3519 3456 3475 3478 3416 3406 3362 3380 3391 3454 3470 3551 3582 3581 3600 3563 3611 3579 3566 3551 3552 3547 3513 3501  84104
              MEAN   117  115  116  116  114  114  112  113  113  115  116  118  119  119  120  119  120  119  119  118  118  118  117  117   2803
              MAX    138  135  135  134  134  134  134  135  135  136  137  137  137  137  138  138  137  137  139  139  137  135  137  133   3247
                N     30   30   30   30   30   30   30   30   30   30   30   30   30   30   30   30   30   30   30   30   30   30   30   30     30
              NOTE                                                                                                                                
                                                                                                                                                  
                   *): WITH MISSING DATA; TOTAL,MEAN,MAXIMUM ESTIMATED                                                                            
                                                                                                                                                  
                                                                                                                                                  
                                                                                                                                                  
