                                                                                                                                                  
                                                                                                                                                  
                                                               *******************************                                                    
                                                                 DOWNWARD LONGWAVE RADIATION                                                      
                                                               *******************************                                                    
                                                                                                                  COUNTRY = JAPAN                 
                                                                                                                                                  
                                                                                                                                                  
                                                                     UNIT  = 0.01 MJ/m**2                                                         
                        STATION    : Tateno                                                                                                       
                        STATION NO.: 47646                                                                                                        
                        LOCATION   : 140ﾟ08' E                                                                                                    
                                      36ﾟ03' N                                                                                                    
                        ALTITUDE   :   25.2  m                                                                                                    
                        YEAR/MONTH : 2007/11                                                                                                      
                                                                                                                                                  
              DATE   -01  -02  -03  -04  -05  -06  -07  -08  -09  -10  -11  -12  -13  -14  -15  -16  -17  -18  -19  -20  -21  -22  -23  -24  TOTAL
                                                                                                                                                  
              11 1   111  113  117  118  132  131  131  124  124  119  121  134  137  138  138  139  140  139  134  131  133  135  137  136   3112
              11 2   137  136  136  136  135  131  130  132  133  136  138  138  136  134  134  133  132  132  132  132  127  129  130  131   3200
              11 3   121  129  129  130  130  129  129  126  125  126  123  124  114  109  115  113  108  107  107  106  109  111  127  128   2875
              11 4   114  105  104  104  104  104  104  105  108  109  110  113  122  117  112  118  111  111  112  110  111  128  130  130   2696
              11 5   123  124  120  114  110  106  106  106  110  113  126  124  135  133  130  130  129  133  135  136  136  133  133  134   2979
              11 6   133  132  132  132  132  132  132  132  132  133  133  132  132  131  132  132  132  131  131  130  130  128  126  126   3148
              11 7   131  133  131  126  120  122  129  118  123  121  114  108  106  106  106  106  105  105  105  104  104  104  104  104   2735
              11 8   103  103  102  103  103  102  101  101  103  105  108  112  113  113  115  116  116  113  113  115  115  113  115  111   2614
              11 9   110  111  112  114  113  113  111  113  117  120  126  118  122  123  128  131  135  135  134  134  133  133  133  134   2953
              1110   133  133  133  132  132  133  132  134  132  133  133  133  133  134  135  134  133  132  132  131  133  133  133  133   3189
              1111   134  134  134  134  134  133  132  135  135  135  138  138  139  139  138  138  137  134  134  131  131  130  129  128   3224
              1112   125  110  101   99   96   96   96   97   99  100  101  102  103  105  105  105  104  103  102  106  114  110  108  107   2494
              1113   104  110  103  102  102  103  102  103  104  107  108  110  111  110  111  127  111  108  107  107  107  107  108  108   2580
              1114   111  111  119  127  109  111  107  105  107  109  111  114  122  117  114  114  112  111  112  120  125  120  118  118   2744
              1115   113  111  107  105  103  101  100  100  102  111  105  107  109  109  111  111  111  111  111  109  108  106  104  102   2567
              1116   100   99   98   98  111  121  120  121  121  120  117  110  105  102  102  109  109  106   98   96   96   96   95   93   2543
              1117    93   93   92   91   91   91   92   91   94  106  114  122  122  124  122  116  114  117  119  123  101   99   97   96   2520
              1118    94   93   93   93   92   92   93   93   94   96   98  101  103  104  106  113  107  112  114  106   94   90   89   88   2358
              1119    87   86   86   86   85   85   86   86   87   88   89   90   89   91   91   92   97  108  115  119  120  121  120  120   2324
              1120   118  119  118  113  101  100  118  111  106  107  107  104  108  108  102  100   99   98   99   99   98   97   96   95   2521
              1121    94   94   93   92   91   91   90   91   91   92   93   94   95   96   97   98   97   97  110  105   93   91   91  104   2280
              1122    88   87   85   85   85   84   83   84   85   87   88   90   92   91   90   90   89   88   86   85   85   85   85   85   2082
              1123    85   85   85   85   86   91   89   87   87   88   89   91   92   92   93   92   91   91   91   91   91   90   90   89   2141
              1124    90   89   89   89   88   87   88   88   90   93   95   96   98   98   99   99   99   98   98   97   96   96   95   95   2250
              1125    93   92   92   92   91   92   92   93   95   97  100  102  103  103  104  105  106  106  106  107  106  104  101  100   2382
              1126   100   99   97   97   97   96   98   97   94   99  102  101  106  106  105  108  110  114  114  115  113  116  116  113   2513
              1127   116  116  116  117  115  116  114  115  117  118  119  119  120  121  121  121  121  125  126  126  126  126  125  123   2879
              1128   124  124  124  124  123  120  120  119  120  120  121  119  119  119  119  119  119  120  121  121  120  121  121  121   2898
              1129   122  122  121  122  122  121  121  121  121  121  122  122  123  123  123  123  122  122  120  121  120  120  120  119   2914
              1130   121  121  121  120  122  122  122  122  122  122  124  124  124  126  125  126  126  126  126  126  126  126  125  122   2967
              ------------------------------------------------------------------------------------------------------------------------------------
              TOTAL 3328 3314 3290 3280 3255 3256 3268 3250 3278 3331 3373 3392 3433 3422 3423 3458 3422 3433 3444 3439 3401 3398 3401 3393  80682
              MEAN   111  110  110  109  109  109  109  108  109  111  112  113  114  114  114  115  114  114  115  115  113  113  113  113   2689
              MAX    137  136  136  136  135  133  132  135  135  136  138  138  139  139  138  139  140  139  135  136  136  135  137  136   3224
                N     30   30   30   30   30   30   30   30   30   30   30   30   30   30   30   30   30   30   30   30   30   30   30   30     30
              NOTE                                                                                                                                
                                                                                                                                                  
                   *): WITH MISSING DATA; TOTAL,MEAN,MAXIMUM ESTIMATED                                                                            
                                                                                                                                                  
                                                                                                                                                  
                                                                                                                                                  
