                                                                                                                                                  
                                                                                                                                                  
                                                               *******************************                                                    
                                                                 DOWNWARD LONGWAVE RADIATION                                                      
                                                               *******************************                                                    
                                                                                                                  COUNTRY = JAPAN                 
                                                                                                                                                  
                                                                                                                                                  
                                                                     UNIT  = 0.01 MJ/m**2                                                         
                        STATION    : Tateno                                                                                                       
                        STATION NO.: 47646                                                                                                        
                        LOCATION   : 140ﾟ08' E                                                                                                    
                                      36ﾟ03' N                                                                                                    
                        ALTITUDE   :   25.2  m                                                                                                    
                        YEAR/MONTH : 2008/04                                                                                                      
                                                                                                                                                  
              DATE   -01  -02  -03  -04  -05  -06  -07  -08  -09  -10  -11  -12  -13  -14  -15  -16  -17  -18  -19  -20  -21  -22  -23  -24  TOTAL
                                                                                                                                                  
               4 1    87   86   87   87   87   87   88   90   92   93   94   95   96   98   97   95   95   94   95   93   91   91   91   91   2200
               4 2    91   91   91   91   90   90   90   93   94   96   98  106  113  116  116  111  108  106  108  116  109  113  104  105   2446
               4 3   114  110  105  103   99   98   97   98  101  105  107  111  116  116  114  114  125  127  106  105  118  112  103  101   2605
               4 4   105   99   97   96   93   93   92   94   95   96   99  101  102  105  112  114  113  112  114  115  114  108  103  107   2479
               4 5    96   93   91   90   90   90   94  100  100   98  102  103  104  103  103  104  108  105  105  103  103  104  102  100   2391
               4 6    98   97   97   96   94   93   92   94   97  100  102  103  104  105  106  107  106  104  104  106  101  101  101  101   2409
               4 7   101  101  100  100   99  100  101  109  123  124  132  132  132  131  133  133  133  132  131  131  132  134  133  133   2910
               4 8   132  133  133  134  134  133  132  130  130  129  129  130  129  130  129  128  125  123  125  127  127  125  125  128   3100
               4 9   126  122  126  126  127  127  127  127  127  127  129  129  130  124  123  109  111  127  118  113  116  121  120  124   2956
               410   121  124  124  123  124  124  125  126  127  127  128  128  128  128  128  128  127  127  127  127  128  128  129  130   3036
               411   130  130  129  129  128  129  129  129  130  132  132  125  118  118  116  111  110  120  128  115  107  111  106  118   2930
               412   108  108  101  100   99   99  100  102  104  105  108  110  112  118  120  124  123  120  116  122  125  128  130  133   2715
               413   131  130  128  125  116  123  124  125  126  126  126  125  125  125  125  125  125  125  125  126  126  127  127  128   3014
               414   128  128  128  127  127  127  127  127  126  128  130  123  118  114  110  114  112  113  126  124  130  119  104  103   2913
               415   102  102  101  100   99  104  114  102  104  106  110  113  116  116  115  114  113  113  109  107  107  106  106  106   2585
               416   108  126  131  115  107  105  106  109  113  118  125  129  131  132  132  130  122  121  120  126  119  116  122  125   2888
               417   124  127  125  127  127  128  127  132  131  132  133  135  137  136  135  137  134  133  132  133  132  133  133  134   3157
               418   134  134  134  133  133  134  134  134  135  136  136  135  135  135  134  134  134  134  134  135  135  135  134  133   3224
               419   133  132  132  131  131  130  130  130  129  131  133  133  133  133  133  133  132  131  131  132  131  131  131  131   3157
               420   130  129  130  131  131  126  129  132  132  130  131  134  134  133  128  120  130  129  128  108  122  116  126  127   3066
               421   129  130  129  129  129  129  130  128  129  128  129  113  110  110  110  121  112  113  117  124  127  124  127  126   2953
               422   120  113  120  126  124  126  114  104  107  108  110  110  109  108  107  107  106  104  103  102  101  101  102  102   2634
               423   101  101  100  100   99   99  101  103  106  109  112  113  113  115  115  115  114  126  135  136  137  135  135  130   2750
               424   132  133  135  135  136  137  138  139  140  138  138  140  140  138  137  137  139  139  137  140  140  141  141  141   3311
               425   140  137  135  135  133  132  131  130  128  128  132  132  121  118  114  113  115  112  117  116  114  118  120  124   2995
               426   126  126  126  125  121  124  124  123  124  122  125  129  123  120  126  129  128  128  128  126  127  130  129  130   3019
               427   120  128  129  130  129  130  131  131  132  133  133  128  123  130  124  118  126  121  120  116  128  122  131  129   3042
               428   128  129  118  107  108  108  107  120  114  116  120  119  118  119  114  114  112  110  107  107  107  107  124  118   2751
               429   123  106  107  106  106  112  111  114  116  113  114  126  123  120  121  120  118  119  117  114  115  115  115  115   2766
               430   114  112  111  110  109  109  110  112  115  118  120  123  125  126  127  128  130  126  123  120  119  117  117  116   2837
              ------------------------------------------------------------------------------------------------------------------------------------
              TOTAL 3532 3517 3500 3467 3429 3446 3455 3487 3527 3552 3617 3633 3618 3620 3604 3587 3586 3594 3586 3565 3588 3569 3571 3589  85239
              MEAN   118  117  117  116  114  115  115  116  118  118  121  121  121  121  120  120  120  120  120  119  120  119  119  120   2841
              MAX    140  137  135  135  136  137  138  139  140  138  138  140  140  138  137  137  139  139  137  140  140  141  141  141   3311
                N     30   30   30   30   30   30   30   30   30   30   30   30   30   30   30   30   30   30   30   30   30   30   30   30     30
              NOTE                                                                                                                                
                                                                                                                                                  
                   *): WITH MISSING DATA; TOTAL,MEAN,MAXIMUM ESTIMATED                                                                            
                                                                                                                                                  
                                                                                                                                                  
                                                                                                                                                  
