                                                                                                                                                  
                                                                                                                                                  
                                                               *******************************                                                    
                                                                 DOWNWARD LONGWAVE RADIATION                                                      
                                                               *******************************                                                    
                                                                                                                  COUNTRY = JAPAN                 
                                                                                                                                                  
                                                                                                                                                  
                                                                     UNIT  = 0.01 MJ/m**2                                                         
                        STATION    : Tateno                                                                                                       
                        STATION NO.: 47646                                                                                                        
                        LOCATION   : 140ﾟ08' E                                                                                                    
                                      36ﾟ03' N                                                                                                    
                        ALTITUDE   :   25.2  m                                                                                                    
                        YEAR/MONTH : 2008/03                                                                                                      
                                                                                                                                                  
              DATE   -01  -02  -03  -04  -05  -06  -07  -08  -09  -10  -11  -12  -13  -14  -15  -16  -17  -18  -19  -20  -21  -22  -23  -24  TOTAL
                                                                                                                                                  
               3 1    87   86   85   86   86   87   87   88   90   93   94  107  120  101   97   96   91   88   86   85   85   85   84   85   2179
               3 2    85   84   85   85   84   84   84   84   87   97   99  102  100   95   98   99  101  103  103  104   99   98  104  105   2269
               3 3    94   93   93   91   90   89   88   99   93   94  105  111  108   99  101  104  114  115  121  120  116  114  115  109   2476
               3 4   110  114  103   91   89   89   88   89   90   90   92   93   94   96  103   98   98  110  115  112  107  109  107  101   2388
               3 5   100   97  103  105  102  104  102  102  101  103  102  100   91   89   94   90   87   86   84   82   81   81   81   80   2247
               3 6    80   80   79   80   80   79   79   80   82   84   86   88   89   90   90  100  107  109  107   90   90   92   94   91   2126
               3 7   102  103  108  102   94  100   91   97   91   93  105  110  111  103  114  103   92   99  116  101   89   88   87   85   2384
               3 8    85   83   83   82   82   81   81   83   85   87   89   90   91   92   93   94   94   93   92   91   91   89   90   92   2113
               3 9    89   88   87   87   86   85   85   86   88   93   93   94   95   98   99  102  105  102  105   99   99  106  100   97   2268
               310    97   96   94   95  100  109  120  120  121  120  121  120  125  125  124  121  113  114   99   96   94   93   92   91   2600
               311    92   91   91   91   92   92   93   93   94   97  100  102  105  105  105  106  106  106  106  105  105  104  102  101   2384
               312   101  100   98   97   96   94   94   93   94   95   95   96   97   97   97   97   96   99  106  108  109  115  115  115   2404
               313   115  115  114  111   98   90   91   92   94   96   98   99  100  101  101  103  101  104  113  109  107  123  123  117   2515
               314   121  113  114  116  114  124  126  127  130  129  129  130  131  132  131  132  135  134  133  134  135  136  132  136   3074
               315   138  137  134  133  130  131  130  123  104  106  108  113  116  110  107  105  105  103  102  102  101  101  100  100   2739
               316   100  100   99   99   99  100  100  115  125  119  124  120  121  116  113  111  111  110  108  108  118  119  122  123   2680
               317   122  114  110  116  110  113  111  109  113  114  110  114  123  121  112  119  117  120  122  124  123  120  119  118   2794
               318   122  123  114  123  115  118  120  123  116  103  114  115  113  106  104  103  101  101  100   98   98   99  101  107   2637
               319   106  104  107  105  108  107  123  111  117  125  116  130  130  130  130  129  124  124  125  128  129  128  127  126   2889
               320   126  126  125  124  124  125  124  124  124  124  124  123  123  125  125  124  124  123  122  120  120  121  122  122   2964
               321   119  118  112  109  111  119  119  120  119  122  123  122  119  122  127  125  124  124  113  101   97   95   94   92   2746
               322    89   88   87   88   87   87   87   89   91   93   96   99  100   99   99   98   97   97   96   95   94   94   93   93   2236
               323    92   92   90   90   90   90   91   93   96  100  101  105  105  102  103  102  101  110  116  110  119  120  124  124   2466
               324   124  123  123  123  123  124  123  124  124  125  126  127  127  127  127  127  127  128  121  103   98   98   96  112   2880
               325   109  116  110  116  116  117  119  119  119   98  105  105  108  107  107  106  106  113  106  106  106  123  115  109   2661
               326   112  112  125  114  101  102  105  108  112  108  112  111  114  114  112  112  111  109  111  109  106  111  115  125   2671
               327   124  122  122  121  119  118  116  109  102   97  101  106  109  109  104  106  105  113  117  101  110  112  121  121   2685
               328   120  114  114  100  106  118  118  115  110  103  118  118  113  119  117  127  126  123  117  115  102   94   93   92   2692
               329    91   91   90   90   89   89   89   91   94   96   99  103  108  106  106  109  111  111  108  105  102   99   99   98   2374
               330    93   94   94  102  104   97   97   97  112  105  109  118  123  123  123  123  123  122  121  122  121  121  121  122   2687
               331   122  122  122  121  120  120  120  120  120  121  120  119  119  119  114   99   99  107   93   91   90   89   88   88   2643
              ------------------------------------------------------------------------------------------------------------------------------------
              TOTAL 3267 3239 3215 3193 3145 3182 3201 3223 3238 3230 3314 3390 3428 3378 3377 3370 3352 3400 3384 3274 3241 3277 3276 3277  78871
              MEAN   105  104  104  103  101  103  103  104  104  104  107  109  111  109  109  109  108  110  109  106  105  106  106  106   2544
              MAX    138  137  134  133  130  131  130  127  130  129  129  130  131  132  131  132  135  134  133  134  135  136  132  136   3074
                N     31   31   31   31   31   31   31   31   31   31   31   31   31   31   31   31   31   31   31   31   31   31   31   31     31
              NOTE                                                                                                                                
                                                                                                                                                  
                   *): WITH MISSING DATA; TOTAL,MEAN,MAXIMUM ESTIMATED                                                                            
                                                                                                                                                  
                                                                                                                                                  
