                                                                                                                                                  
                                                                                                                                                  
                                                               *******************************                                                    
                                                                 DOWNWARD LONGWAVE RADIATION                                                      
                                                               *******************************                                                    
                                                                                                                  COUNTRY = JAPAN                 
                                                                                                                                                  
                                                                                                                                                  
                                                                     UNIT  = 0.01 MJ/m**2                                                         
                        STATION    : Tateno                                                                                                       
                        STATION NO.: 47646                                                                                                        
                        LOCATION   : 140ﾟ08' E                                                                                                    
                                      36ﾟ03' N                                                                                                    
                        ALTITUDE   :   25.2  m                                                                                                    
                        YEAR/MONTH : 2008/02                                                                                                      
                                                                                                                                                  
              DATE   -01  -02  -03  -04  -05  -06  -07  -08  -09  -10  -11  -12  -13  -14  -15  -16  -17  -18  -19  -20  -21  -22  -23  -24  TOTAL
                                                                                                                                                  
               2 1    90   81   79   78   78   77   78   78   79   81   83   86   85   84   84   84   84   83   82   81   80   83   82   85   1965
               2 2    81   89   93   95  101  102   97   99   98  103  104  103  106  106  107  108  110  109  111  108  115  116  116  117   2494
               2 3   116  116  114  114  114  114  114  114  114  115  116  116  116  116  116  115  114  113  113  112  114  112  110  108   2736
               2 4    98   84   83   81   81   81   80   80   82   84   86   87   87   88   88   88   89   88   94  101   99   99  102  101   2131
               2 5    86   84   82   82   88   91   97  103  103  104   89   86   87   88   88   89   89   88   86   84   84   84   84   86   2132
               2 6    95   96   91   89  106  110  110  111  112  113  113  113  113  113  115  115  115  114  115  115  115  115  114  114   2632
               2 7   114  113  112  111  109  100   94   89   84   88   86   86   88   88   84   83   83   81   80   82   81   80   80   80   2176
               2 8    78   78   78   78   78   79   79   80   81   82   83   84   84   87   87   87   83   83   82   81   79   79   79   80   1949
               2 9    80   80   85   83   81   83  104  100  102  105  108  112  114  110  115  117  115  115  116  116  116  116  115  115   2503
               210   115  114  112   95   92   96   95   93   91   90   92   94   99  102  106   98   97   89   87   86   86   86   86   86   2287
               211    88   88   91   91   90   86   83   84   86   89   91   91   91   92   94   94   96  110  111  113  104  100  103  103   2269
               212   107  115  116  119  116  112  110  114  117  118  119  120  120  120  120  121  120  119  116  106   94   95  101  104   2719
               213    93   87   82   78   76   75   76   75   76   77   78   79   79   78   79   78   77   76   76   76   76   76   76   76   1875
               214    76   76   76   77   77   77   77   78   79   81   82   84   84   86   86   86   85   84   82   82   82   81   81   81   1940
               215    81   81   81   81   80   80   80   79   80   82   83   84   86   86   92   93   89   87   87   90   98   95   84   82   2041
               216    81   79   79   78   77   77   77   78   79   79   80   81   82   83   84   91   88   82   81   90   83   79   86   95   1969
               217    85   78   78   77   77   77   76   76   78   79   81   84   91   84   81   82   82   80   79   79   79   78   78   77   1916
               218    77   76   76   76   75   75   76   78   79   81   82   84   86   88   88   87   87   86   85   84   84   83   83   83   1959
               219    82   81   81   81   81   80   80   81   83   86   91   94   97   97   91   90   89   88   87   87   87   86   85   85   2070
               220    84   84   84   83   82   81   81   81   82   85   87   89   90   90   91   91   91   91   90   90   91   91   89   87   2085
               221    85   84   83   82   81   81   81   82   84   85   87   88   89   90   89   88   86   87   86   88   90   93  105  101   2095
               222   107  111  105   95   88   88   93   93   92   92   95   97   97   99  100   99  102   99   98  107  110  104   99   98   2368
               223   100  101  101   91   92   93   97   91   91   93   94   96  103  120  118  100  101   93   83   80   79   78   76   76   2247
               224    75   76   78   78   77   77   78   79   81   84   87   91   93   91   89   88   86   84   83   82   81   80   79   79   1976
               225    78   78   77   75   74   73   74   77   78   79   80   83   85   86   84   85   84   84   84   83   83   83   87   99   1953
               226    93   98  111  112  107  102  110  114  112  112  104  114  117  119  113  117  117  113  116  118  126  130  130  123   2728
               227   120  118  116  113  109   92   82   82   83   83   84   85   88   87   84   84   83   83   83   81   79   78   79   79   2155
               228    79   79   79   79   79   79   79   81   82   84   87   89   90   89   88   88   88   86   85   85   88   97   91   89   2040
               229    88   84   84   84   83   83   82   83   85   89   90   92   95   99   99  103   96   92   92   93   95   95   93   88   2167
              ------------------------------------------------------------------------------------------------------------------------------------
              TOTAL 2632 2609 2607 2556 2549 2521 2540 2553 2573 2623 2642 2692 2742 2766 2760 2749 2726 2687 2670 2680 2678 2672 2673 2677  63577
              MEAN    91   90   90   88   88   87   88   88   89   90   91   93   95   95   95   95   94   93   92   92   92   92   92   92   2192
              MAX    120  118  116  119  116  114  114  114  117  118  119  120  120  120  120  121  120  119  116  118  126  130  130  123   2736
                N     29   29   29   29   29   29   29   29   29   29   29   29   29   29   29   29   29   29   29   29   29   29   29   29     29
              NOTE                                                                                                                                
                                                                                                                                                  
                   *): WITH MISSING DATA; TOTAL,MEAN,MAXIMUM ESTIMATED                                                                            
                                                                                                                                                  
                                                                                                                                                  
                                                                                                                                                  
                                                                                                                                                  
