                                                                                                                                                  
                                                                                                                                                  
                                                               *******************************                                                    
                                                                 DOWNWARD LONGWAVE RADIATION                                                      
                                                               *******************************                                                    
                                                                                                                  COUNTRY = JAPAN                 
                                                                                                                                                  
                                                                                                                                                  
                                                                     UNIT  = 0.01 MJ/m**2                                                         
                        STATION    : Tateno                                                                                                       
                        STATION NO.: 47646                                                                                                        
                        LOCATION   : 140ﾟ08' E                                                                                                    
                                      36ﾟ03' N                                                                                                    
                        ALTITUDE   :   25.2  m                                                                                                    
                        YEAR/MONTH : 2008/08                                                                                                      
                                                                                                                                                  
              DATE   -01  -02  -03  -04  -05  -06  -07  -08  -09  -10  -11  -12  -13  -14  -15  -16  -17  -18  -19  -20  -21  -22  -23  -24  TOTAL
                                                                                                                                                  
               8 1   150  152  148  145  147  146  150  150  154  158  155  154  155  156  155  152  158  151  147  145  147  146  149  150   3620
               8 2   147  143  145  144  144  150  149  146  154  159  161  160  160  160  155  156  153  151  149  148  147  147  150  152   3630
               8 3   152  152  153  151  152  154  156  161  157  158  159  159  159  158  157  156  155  153  150  151  150  150  152  149   3704
               8 4   150  155  152  156  149  156  163  162  165  164  165  160  160  162  165  161  160  159  162  163  164  163  160  163   3839
               8 5   162  160  160  162  161  160  159  160  161  160  161  160  160  161  160  160  158  159  156  154  157  156  155  156   3818
               8 6   155  151  155  156  151  154  150  146  148  152  163  161  156  159  158  156  157  155  152  155  151  153  150  149   3693
               8 7   148  147  147  147  146  145  147  148  150  154  157  159  163  166  162  159  156  154  151  148  147  147  146  145   3639
               8 8   145  144  143  143  144  144  145  148  150  153  157  159  161  160  156  154  155  154  152  150  149  149  147  147   3609
               8 9   147  148  147  145  146  146  157  149  158  152  147  147  148  146  148  146  151  151  149  146  143  154  153  149   3573
               810   145  141  142  143  143  152  151  151  146  155  157  156  157  156  157  149  148  153  154  155  151  153  154  149   3618
               811   154  150  142  154  150  148  146  156  158  159  157  157  153  154  149  148  147  148  152  155  153  152  154  153   3649
               812   150  144  150  146  144  150  149  151  158  155  158  159  155  152  151  149  151  157  156  156  155  156  148  153   3653
               813   157  154  153  155  154  151  154  151  157  160  165  161  160  160  157  155  153  154  154  154  158  156  155  154   3742
               814   151  153  150  147  148  148  156  161  158  159  160  164  163  160  158  157  155  157  162  156  156  151  149  148   3727
               815   147  146  145  145  145  145  146  148  151  154  157  160  162  164  162  159  157  154  151  150  150  149  149  148   3644
               816   148  148  148  148  150  149  148  154  161  157  154  155  162  157  152  154  156  160  158  158  158  157  155  156   3703
               817   156  156  155  154  152  153  152  152  151  150  150  151  152  152  152  152  150  149  148  148  143  134  136  139   3587
               818   144  142  131  129  129  137  135  139  144  151  155  156  155  151  152  144  145  148  150  151  154  154  154  153   3503
               819   143  148  153  141  142  152  155  158  159  161  159  165  165  161  157  154  158  157  154  150  150  152  152  148   3694
               820   150  154  145  144  156  157  156  142  144  145  154  154  156  155  154  156  155  153  154  156  152  149  139  137   3617
               821   137  147  146  144  151  151  149  152  147  150  150  152  155  152  157  149  154  150  145  141  139  138  144  144   3544
               822   136  127  138  126  126  126  136  135  144  147  148  148  147  144  135  134  144  139  136  143  139  142  144  143   3327
               823   143  143  142  141  141  143  143  143  144  147  149  150  150  150  149  149  149  149  148  148  148  148  148  149   3514
               824   149  149  148  149  149  149  149  150  151  152  153  156  157  156  153  153  152  152  154  154  154  154  155  154   3652
               825   155  155  154  153  152  151  149  151  152  152  154  153  152  151  153  152  153  151  152  150  151  151  154  154   3655
               826   154  154  154  153  152  152  152  152  152  153  154  155  155  154  153  148  151  149  146  146  145  146  137  132   3599
               827   136  147  146  147  141  133  133  148  152  150  149  148  148  147  148  149  148  149  144  144  147  152  155  154   3515
               828   154  154  154  154  155  155  155  156  159  158  158  160  159  160  159  156  160  160  159  159  158  156  156  158   3772
               829   153  157  159  157  155  154  152  154  155  153  153  160  161  155  161  154  151  160  156  155  158  155  159  159   3746
               830   158  157  156  152  151  151  153  149  154  156  151  154  157  157  152  152  153  156  157  158  158  157  157  157   3713
               831   156  155  155  155  155  156  155  155  152  152  156  160  159  156  157  152  148  144  149  151  152  152  150  149   3681
              ------------------------------------------------------------------------------------------------------------------------------------
              TOTAL 4632 4633 4616 4586 4581 4618 4650 4678 4746 4786 4826 4853 4862 4832 4794 4725 4741 4736 4707 4698 4684 4679 4666 4651 112980
              MEAN   149  149  149  148  148  149  150  151  153  154  156  157  157  156  155  152  153  153  152  152  151  151  151  150   3645
              MAX    162  160  160  162  161  160  163  162  165  164  165  165  165  166  165  161  160  160  162  163  164  163  160  163   3839
                N     31   31   31   31   31   31   31   31   31   31   31   31   31   31   31   31   31   31   31   31   31   31   31   31     31
              NOTE                                                                                                                                
                                                                                                                                                  
                   *): WITH MISSING DATA; TOTAL,MEAN,MAXIMUM ESTIMATED                                                                            
                                                                                                                                                  
                                                                                                                                                  
