                                                                                                                                                  
                                                                                                                                                  
                                                               *******************************                                                    
                                                                 DOWNWARD LONGWAVE RADIATION                                                      
                                                               *******************************                                                    
                                                                                                                  COUNTRY = JAPAN                 
                                                                                                                                                  
                                                                                                                                                  
                                                                     UNIT  = 0.01 MJ/m**2                                                         
                        STATION    : Tateno                                                                                                       
                        STATION NO.: 47646                                                                                                        
                        LOCATION   : 140ﾟ08' E                                                                                                    
                                      36ﾟ03' N                                                                                                    
                        ALTITUDE   :   25.2  m                                                                                                    
                        YEAR/MONTH : 2008/01                                                                                                      
                                                                                                                                                  
              DATE   -01  -02  -03  -04  -05  -06  -07  -08  -09  -10  -11  -12  -13  -14  -15  -16  -17  -18  -19  -20  -21  -22  -23  -24  TOTAL
                                                                                                                                                  
               1 1    82   82   81   81   80   80   80   80   81   83   84   85   86   88   99   88   86   84   84   83   82   82   82   82   2005
               1 2    82   82   81   81   81   81   82   82   83   85   86   88   89   90   89   88   86   85   84   83   83   84   84   83   2022
               1 3    83   84   83   82   92  100   99   93   89   85   87   88   89   90   90   91   97  112  109   90   89   88   87   85   2182
               1 4    85   84   84   84   83   83   83   83   85   87   88   91   92   93   92   91   90   89   89   88   87   86   86   93   2096
               1 5    95  106  111  111  112  112  112  113  113  114  115  104  108   95   92   92   92   92   91   90   89   88   88   87   2422
               1 6    86   86   85   85   84   84   84   84   85   87   90   92   93   94   95   95   95   95   94   94   93   93   93   93   2159
               1 7    92   91   91   95   96   90   96  103  107  108  107  109  118  119  121  124  124  122  122  121  121  121  122  114   2634
               1 8   113  112   94   92   91   90   89   89   89   91   93   95   97   99   99   99   99  100  101  102  107  113  112  110   2376
               1 9   110  112  109  109  113  116  120  122  123  123  122  109  111   98   97   97   98  104  113  106   97   95   96   91   2591
               110    90   89   88   87   86   86   86   86   87   89   93   99  100  102   97   97  109  116  113  115  103   95   95  103   2311
               111    92   90   89   89   88   88   88   88   89   92   95   98   98  100  103  108  113  116  118  119  122  122  125  121   2451
               112   116  123  128  128  127  127  126  125  124  124  123  122  121  120  119  118  117  116  116  116  115  113  113  113   2890
               113   113  108  100  107  106  101  105   91  100   99   87   87   97   88   84   84   84   82   81   81   83   91   91   87   2237
               114    84   81   79   80   87   87   82   80   81   82   87   92   91  103   90   88   99  108  108  109  109  108  106   89   2210
               115    87   84   82   83   81   80   81   80   83  100   96   86   85   85   86   86   86   85   85   86   96  102  106  111   2122
               116   108  107  108  108  106  104   92   86   87   88   90   91   94   97   95   93   91   90   89   90  107  112  112  112   2357
               117   112  112  111  110  109  109  106  101   92   81   82   83   98   83   82   81   81   82   81   88   99   95   80   86   2244
               118    94   97   86   98  105  105  102  101  105  107  108  109  106  109  107   92   85   82   81   81   80   79   79   79   2277
               119    78   80   80   81   83   86   86   85   82   83   87   88   90   86   85   90   90   85   83   83   81   81   80   80   2013
               120    79   79   86   92   88   83   83   85   90   96  100  101  102  103  105  106  105  109  110  111  112  112  112  112   2361
               121   111  111  111  111  108  108  110  109  109  109  109  111  110  107  103  104  102   93  102  107  108  109  106   95   2563
               122   105   96   96   88   82   81   81   81   83   86   86   89  101   97   95  102   98  102   93   90   93   95  107  103   2230
               123   109  111  113  111  113  113  113  114  114  114  115  115  116  116  116  117  117  117  118  118  117  117  115  117   2756
               124   117  117  118  118  118  117  113  105  103   92   95   94   84   84   82   81   80   79   79   78   78   78   77   77   2264
               125    77   77   77   77   77   76   77   77   78   79   81   81   83   84   85   84   82   81   80   79   79   79   79   79   1908
               126    79   78   80   78   77   77   77   77   79   82   82   82   84   86   87   88   83   81   80   80   79   79   81   78   1934
               127    78   77   77   77   77   77   76   76   77   79   81   81   82   82   83   84   84   83   82   81   81   80   80   78   1913
               128    78   77   77   77   77   77   77   77   79   81   89   93   96  100  105  103  106  107  110  114  113  115  113  115   2256
               129   116  115  113  114  114  112  112  115  117  117  118  117  118  119  119  119  119  118  118  118  117  117  117  117   2796
               130   117  117  117  117  104   89   89   91   88   89   93   96   94   95   99  112  111  114  117  112  116   98   99  100   2474
               131    92   89   88   87   86   85   84   83   84   85   86   88   87   87   95   97  102  103   93   85   80   85   93   90   2134
              ------------------------------------------------------------------------------------------------------------------------------------
              TOTAL 2960 2954 2923 2938 2931 2904 2891 2862 2886 2917 2955 2964 3020 2999 2996 2999 3011 3032 3024 2998 3016 3012 3016 2980  71188
              MEAN    95   95   94   95   95   94   93   92   93   94   95   96   97   97   97   97   97   98   98   97   97   97   97   96   2296
              MAX    117  123  128  128  127  127  126  125  124  124  123  122  121  120  121  124  124  122  122  121  122  122  125  121   2890
                N     31   31   31   31   31   31   31   31   31   31   31   31   31   31   31   31   31   31   31   31   31   31   31   31     31
              NOTE                                                                                                                                
                                                                                                                                                  
                   *): WITH MISSING DATA; TOTAL,MEAN,MAXIMUM ESTIMATED                                                                            
                                                                                                                                                  
                                                                                                                                                  
