                                                                                                                                                  
                                                                                                                                                  
                                                               *******************************                                                    
                                                                 DOWNWARD LONGWAVE RADIATION                                                      
                                                               *******************************                                                    
                                                                                                                  COUNTRY = JAPAN                 
                                                                                                                                                  
                                                                                                                                                  
                                                                     UNIT  = 0.01 MJ/m**2                                                         
                        STATION    : Tateno                                                                                                       
                        STATION NO.: 47646                                                                                                        
                        LOCATION   : 140ﾟ08' E                                                                                                    
                                      36ﾟ03' N                                                                                                    
                        ALTITUDE   :   25.2  m                                                                                                    
                        YEAR/MONTH : 2008/10                                                                                                      
                                                                                                                                                  
              DATE   -01  -02  -03  -04  -05  -06  -07  -08  -09  -10  -11  -12  -13  -14  -15  -16  -17  -18  -19  -20  -21  -22  -23  -24  TOTAL
                                                                                                                                                  
              10 1   143  143  141  142  143  143  142  139  143  145  146  146  145  144  143  137  130  119  118  118  117  117  116  118   3238
              10 2   131  137  129  118  117  111  109  110  112  113  114  117  122  121  117  116  115  115  114  114  131  129  121  129   2862
              10 3   131  114  120  125  126  129  119  114  115  128  133  123  130  135  140  129  124  123  123  120  115  114  125  130   2985
              10 4   127  113  113  113  113  112  113  115  118  120  121  123  126  128  132  125  126  124  123  121  121  121  121  121   2890
              10 5   121  122  121  121  118  121  122  118  126  129  138  138  136  140  141  142  143  142  141  140  142  141  142  141   3186
              10 6   141  143  141  140  142  142  142  142  143  145  146  145  146  146  146  145  147  147  146  138  126  125  124  127   3375
              10 7   121  121  124  120  119  120  123  129  135  139  141  142  144  145  144  143  134  136  141  140  145  145  145  147   3243
              10 8   145  143  144  143  142  142  141  140  143  142  141  143  145  145  143  144  141  139  136  139  141  137  125  129   3373
              10 9   130  123  122  121  124  121  126  138  133  133  138  133  142  140  137  131  127  125  123  124  124  124  129  127   3095
              1010   125  121  120  120  120  122  121  121  125  127  133  139  143  141  147  142  144  147  143  142  146  148  147  144   3228
              1011   148  149  149  148  142  137  145  147  146  145  147  147  143  138  129  130  132  137  141  121  115  112  110  107   3265
              1012   105  105  103  102  101  101  103  106  107  110  110  112  119  125  123  125  128  127  124  120  123  125  127  128   2759
              1013   126  126  125  122  119  123  119  120  116  118  119  121  125  131  122  120  119  118  117  116  115  115  115  117   2884
              1014   129  135  133  132  136  129  137  133  141  141  142  142  141  142  141  142  139  139  138  138  139  139  140  141   3309
              1015   141  142  143  142  140  138  140  140  141  144  143  139  138  130  129  129  124  123  124  134  123  117  118  114   3196
              1016   112  110  110  108  108  108  107  107  109  111  114  115  117  116  115  115  114  114  114  114  115  116  113  113   2695
              1017   113  112  111  111  110  110  109  113  114  117  124  124  125  122  123  124  122  125  130  130  129  127  121  115   2861
              1018   111  110  110  109  109  108  108  109  112  116  131  133  141  143  139  135  126  127  121  127  125  120  117  117   2904
              1019   118  118  114  118  114  111  112  114  117  121  134  136  132  136  143  138  128  130  125  132  132  139  138  143   3043
              1020   143  141  136  134  121  118  117  119  121  122  123  130  131  136  131  127  129  124  120  127  130  124  122  130   3056
              1021   123  116  115  117  112  111  110  111  114  116  119  119  119  119  120  120  120  117  115  121  125  113  113  114   2799
              1022   112  112  113  119  124  112  115  115  119  122  124  128  134  132  127  128  126  131  128  124  125  128  127  124   2949
              1023   130  127  131  137  138  138  130  125  126  129  137  144  141  145  143  145  143  144  144  145  146  145  145  145   3323
              1024   146  147  148  147  147  147  147  149  150  151  152  151  151  152  152  152  151  153  152  152  150  143  132  133   3555
              1025   138  144  129  130  136  132  133  138  136  141  138  135  141  139  143  143  141  136  137  138  140  139  141  140   3308
              1026   138  140  138  136  136  137  136  136  138  135  135  137  137  137  137  136  133  133  133  132  132  132  130  129   3243
              1027   127  125  122  113  110  111  120  110  112  113  114  118  130  132  133  134  136  136  135  123  112  128  122  130   2946
              1028   126  113  111  108  105  102  102  103  104  107  109  110  111  112  113  113  114  123  114  117  115  113  126  118   2689
              1029   116  115  115  115  112  116  114  106  104  111  114  118  111  111  119  119  119  122  125  127  127  123  116  108   2783
              1030   100  101  108  118  119  116  118  116  119  115  120  117  114  104  105  105  104  104  103  103  103  103  102  102   2619
              1031   103  110  121  121  114  115  111  106  112  117  121  121  126  127  128  126  126  123  122  121  118  117  117  116   2839
              ------------------------------------------------------------------------------------------------------------------------------------
              TOTAL 3920 3878 3860 3850 3817 3783 3791 3789 3851 3923 4021 4046 4106 4114 4105 4060 4005 4003 3970 3958 3947 3919 3887 3897  94500
              MEAN   126  125  125  124  123  122  122  122  124  127  130  131  132  133  132  131  129  129  128  128  127  126  125  126   3048
              MAX    148  149  149  148  147  147  147  149  150  151  152  151  151  152  152  152  151  153  152  152  150  148  147  147   3555
                N     31   31   31   31   31   31   31   31   31   31   31   31   31   31   31   31   31   31   31   31   31   31   31   31     31
              NOTE                                                                                                                                
                                                                                                                                                  
                   *): WITH MISSING DATA; TOTAL,MEAN,MAXIMUM ESTIMATED                                                                            
                                                                                                                                                  
                                                                                                                                                  
