                                                                                                                                                  
                                                                                                                                                  
                                                               *******************************                                                    
                                                                 DOWNWARD LONGWAVE RADIATION                                                      
                                                               *******************************                                                    
                                                                                                                  COUNTRY = JAPAN                 
                                                                                                                                                  
                                                                                                                                                  
                                                                     UNIT  = 0.01 MJ/m**2                                                         
                        STATION    : Tateno                                                                                                       
                        STATION NO.: 47646                                                                                                        
                        LOCATION   : 140ﾟ08' E                                                                                                    
                                      36ﾟ03' N                                                                                                    
                        ALTITUDE   :   25.2  m                                                                                                    
                        YEAR/MONTH : 2008/05                                                                                                      
                                                                                                                                                  
              DATE   -01  -02  -03  -04  -05  -06  -07  -08  -09  -10  -11  -12  -13  -14  -15  -16  -17  -18  -19  -20  -21  -22  -23  -24  TOTAL
                                                                                                                                                  
               5 1   115  115  114  114  115  114  116  121  125  123  125  125  130  129  133  134  134  134  126  128  130  132  132  133   2997
               5 2   132  133  133  131  131  134  135  138  141  136  140  137  135  136  139  135  143  145  144  144  144  144  144  144   3318
               5 3   144  143  143  143  143  143  144  144  145  146  146  146  146  145  144  143  138  127  127  139  138  140  134  139   3390
               5 4   135  125  139  140  142  142  142  142  143  144  145  145  145  145  146  144  144  138  130  135  140  139  139  139   3368
               5 5   139  138  137  135  135  126  138  140  139  139  142  143  143  143  143  144  145  146  146  145  142  138  133  134   3353
               5 6   135  138  125  122  108   99   98   99  101  103  105  107  108  109  111  113  113  113  112  111  111  111  112  112   2676
               5 7   112  112  111  110  107  106  107  112  113  115  118  121  123  124  124  125  125  126  124  122  121  118  115  115   2806
               5 8   115  124  122  125  122  115  114  121  115  118  119  122  124  124  124  120  117  115  115  115  116  114  112  122   2850
               5 9   123  124  130  131  130  120  121  124  125  124  126  128  129  132  133  128  127  125  124  125  125  126  129  129   3038
               510   129  128  127  127  127  128  129  129  129  131  130  131  130  130  130  130  129  127  127  127  126  126  127  126   3080
               511   126  125  126  126  125  126  127  128  129  129  128  129  128  128  129  127  124  122  119  117  121  105  101  100   2945
               512   102  118  125  125  121  113  123  120  115  117  118  122  121  121  119  119  118  118  118  119  120  121  122  122   2857
               513   124  126  127  126  126  126  127  127  127  129  130  132  133  130  128  129  130  130  130  129  128  128  128  128   3078
               514   129  129  129  129  129  130  130  130  131  131  131  131  131  134  135  135  135  135  135  135  135  135  135  133   3172
               515   117  117  127  124  121  127  129  127  115  120  120  118  120  118  117  118  117  116  114  113  113  114  114  114   2850
               516   113  114  120  120  114  111  111  114  121  125  121  123  121  120  118  118  118  118  117  117  120  122  119  118   2833
               517   118  117  119  125  124  116  115  117  122  119  120  120  119  119  119  119  119  128  129  133  133  132  129  127   2938
               518   133  131  132  132  132  132  130  124  126  121  119  117  117  117  117  116  116  122  124  125  128  123  123  136   2993
               519   138  138  138  137  139  139  139  138  132  135  142  139  143  141  146  142  132  144  142  140  142  138  137  138   3339
               520   141  143  140  141  144  145  145  146  148  149  150  145  137  135  138  139  139  138  138  137  128  113  110  111   3300
               521   112  108  105  104  104  104  105  108  110  111  112  116  118  122  121  122  122  122  122  120  118  118  118  117   2739
               522   117  117  115  112  113  114  114  117  121  121  124  126  128  133  134  134  132  129  128  130  130  129  127  128   2973
               523   129  128  129  130  129  125  126  124  126  128  133  135  134  135  134  131  131  132  130  127  126  128  130  133   3113
               524   133  134  129  128  133  139  140  145  139  134  134  140  140  143  145  145  147  147  144  145  145  145  146  146   3366
               525   146  147  146  146  146  146  147  147  147  146  145  147  148  143  141  142  146  137  136  135  131  130  129  128   3402
               526   132  144  147  132  126  126  131  131  128  131  136  134  140  139  135  132  132  132  135  142  133  127  124  122   3191
               527   120  118  116  113  113  113  113  118  113  117  119  122  121  123  121  120  119  118  118  118  117  119  118  115   2822
               528   121  127  116  135  132  127  121  124  137  139  141  143  126  130  129  130  130  131  135  139  132  134  132  131   3142
               529   129  131  130  131  134  135  135  135  136  136  136  137  137  138  139  139  138  138  137  137  137  137  136  136   3254
               530   136  137  137  137  136  137  137  136  136  137  138  138  138  138  138  137  136  135  134  134  133  134  133  131   3263
               531   131  132  132  132  134  133  133  134  134  134  135  135  135  136  135  135  135  135  133  134  133  134  133  133   3210
              ------------------------------------------------------------------------------------------------------------------------------------
              TOTAL 3926 3961 3966 3963 3935 3891 3922 3960 3969 3988 4028 4054 4048 4060 4065 4045 4031 4023 3993 4017 3996 3954 3921 3940  95656
              MEAN   127  128  128  128  127  126  127  128  128  129  130  131  131  131  131  130  130  130  129  130  129  128  126  127   3086
              MAX    146  147  147  146  146  146  147  147  148  149  150  147  148  145  146  145  147  147  146  145  145  145  146  146   3402
                N     31   31   31   31   31   31   31   31   31   31   31   31   31   31   31   31   31   31   31   31   31   31   31   31     31
              NOTE                                                                                                                                
                                                                                                                                                  
                   *): WITH MISSING DATA; TOTAL,MEAN,MAXIMUM ESTIMATED                                                                            
                                                                                                                                                  
                                                                                                                                                  
