                                                                                                                                                  
                                                                                                                                                  
                                                               *******************************                                                    
                                                                 DOWNWARD LONGWAVE RADIATION                                                      
                                                               *******************************                                                    
                                                                                                                  COUNTRY = JAPAN                 
                                                                                                                                                  
                                                                                                                                                  
                                                                     UNIT  = 0.01 MJ/m**2                                                         
                        STATION    : Tateno                                                                                                       
                        STATION NO.: 47646                                                                                                        
                        LOCATION   : 140ﾟ08' E                                                                                                    
                                      36ﾟ03' N                                                                                                    
                        ALTITUDE   :   25.2  m                                                                                                    
                        YEAR/MONTH : 2008/09                                                                                                      
                                                                                                                                                  
              DATE   -01  -02  -03  -04  -05  -06  -07  -08  -09  -10  -11  -12  -13  -14  -15  -16  -17  -18  -19  -20  -21  -22  -23  -24  TOTAL
                                                                                                                                                  
               9 1   151  148  148  150  155  154  155  157  155  156  158  156  159  158  157  160  151  151  149  151  153  156  151  149   3688
               9 2   150  154  159  156  159  157  151  152  156  155  161  156  158  158  151  152  150  149  149  154  147  146  145  144   3669
               9 3   146  144  143  143  143  147  150  148  149  153  153  149  148  148  153  155  150  147  146  145  144  143  143  147   3537
               9 4   144  147  142  142  142  143  144  152  159  159  156  154  159  159  160  159  158  157  153  154  153  155  153  147   3651
               9 5   145  153  154  155  155  153  155  156  157  158  158  158  159  160  157  155  145  144  143  148  157  156  156  156   3693
               9 6   155  155  155  155  155  155  154  157  156  156  154  156  161  162  158  155  150  149  154  155  158  158  157  157   3737
               9 7   156  150  154  151  144  142  151  158  156  154  158  157  152  153  153  152  155  149  150  150  148  143  141  140   3617
               9 8   139  138  138  138  136  142  140  137  139  142  149  158  153  153  150  146  142  142  140  134  134  138  136  130   3394
               9 9   128  127  127  123  120  118  118  120  123  125  126  128  129  131  131  129  128  126  125  125  125  125  125  125   3007
               910   126  131  124  125  123  121  122  124  127  131  138  137  134  137  136  135  130  126  124  122  121  120  119  121   3054
               911   123  123  123  124  125  127  128  131  136  144  151  154  153  153  153  153  153  150  150  150  151  151  150  149   3405
               912   147  146  142  134  131  130  131  132  133  134  135  135  135  137  139  141  143  143  140  138  139  139  138  137   3299
               913   136  136  135  133  132  132  143  150  145  138  140  141  146  144  142  148  152  143  138  136  135  135  137  136   3353
               914   134  136  138  143  143  146  148  147  146  147  141  142  141  140  139  138  135  134  133  133  136  146  149  148   3383
               915   148  146  146  145  143  143  146  145  145  144  147  147  152  149  148  149  148  146  146  146  147  146  148  149   3519
               916   149  150  148  148  148  149  150  147  147  145  141  140  144  149  143  140  137  133  132  132  133  133  131  132   3401
               917   134  131  133  130  127  127  128  130  133  135  140  139  137  136  136  135  136  135  138  138  136  139  136  140   3229
               918   145  146  144  145  146  147  147  149  149  149  152  153  152  151  152  149  150  149  145  146  145  144  144  140   3539
               919   141  142  144  145  147  146  146  147  149  150  151  150  150  149  151  152  152  154  153  155  153  151  152  150   3580
               920   151  151  150  150  151  148  146  151  151  153  150  154  154  154  144  142  150  141  135  146  146  134  139  143   3534
               921   137  139  139  134  144  146  141  143  149  151  147  153  152  154  154  153  153  153  152  152  151  150  151  149   3547
               922   148  147  149  146  147  146  145  144  145  146  146  146  146  146  148  145  138  141  138  129  128  126  126  125   3391
               923   124  124  124  124  123  123  128  143  140  134  143  144  147  144  146  143  141  139  143  146  146  146  147  145   3307
               924   146  145  143  142  131  131  127  127  126  127  128  130  128  124  123  122  123  123  124  129  131  126  137  140   3133
               925   143  144  144  139  144  145  145  146  149  148  149  141  145  151  150  147  141  141  147  143  141  139  139  138   3459
               926   137  136  137  137  136  143  145  147  148  155  157  156  151  150  147  148  150  149  146  144  146  142  142  143   3492
               927   139  137  136  135  134  131  128  121  122  128  121  121  129  134  135  140  139  138  132  133  136  136  135  135   3175
               928   126  129  124  117  124  129  126  125  131  133  136  136  139  140  139  141  138  134  134  139  139  136  135  138   3188
               929   135  134  136  132  134  135  137  135  137  137  138  139  139  139  138  139  138  138  139  139  138  139  139  140   3294
               930   139  140  140  140  140  140  140  141  141  142  142  142  142  143  143  143  142  142  143  143  143  143  143  143   3400
              ------------------------------------------------------------------------------------------------------------------------------------
              TOTAL 4222 4229 4219 4181 4182 4196 4215 4262 4299 4329 4366 4372 4394 4406 4376 4366 4318 4266 4241 4255 4260 4241 4244 4236 102675
              MEAN   141  141  141  139  139  140  141  142  143  144  146  146  146  147  146  146  144  142  141  142  142  141  141  141   3423
              MAX    156  155  159  156  159  157  155  158  159  159  161  158  161  162  160  160  158  157  154  155  158  158  157  157   3737
                N     30   30   30   30   30   30   30   30   30   30   30   30   30   30   30   30   30   30   30   30   30   30   30   30     30
              NOTE                                                                                                                                
                                                                                                                                                  
                   *): WITH MISSING DATA; TOTAL,MEAN,MAXIMUM ESTIMATED                                                                            
                                                                                                                                                  
                                                                                                                                                  
                                                                                                                                                  
