                                                                                                                                                  
                                                                                                                                                  
                                                               *******************************                                                    
                                                                 DOWNWARD LONGWAVE RADIATION                                                      
                                                               *******************************                                                    
                                                                                                                  COUNTRY = JAPAN                 
                                                                                                                                                  
                                                                                                                                                  
                                                                     UNIT  = 0.01 MJ/m**2                                                         
                        STATION    : Tateno                                                                                                       
                        STATION NO.: 47646                                                                                                        
                        LOCATION   : 140ﾟ08' E                                                                                                    
                                      36ﾟ03' N                                                                                                    
                        ALTITUDE   :   25.2  m                                                                                                    
                        YEAR/MONTH : 2008/12                                                                                                      
                                                                                                                                                  
              DATE   -01  -02  -03  -04  -05  -06  -07  -08  -09  -10  -11  -12  -13  -14  -15  -16  -17  -18  -19  -20  -21  -22  -23  -24  TOTAL
                                                                                                                                                  
              12 1    88   88   87   87   86   86   86   87   89   92   94   97   97   98   97   97   97   97   98  113  119  125  126  124   2355
              12 2   124  122  120  120  122  123  123  123  125  126  127  128  129  129  130  127  127  118  103  117  126  116  101  102   2908
              12 3   101   97   97   96   94   93   92   93   94   95   97   99  100  102  103  103  102  102  102  102  101  100   99   98   2362
              12 4    97   97   97   97   96   96   96   95   96   98  101  103  104  105  106  106  105  114  106  104  106  125  126  125   2501
              12 5   113  109  116  111  114  112  120  120  111  120  120  131  138  138  137  138  136  133  132  131  130  130  131  122   2993
              12 6   117  106   97   93   93   93   92   92  103  115  114  112  112  104   94  101  111  112  108  107  105  101   93   92   2467
              12 7    84   82   81   82   82   82   82   82   84   85   85   86   87   87   88   88   88   88   87   87   86   86   86   86   2041
              12 8    99  112   96  106  110  111  105  100  104  106  119  107   99  120  121  121  107  111  102  105   99  100  108   95   2563
              12 9    93   92   92   93   95   96   97  101  105  114  118  120  121  123  125  127  125  128  129  128  129  129  129  129   2738
              1210   129  130  130  130  130  128  111  110  110  105  105  106  107  107  108  107  106  105  105  105  105  110  107  122   2718
              1211   122  121  126  121  104  110  116  107  105  103  110  106  105  107  115  109  110  107  110  107  103  102  101  100   2627
              1212   100   99   97   97   97   97   96   97   98  101  103  104  105  104  105  104  103  103  102  103  102  101  101  100   2419
              1213    99   98   98  101  104  112  122  122  121  116  123  114  113  126  128  110  101  101  123  125  125  125  125  123   2755
              1214   124  125  125  124  124  124  122  121  120  119  118  118  118  113  116  115  115  115   96   93   92   88   88   87   2700
              1215    87   87   85   84   84   83   83   83   85   86   88   90   91   92   93   93   92   91   91   91   90   93   91   91   2124
              1216    89   88   87   86   86   86   85   86   88   90   92   95   96   97   98   97   97  103  113  111  121  117  111   97   2316
              1217   106  106  106  112  114  115  116  118  123  124  123  126  125  126  126  126  126  126  127  127  127  127  127  128   2907
              1218   127  126  125  110  106   99   96   95  105  104   97   99  100  102  103  103  102  101   99   97   96   94   92   93   2471
              1219    92   92   91   90   90   91   96   90   93   94   95   99   94   93   94   94   93   93   93   94  102   96   94   94   2247
              1220    94   96  111  109  118  121  120  122  123  113  122  118  120  107  104  101  100  100   99   97   95   95   94   94   2573
              1221    92   91   91   91   91   91   91   92   95   98  101  103  106  110  115  114  115  116  114  114  113  113  118  115   2490
              1222   115  116  116  118  121  120  119  114  115  121  125  123  128  127  126  123  120  118  116  116  116  114  114  112   2853
              1223   111  109  108  111  109  108  100   89   87   89   92   89   89   90   91   91   91   91   90   90   89   88   87   86   2275
              1224    84   83   83   83   83   82   82   85  104  105  108  112  112  115  120  122  121  121  109  110  108  111  113  113   2469
              1225   116  100   91   90   89   89   89   89   93   91   94   97   98  101   99  100   99   98   97   95   93   92   92   91   2283
              1226    90   93   95   85   81   80   80   80   80   81   81   82   82   83   81   81   79   79   78   78   78   78   78   78   1961
              1227    78   78   78   78   78   79   79   80   81   83   85   87   87   87   86   85   84   84   84   84   84   84   83   84   1980
              1228    84   84   84   84   84   85   84   85   87   88   90   91   93   92   91   90   89   88   88   87   87   87   86   85   2093
              1229    85   85   85   85   84   84   85   85   86   87   89   90   93   95   97  100  103   99   97   97  108  109  105  106   2239
              1230    95   93   91   91   90   90   89   89   90   92   94   96   97   99  102  100   99   97   96   97   97   91   90   89   2254
              1231    87   84   84   83   82   81   81   81   82   83   84   85   86   86   87   86   85   83   83   82   81   81   81   81   1999
              ------------------------------------------------------------------------------------------------------------------------------------
              TOTAL 3122 3089 3070 3048 3041 3047 3035 3013 3082 3124 3194 3213 3232 3265 3286 3259 3228 3222 3177 3194 3213 3208 3177 3142  75681
              MEAN   101  100   99   98   98   98   98   97   99  101  103  104  104  105  106  105  104  104  102  103  104  103  102  101   2441
              MAX    129  130  130  130  130  128  123  123  125  126  127  131  138  138  137  138  136  133  132  131  130  130  131  129   2993
                N     31   31   31   31   31   31   31   31   31   31   31   31   31   31   31   31   31   31   31   31   31   31   31   31     31
              NOTE                                                                                                                                
                                                                                                                                                  
                   *): WITH MISSING DATA; TOTAL,MEAN,MAXIMUM ESTIMATED                                                                            
                                                                                                                                                  
                                                                                                                                                  
