                                                                                                                                                  
                                                                                                                                                  
                                                               *******************************                                                    
                                                                 DOWNWARD LONGWAVE RADIATION                                                      
                                                               *******************************                                                    
                                                                                                                  COUNTRY = JAPAN                 
                                                                                                                                                  
                                                                                                                                                  
                                                                     UNIT  = 0.01 MJ/m**2                                                         
                        STATION    : Tateno                                                                                                       
                        STATION NO.: 47646                                                                                                        
                        LOCATION   : 140ﾟ08' E                                                                                                    
                                      36ﾟ03' N                                                                                                    
                        ALTITUDE   :   25.2  m                                                                                                    
                        YEAR/MONTH : 2008/11                                                                                                      
                                                                                                                                                  
              DATE   -01  -02  -03  -04  -05  -06  -07  -08  -09  -10  -11  -12  -13  -14  -15  -16  -17  -18  -19  -20  -21  -22  -23  -24  TOTAL
                                                                                                                                                  
              11 1   113  105  104  104  103  102  103  110  103  105  107  108  109  110  110  109  107  105  103  102  103  102  103  110   2540
              11 2   106  106  120  115  111  106  106  106  105  105  107  110  109  112  110  111  112  112  116  118  117  117  119  117   2673
              11 3   120  120  120  121  121  121  121  122  123  124  125  125  126  124  123  123  123  124  123  124  122  121  120  119   2935
              11 4   118  110  111  109  107  107  109  111  112  109  112  111  110  111  112  121  128  122  125  119  115  104  100   99   2692
              11 5    99  106   99   99  105  114  122  111  122  125  125  128  124  126  118  116  110  109  110  116  110  106  105  104   2709
              11 6   102  101  100  100   99   99   98   99  103  105  106  108  109  115  120  123  123  120  121  115  113  119  118  123   2639
              11 7   127  129  128  129  130  132  133  134  134  134  134  131  123  117  118  118  118  117  128  126  129  131  129  128   3057
              11 8   131  131  130  130  130  130  130  129  128  127  126  125  125  126  125  124  123  120  118  119  120  119  115  113   2994
              11 9   107  114  116  117  122  123  120  121  122  125  125  126  125  125  126  125  126  125  126  126  125  125  125  124   2941
              1110   125  124  124  124  123  123  122  118  115  114  115  115  117  117  116  115  115  115  113  112  111  111  111  113   2808
              1111   111  112  113  113  113  111  111  113  114  116  116  117  120  118  117  116  115  115  115  115  113  115  115  114   2748
              1112   115  116  116  118  121  124  121  119  119  121  124  127  127  128  130  129  129  129  130  129  123  113  124  126   2958
              1113   126  128  127  124  124  112  102  102  104  106  108  110  111  109  108  107  104  103  102  101  100  102  103  106   2629
              1114   105  112  121  118  103  102  114  128  129  125  128  132  122  120  130  127  126  135  131  132  127  114  127  135   2943
              1115   128  126  125  121  130  117  117  111  116  125  127  128  134  136  138  138  137  137  136  136  134  135  135  136   3103
              1116   133  136  131  137  136  133  132  135  134  134  134  136  138  135  137  136  136  135  132  131  130  128  135  133   3217
              1117   135  135  135  129  129  131  132  132  130  115  124  121  125  136  119  117  119  124  115  116  123  133  115  120   3010
              1118   130  115  124  122  115  113  120  118  113  111  115  115  119  130  134  118  116  121  114  120  113  109  103   96   2804
              1119    95   94   91   89   88   87   87   87   88   91   91   94   98  105  105  101   96   94   93   89   87   87   86   86   2209
              1120    86   86   86   87   86   86   85   85   87   88   89   89   89   90   91   92   91   91   91   92   92   91   90   89   2129
              1121    89   88   86   86   86   84   84   85   86   89   91   93   95   97   98   99   98   98   98   96   95   95   94   94   2204
              1122    93   92   91   90   89   88   87   88   90   92   93   93   94   95   96   96   96   97  103  112  113  117  121  120   2346
              1123   121  115  102  103  103  108  106  102  100  102  102   98  100  102  103  103  103  102  102   99   98   98   97   96   2465
              1124    95  109  109   94   93   92   93   94  105  115  121  122  127  128  127  126  125  125  125  126  126  127  127  127   2758
              1125   126  125  123  120  119  119  118  110  109  101   96   97   98  101  102  107  124  122  106  117  123  122  117  116   2718
              1126   122  121  122  123  120  102   94   94   95   97   97   98  100  104  100   99   98   99  109  108   98   97   97   99   2493
              1127    96   95   95   97  109  112  116  116  122  124  123  124  124  124  125  126  126  126  126  126  126  126  127  127   2838
              1128   126  125  127  129  129  131  133  133  132  132  131  130  129  126  111  103  102  102  101   99   99   99   98   97   2824
              1129    96   96   95   94   95   95   94   95   97  101  103  102  103  107  113  109  108  105  103  102  100  100  100   99   2412
              1130    97   95   95   95   96   95   94   94   95   97   98   99   99  100  102  100   97   94   92   90   90   90   90   89   2283
              ------------------------------------------------------------------------------------------------------------------------------------
              TOTAL 3373 3367 3366 3337 3335 3299 3304 3302 3332 3355 3393 3412 3429 3474 3464 3434 3431 3423 3407 3413 3375 3353 3346 3355  81079
              MEAN   112  112  112  111  111  110  110  110  111  112  113  114  114  116  115  114  114  114  114  114  113  112  112  112   2703
              MAX    135  136  135  137  136  133  133  135  134  134  134  136  138  136  138  138  137  137  136  136  134  135  135  136   3217
                N     30   30   30   30   30   30   30   30   30   30   30   30   30   30   30   30   30   30   30   30   30   30   30   30     30
              NOTE                                                                                                                                
                                                                                                                                                  
                   *): WITH MISSING DATA; TOTAL,MEAN,MAXIMUM ESTIMATED                                                                            
                                                                                                                                                  
                                                                                                                                                  
                                                                                                                                                  
