                                                                                                                                                  
                                                                                                                                                  
                                                               *******************************                                                    
                                                                 DOWNWARD LONGWAVE RADIATION                                                      
                                                               *******************************                                                    
                                                                                                                  COUNTRY = JAPAN                 
                                                                                                                                                  
                                                                                                                                                  
                                                                     UNIT  = 0.01 MJ/m**2                                                         
                        STATION    : Tateno                                                                                                       
                        STATION NO.: 47646                                                                                                        
                        LOCATION   : 140ﾟ08' E                                                                                                    
                                      36ﾟ03' N                                                                                                    
                        ALTITUDE   :   25.2  m                                                                                                    
                        YEAR/MONTH : 2008/07                                                                                                      
                                                                                                                                                  
              DATE   -01  -02  -03  -04  -05  -06  -07  -08  -09  -10  -11  -12  -13  -14  -15  -16  -17  -18  -19  -20  -21  -22  -23  -24  TOTAL
                                                                                                                                                  
               7 1   140  139  138  125  131  131  122  141  145  141  144  136  131  136  133  129  132  142  146  137  131  125  138  137   3250
               7 2   127  139  142  132  125  136  146  146  140  132  144  142  145  146  143  142  137  132  131  128  129  129  128  128   3269
               7 3   128  131  130  141  148  149  150  150  153  153  153  151  152  152  151  146  148  156  154  155  155  155  154  154   3569
               7 4   154  155  156  155  155  155  156  157  156  149  153  156  154  153  151  149  148  146  145  150  153  150  153  158   3667
               7 5   158  157  157  143  142  149  141  141  144  146  150  152  156  158  159  158  157  152  149  146  145  144  144  143   3591
               7 6   143  147  156  158  158  158  158  159  160  158  151  152  149  151  152  157  160  157  155  157  159  153  155  154   3717
               7 7   154  155  158  156  158  156  154  151  149  149  150  149  150  148  150  149  146  150  146  149  145  145  139  145   3601
               7 8   148  138  136  138  142  150  151  153  153  153  156  154  155  154  151  156  155  155  153  153  152  147  140  144   3587
               7 9   146  134  137  144  142  139  135  141  151  153  153  153  153  152  152  152  150  150  145  147  145  134  140  144   3492
               710   147  147  143  147  146  148  148  149  150  146  154  155  154  157  155  154  153  148  142  139  138  143  145  144   3552
               711   144  142  138  139  139  140  140  144  152  155  150  152  150  152  151  154  151  151  143  141  144  142  142  144   3500
               712   140  139  140  140  142  138  140  142  144  145  148  149  150  152  153  152  152  152  152  147  142  146  145  150   3500
               713   144  145  146  139  137  137  139  140  142  143  144  144  145  146  146  143  145  147  148  151  150  149  151  154   3475
               714   152  151  156  156  156  156  157  158  158  157  161  160  162  160  155  152  157  160  157  147  147  148  155  156   3734
               715   153  153  155  149  147  146  149  146  146  147  150  146  142  142  145  141  141  143  138  137  138  137  143  145   3479
               716   148  152  154  153  153  152  154  154  151  152  159  155  155  155  156  157  158  152  148  149  149  147  145  148   3656
               717   156  155  155  156  156  154  157  158  158  158  160  159  154  155  156  161  156  159  153  149  146  146  145  145   3707
               718   146  149  148  153  153  154  157  158  156  161  163  164  164  160  159  159  159  155  154  152  152  147  146  145   3714
               719   145  145  149  145  147  147  150  159  156  157  150  153  151  149  148  147  147  156  145  143  153  145  141  146   3574
               720   149  152  150  150  150  150  153  154  153  146  143  147  147  146  145  143  143  154  155  154  153  153  150  151   3591
               721   151  150  152  153  152  150  153  155  156  156  158  159  159  160  161  161  162  161  159  159  159  158  157  154   3755
               722   154  155  147  155  156  156  156  154  154  156  159  160  158  154  155  156  156  154  152  150  152  148  151  156   3704
               723   159  160  152  148  159  159  160  161  162  163  162  161  161  159  157  155  154  154  153  152  153  151  151  155   3761
               724   158  154  159  159  160  160  161  161  159  159  166  166  167  163  160  155  153  153  152  152  152  150  156  158   3793
               725   152  160  158  156  147  152  153  152  156  160  163  169  160  153  151  151  156  157  155  157  155  156  156  156   3741
               726   156  157  157  157  157  157  158  158  159  160  159  160  158  157  159  157  158  154  155  156  157  157  157  157   3777
               727   157  157  157  157  157  157  157  158  158  159  161  163  160  159  158  158  158  161  159  150  149  147  141  140   3738
               728   143  139  139  138  138  149  140  143  154  156  154  155  150  153  154  154  152  152  151  148  145  144  143  142   3536
               729   142  141  140  138  138  140  149  148  144  148  155  159  161  156  152  147  146  148  147  148  150  149  151  148   3545
               730   140  144  141  147  142  144  141  143  144  141  151  157  156  156  154  152  150  145  149  148  142  148  141  142   3518
               731   141  146  144  137  139  150  151  151  152  148  151  150  155  147  143  143  144  144  151  147  143  147  150  150   3524
              ------------------------------------------------------------------------------------------------------------------------------------
              TOTAL 4575 4588 4590 4564 4572 4619 4636 4685 4715 4707 4775 4788 4764 4741 4715 4690 4684 4700 4642 4598 4583 4540 4553 4593 111617
              MEAN   148  148  148  147  147  149  150  151  152  152  154  154  154  153  152  151  151  152  150  148  148  146  147  148   3601
              MAX    159  160  159  159  160  160  161  161  162  163  166  169  167  163  161  161  162  161  159  159  159  158  157  158   3793
                N     31   31   31   31   31   31   31   31   31   31   31   31   31   31   31   31   31   31   31   31   31   31   31   31     31
              NOTE                                                                                                                                
                                                                                                                                                  
                   *): WITH MISSING DATA; TOTAL,MEAN,MAXIMUM ESTIMATED                                                                            
                                                                                                                                                  
                                                                                                                                                  
