                                                                                                                                                  
                                                                                                                                                  
                                                               *******************************                                                    
                                                                 DOWNWARD LONGWAVE RADIATION                                                      
                                                               *******************************                                                    
                                                                                                                  COUNTRY = JAPAN                 
                                                                                                                                                  
                                                                                                                                                  
                                                                     UNIT  = 0.01 MJ/m**2                                                         
                        STATION    : Tateno                                                                                                       
                        STATION NO.: 47646                                                                                                        
                        LOCATION   : 140ﾟ08' E                                                                                                    
                                      36ﾟ03' N                                                                                                    
                        ALTITUDE   :   25.2  m                                                                                                    
                        YEAR/MONTH : 2008/06                                                                                                      
                                                                                                                                                  
              DATE   -01  -02  -03  -04  -05  -06  -07  -08  -09  -10  -11  -12  -13  -14  -15  -16  -17  -18  -19  -20  -21  -22  -23  -24  TOTAL
                                                                                                                                                  
               6 1   124  127  118  113  112  108  110  112  114  116  118  120  122  123  123  122  122  122  127  127  121  118  119  119   2857
               6 2   123  122  122  127  127  129  135  136  132  140  139  140  141  140  141  145  142  141  140  136  130  131  132  135   3226
               6 3   134  136  138  137  138  137  137  138  140  139  138  137  138  138  137  138  139  137  137  137  138  138  138  138   3302
               6 4   138  138  138  139  139  134  122  128  134  142  142  143  138  124  123  122  120  119  119  119  121  123  124  124   3113
               6 5   125  131  135  135  131  131  132  133  135  143  145  144  144  145  143  144  146  145  144  142  140  137  142  143   3335
               6 6   145  145  146  147  147  146  147  148  146  145  147  144  142  139  145  145  149  140  135  135  141  138  137  140   3439
               6 7   140  142  142  125  130  128  133  129  129  132  133  135  140  135  134  134  135  134  136  134  132  132  132  127   3203
               6 8   129  126  127  133  138  139  140  138  137  141  145  146  145  146  144  144  135  136  135  136  137  138  135  137   3307
               6 9   138  137  139  139  140  142  146  146  147  147  149  147  147  147  145  140  136  135  140  141  136  126  123  123   3356
               610   122  121  121  142  137  142  141  124  120  124  129  132  135  136  133  137  139  132  129  128  127  125  124  126   3126
               611   135  130  130  136  139  145  147  147  148  149  148  149  147  144  140  134  135  134  135  140  145  138  138  142   3375
               612   140  142  145  147  148  143  139  138  136  136  135  135  136  136  137  134  131  125  122  130  127  118  115  115   3210
               613   115  115  115  114  112  112  113  115  117  121  125  129  129  129  131  138  133  134  130  138  128  126  125  125   2969
               614   124  124  123  122  122  121  122  126  129  131  133  131  128  130  127  128  126  136  140  139  139  136  134  134   3105
               615   134  125  131  130  131  124  137  134  125  133  137  141  132  135  125  127  128  127  126  127  125  123  121  122   3100
               616   122  126  130  139  139  136  139  130  136  132  137  137  140  143  142  138  133  131  130  129  131  129  127  138   3214
               617   135  128  125  125  126  125  128  139  148  139  128  128  126  124  124  124  124  123  125  130  137  133  135  139   3118
               618   142  140  141  141  139  140  141  141  129  129  138  139  139  138  141  142  145  139  131  128  126  133  125  124   3271
               619   126  125  127  146  147  147  148  146  149  149  150  149  146  146  145  150  148  148  147  146  147  144  145  141   3462
               620   134  134  135  136  133  143  147  150  154  155  155  155  155  155  155  154  154  154  154  153  153  153  153  152   3576
               621   152  152  152  152  150  149  151  153  154  153  153  155  146  149  150  146  152  152  151  151  152  152  152  153   3632
               622   152  152  151  152  152  152  152  152  150  150  151  151  151  151  150  150  149  148  148  147  146  145  145  145   3592
               623   146  145  145  145  145  144  140  138  149  145  149  151  151  151  150  147  147  146  139  138  138  141  141  142   3473
               624   144  143  138  132  142  145  146  148  149  149  141  143  143  140  138  138  137  136  135  133  131  130  138  134   3353
               625   133  136  136  132  129  128  132  146  147  147  146  147  143  137  141  141  145  145  143  142  142  141  142  142   3363
               626   141  141  140  140  139  138  139  139  139  139  140  140  140  141  141  141  141  139  139  138  134  138  138  136   3341
               627   139  140  138  136  127  125  130  140  143  145  146  147  146  140  142  143  146  136  134  131  129  132  136  138   3309
               628   141  140  139  146  145  138  136  140  137  149  153  152  152  145  142  150  148  147  143  142  143  144  144  144   3460
               629   144  145  146  147  147  147  147  147  146  147  147  147  147  149  150  151  152  151  150  150  149  149  150  149   3554
               630   147  149  148  147  147  147  145  145  146  146  148  147  147  144  144  136  128  128  126  126  124  133  142  143   3383
              ------------------------------------------------------------------------------------------------------------------------------------
              TOTAL 4064 4057 4061 4102 4098 4085 4122 4146 4165 4213 4245 4261 4236 4200 4183 4183 4165 4120 4090 4093 4069 4044 4052 4070  99124
              MEAN   135  135  135  137  137  136  137  138  139  140  142  142  141  140  139  139  139  137  136  136  136  135  135  136   3304
              MAX    152  152  152  152  152  152  152  153  154  155  155  155  155  155  155  154  154  154  154  153  153  153  153  153   3632
                N     30   30   30   30   30   30   30   30   30   30   30   30   30   30   30   30   30   30   30   30   30   30   30   30     30
              NOTE                                                                                                                                
                                                                                                                                                  
                   *): WITH MISSING DATA; TOTAL,MEAN,MAXIMUM ESTIMATED                                                                            
                                                                                                                                                  
                                                                                                                                                  
                                                                                                                                                  
