                                                                                                                                                  
                                                                                                                                                  
                                                               *******************************                                                    
                                                                 DOWNWARD LONGWAVE RADIATION                                                      
                                                               *******************************                                                    
                                                                                                                  COUNTRY = JAPAN                 
                                                                                                                                                  
                                                                                                                                                  
                                                                     UNIT  = 0.01 MJ/m**2                                                         
                        STATION    : Tateno                                                                                                       
                        STATION NO.: 47646                                                                                                        
                        LOCATION   : 140ﾟ08' E                                                                                                    
                                      36ﾟ03' N                                                                                                    
                        ALTITUDE   :   25.2  m                                                                                                    
                        YEAR/MONTH : 2009/01                                                                                                      
                                                                                                                                                  
              DATE   -01  -02  -03  -04  -05  -06  -07  -08  -09  -10  -11  -12  -13  -14  -15  -16  -17  -18  -19  -20  -21  -22  -23  -24  TOTAL
                                                                                                                                                  
               1 1    81   81   80   80   80   80   80   80   82   84   85   86   87   87   87   87   86   85   84   84   83   83   83   82   1997
               1 2    82   82   84   83   83   83   84   86   86   87   88   89   90   91   91   90   89   88   87   86   86   86   85   85   2071
               1 3    84   83   83   83   82   83   82   82   83   86   87   88   88   88   89   89   88   88   87   86   85   84   84   84   2046
               1 4    84   83   83   83   83   82   81   82   84   85   87   88   89   90   90   90   90   89   88   87   87   87   91   97   2080
               1 5    96   90   85   83   83   83   83   83   85   87   89   90   93   96   95   95  108  101   92   91   90   96  108   99   2201
               1 6   110  108  100  101   93   98   86   85   85   87   88   90   91   94   96   92   91   94  112  109  108  109  108  107   2342
               1 7   104   95   93   99   95   94   85   87   88  101   94  103   97  106   96   94   89   88   87   87   89   98  105  108   2282
               1 8   106  100  101   95   85   86   84   83   84   89   90   90   90   91   93   94   91   89   91   90   92   89   97   99   2199
               1 9   100  107  111  111  113  114  114  114  114  116  116  117  118  118  118  119  119  118  118  117  117  118  115   98   2740
               110    95   93   92   90   89   87   87   95  102  106  102  103   96   94   87   84   83   81   80   79   79   79   78   78   2139
               111    77   77   76   76   76   77   77   77   79   80   82   83   84   85   86   86   86   84   84   84   86   85   84   84   1955
               112    84   85  102  111  109  108   90   84   85   86   87   89   90   91   92   90   88   85   83   81   80   79   79   79   2137
               113    78   79   79   79   78   78   77   77   78   80   82   84   85   86   89   90   87   84   82   82   82   82   83   83   1964
               114    83   83   83   83   82   81   80   80   81   83   85   86   87   88   89   89   89   89   89   87   86   86   84   82   2035
               115    81   81   81   81   80   79   78   77   78   79   80   80   80   79   79   78   78   77   77   76   76   76   76   76   1883
               116    77   78   79   78   78   77   76   77   78   80   83   84   86   87   88   88   86   86   86   86   86   86   85   85   1980
               117    85   83   82   81   82   82   82   83   84   85   87   88   89   90   91   91   91   92   89   88   89   89   89   95   2087
               118   106  110  107   99  104  105  110  113  115  115  113  115  118  111  113  114  120  118  112  116  115  117  117  118   2701
               119   121  120  119  121  120  120  120  121  121  101   96   96   98   99   99   98   95   93   91   89   88   87   86   86   2485
               120    85   85   85   88   88   88   88   93   95   98  104  112  115  115  116  112  106  101   95   92   95   98  113  112   2379
               121   106  113  115  115  115  114  114  115  115  115  116  118  118  105  113  119  120  120  120  115  118  120  119  119   2777
               122   119  119  119  119  119  120  119  120  120  121  121  122  122  122  122  123  123  123  124  124  124  124  124  124   2917
               123   125  125  124  124  125  126  126  126  127  127  127  130  130  120  106  107  111  115  109  108  112  120  118  121   2889
               124   122  128  127  126  123  118  113  116  112  114  115  114  114  114  113  109  104  102  101   93  105  105  101  104   2693
               125    96   95   95   87   82   81   80   80   80   81   82   82   83   85   87   86   85   85   84   84   85   84   84   82   2035
               126    82   80   79   78   78   78   78   79   80   82   84   86   94  101  100  100   91   89   91   91   98   98   98   96   2111
               127    93   98  100   95   89   83   82   83   85   86   88   91   94   97   95   93   98  101   99  103   94   91   91   89   2218
               128    90   90   92  106   93   87   87   87   90   92   94  102  113  114  116  109  106  116  113  114  111  111  116  119   2468
               129   121  121  117  118  118  114  116  121  122  123  124  124  125  123  126  128  128  128  129  129  129  128  129  129   2970
               130   129  127  125  128  128  128  128  128  128  129  131  132  132  130  130  129  128  126  121  122  128  126  128  128   3069
               131   128  127  126  126  126  125  125  125  123  121  120  119  119  120  120  120  120  119  118  118  118  118  118  118   2917
              ------------------------------------------------------------------------------------------------------------------------------------
              TOTAL 3030 3026 3024 3027 2979 2959 2912 2939 2969 3006 3027 3081 3115 3117 3112 3093 3074 3054 3023 2998 3021 3039 3076 3066  72767
              MEAN    98   98   98   98   96   95   94   95   96   97   98   99  100  101  100  100   99   99   98   97   97   98   99   99   2347
              MAX    129  128  127  128  128  128  128  128  128  129  131  132  132  130  130  129  128  128  129  129  129  128  129  129   3069
                N     31   31   31   31   31   31   31   31   31   31   31   31   31   31   31   31   31   31   31   31   31   31   31   31     31
              NOTE                                                                                                                                
                                                                                                                                                  
                   *): WITH MISSING DATA; TOTAL,MEAN,MAXIMUM ESTIMATED                                                                            
                                                                                                                                                  
                                                                                                                                                  
