                                                                                                                                                  
                                                                                                                                                  
                                                               *******************************                                                    
                                                                 DOWNWARD LONGWAVE RADIATION                                                      
                                                               *******************************                                                    
                                                                                                                  COUNTRY = JAPAN                 
                                                                                                                                                  
                                                                                                                                                  
                                                                     UNIT  = 0.01 MJ/m**2                                                         
                        STATION    : Tateno                                                                                                       
                        STATION NO.: 47646                                                                                                        
                        LOCATION   : 140ﾟ08' E                                                                                                    
                                      36ﾟ03' N                                                                                                    
                        ALTITUDE   :   25.2  m                                                                                                    
                        YEAR/MONTH : 2009/03                                                                                                      
                                                                                                                                                  
              DATE   -01  -02  -03  -04  -05  -06  -07  -08  -09  -10  -11  -12  -13  -14  -15  -16  -17  -18  -19  -20  -21  -22  -23  -24  TOTAL
                                                                                                                                                  
               3 1   114  114  112  114  112  113  114  115  115  115  115  114  115  119  118  120  120  121  119  115  120  119  117  106   2776
               3 2   104   92   92   90  100   86   85   85   86   87   86   87   87   88   88   88   87   85   83   81   81   80   80   79   2087
               3 3    83   95   98  100  101  100  101  101  108  102  109  112  112  112  111  114  114  114  114  114  113  113  113  113   2567
               3 4   114  114  114  115  115  116  116  117  117  118  120  121  122  123  124  123  119  122  120  116  117  114  112   91   2800
               3 5    89   88   86   86   85   84   84   84   86   88   90   92   93   97   99  106  105   97  101  109  112  112  113  114   2300
               3 6   115  115  120  121  122  122  122  122  123  124  124  124  125  126  127  128  131  134  133  126  116  110  105  104   2919
               3 7   120  125  124  123  121  115  113  106   96   89   90   93   93   96   97   98  100  104  102  111  117  119  115  118   2585
               3 8   121  122  122  121  117  121  121  121  121  121  122  122  122  122  121  121  121  121  121  121  121  121  121  121   2906
               3 9   120  120  121  121  121  120   99  113  123  124  122  120  116  116  125  121  118  120  118  121  122  123  124  126   2874
               310   125  125  124  124  123  122  122  120  118  108  103  103  103  104  105  104  116  122  121  119  113  110  113   99   2746
               311    91   81   81   81   81   81   82   84   88   91   93   96   97   95   95   95   95   92   87   86   83   81   81   81   2098
               312    82   82   82   82   83   82   81   82   84   84   86   87   88   89   91   91   90   89   89   89   90   90   90   90   2073
               313    92   93  100  104   96   92   94  107  107  105  103  106  117  119  123  124  125  125  126  124  127  129  129  131   2698
               314   126  131  132  125  134  135  136  138  139  135  130  129  128  126  125  122  115  113   90   87   86   86   85   85   2838
               315    85   85   84   84   84   84   85   85   87   88   89   91   92   94   95   96   96   96   96   97   97   96   95   96   2177
               316    95   94   94  113  116  102  103   93   97   98  107  114  112  119  115  105  103  101  100   99  102  100  101  101   2484
               317   105  101   98   97   99   99  100  101  103  104  111  116  102  103  102   99   99   97   96   96   96   96   96   97   2413
               318    97   97   97   97   98   99   99  100  102  108  108  109  110  111  114  112  110  108  108  107  107  106  105  105   2514
               319   104  104  103  102  101  100  100  101  103  106  108  110  113  116  118  117  117  116  115  117  118  117  115  116   2637
               320   120  123  128  128  129  129  132  135  138  133  130  128  121  115  108  109  120  113  116  103   91   88   88   87   2812
               321    86   85   85   85   85   85   86   88   91   93   95   97   97   98  100  101  101  120  117  103  102  102  102  101   2305
               322   103  104  112  124  124  124  127  128  123  130  133  135  137  137  137  137  139  139  139  139  139  139  140  141   3130
               323   139  131  117  104   99   97   96   96   97   97   99   98  109  120  122  121  123  119  119  118  118  118  117  117   2691
               324   117  117  116  116  116  116  116  116  114  113  118  119  120  122  122  121  120  122  116  100   97   97  108  105   2744
               325    98   98  106  113  112  110  110  108  104  106  120  120  121  120  121  121  121  121  121  122  122  119  101  101   2716
               326    98   94  100   95   99  103  104  104   98   85   87   89   90  101  103  105   91   89   88   88   87   86   86   85   2255
               327    88   85   85   85   85   85   85   87   89   91   94   94   97  111  105  114  117  105  116  108  109  115  100   88   2338
               328    89   89  100  104   98  106  106  108  108  104   99  103  110  101  102  100   95   91   91   92  101   96   91   94   2378
               329    89   88   86   85   84   83   83   85   88   88   88   89   92   94   94   92   92   91   91   98  106   93   90  104   2173
               330   108  106  104  102   95   88   86   91   89   90   92   95   94   94   95   95   94   93   93   93   93  109  107   92   2298
               331   105  116  116  117  115  110  108  107  109  105  118  120  123  116  104  113  103  101   99  103  120  122  114  115   2679
              ------------------------------------------------------------------------------------------------------------------------------------
              TOTAL 3222 3214 3239 3258 3250 3209 3196 3228 3251 3230 3289 3333 3358 3404 3406 3413 3397 3381 3345 3302 3323 3306 3254 3203  79011
              MEAN   104  104  104  105  105  104  103  104  105  104  106  108  108  110  110  110  110  109  108  107  107  107  105  103   2549
              MAX    139  131  132  128  134  135  136  138  139  135  133  135  137  137  137  137  139  139  139  139  139  139  140  141   3130
                N     31   31   31   31   31   31   31   31   31   31   31   31   31   31   31   31   31   31   31   31   31   31   31   31     31
              NOTE                                                                                                                                
                                                                                                                                                  
                   *): WITH MISSING DATA; TOTAL,MEAN,MAXIMUM ESTIMATED                                                                            
                                                                                                                                                  
                                                                                                                                                  
