                                                                                                                                                  
                                                                                                                                                  
                                                               *******************************                                                    
                                                                 DOWNWARD LONGWAVE RADIATION                                                      
                                                               *******************************                                                    
                                                                                                                  COUNTRY = JAPAN                 
                                                                                                                                                  
                                                                                                                                                  
                                                                     UNIT  = 0.01 MJ/m**2                                                         
                        STATION    : Tateno                                                                                                       
                        STATION NO.: 47646                                                                                                        
                        LOCATION   : 140ﾟ08' E                                                                                                    
                                      36ﾟ03' N                                                                                                    
                        ALTITUDE   :   25.2  m                                                                                                    
                        YEAR/MONTH : 2009/11                                                                                                      
                                                                                                                                                  
              DATE   -01  -02  -03  -04  -05  -06  -07  -08  -09  -10  -11  -12  -13  -14  -15  -16  -17  -18  -19  -20  -21  -22  -23  -24  TOTAL
                                                                                                                                                  
              11 1   117  133  130  138  138  128  120  117  121  117  121  129  127  130  134  135  140  145  145  144  145  144  138  136   3172
              11 2   135  133  131  132  131  131  128  127  129  129  131  130  130  130  131  131  127  115  121  126  120  119  118  118   3053
              11 3   118  117  115  110   93   88   88   89   91   92   95   97   96   95   96   95   94   93   93   92   92   92   91   91   2313
              11 4    91   90   90   90   91   96   95  100  113  119  108  108  108  107  108  112  111  113  108  106  110  116  116  117   2523
              11 5   118  120  115  106  101  102  102  107  112  109  115  117  124  125  125  125  121  120  118  115  113  108  101  100   2719
              11 6    99   99   99   98   98   98   98  100  102  105  108  111  112  112  112  110  110  109  108  107  107  107  108  107   2524
              11 7   107  107  114  111  112  117  119  123  126  130  131  118  119  118  116  116  116  119  118  113  113  113  116  126   2818
              11 8   126  126  119  112  114  131  125  116  118  123  124  124  138  135  129  121  120  119  118  114  114  114  113  112   2905
              11 9   111  111  112  110  121  117  110  108  110  112  114  117  121  124  124  130  130  127  124  123  127  129  123  121   2856
              1110   127  124  117  126  136  129  113  114  118  125  124  129  135  131  131  131  132  136  132  131  136  136  138  135   3086
              1111   140  141  142  143  143  142  142  144  143  145  146  146  146  145  141  140  139  138  137  137  136  138  139  137   3390
              1112   133  136  136  135  133  131  131  130  130  129  129  129  128  128  127  122  102  100  100   99  100  101  100  100   2889
              1113   102  109  110  122  127  126  124  126  126  127  129  131  131  131  131  131  131  132  132  132  132  132  133  134   3041
              1114   133  133  133  132  132  131  135  137  137  138  147  148  140  136  141  135  131  137  137  134  127  124  126  118   3222
              1115   108  106  105  104  107  106  108  104  106  108  110  112  111  111  112  112  112  108  105  107  104  105  105  101   2577
              1116    99   99   99  114  120  121  119  118  120  122  120  122  123  123  125  125  124  112  107  113  130  129  129  124   2837
              1117   116  119  125  126  125  126  126  125  126  125  125  125  124  126  126  127  127  127  127  126  126  126  127  127   3005
              1118   126  126  126  125  124  122  122  116  118  108  101  106  113  105  101  100   97   96   94   94   92   91   91   96   2590
              1119   105  111  111  116  117  120  119  120  120  121  121  123  122  123  122  122  123  123  124  123  101   95   93   93   2768
              1120    92   91   91   91   92   93   93   93   94   97   99  100  103  100  101  101  112  123  122  120  121  123  124  124   2500
              1121   125  125  122  102   99  109  114   95   96   97   99  100  102  102  102  102  101   98   96   95   94   94   93   92   2454
              1122    92   93   96  106  113  114  116  119  120  120  121  121  122  122  122  123  123  123  123  121  119  123  124  123   2799
              1123   123  124  124  120  123  124  124  124  110  100  101  102  103  104  104  105  104  103  102  102  101  100  100  100   2627
              1124    99   99   98   98   97  102  101  113  111  109  114  119  125  129  131  129  126  130  131  122  130  132  132  132   2809
              1125   132  131  130  129  128  128  127  129  129  130  132  126  116  115  115  110  109  112  108  108  112  123  116  129   2924
              1126   128  120  117  122  127  129  116  127  116  113  107  108  110  110  108  107  106  104  104  103  103  103  102  101   2691
              1127   100  100  100   99  100  100  100  100  103  111  125  125  125  123  119  115  114  116  115  112  115  113  113  112   2655
              1128   110  106  103  105  102  101  102  101  101  103  106  107  110  110  111  110  116  115  117  123  103  109  113   99   2583
              1129   104  105   98   95   99  101   96  103   95   96   97   98  105  101  101  107  106  106  114  118  121  121  122  123   2532
              1130   122  122  122  122  122  122  121  118  124  125  126  126  127  127  127  124  120  125  126  126  124  112  102  100   2912
              ------------------------------------------------------------------------------------------------------------------------------------
              TOTAL 3438 3456 3430 3439 3465 3485 3434 3443 3465 3485 3526 3554 3596 3578 3573 3553 3524 3524 3506 3486 3468 3472 3446 3428  83774
              MEAN   115  115  114  115  116  116  114  115  116  116  118  118  120  119  119  118  117  117  117  116  116  116  115  114   2792
              MAX    140  141  142  143  143  142  142  144  143  145  147  148  146  145  141  140  140  145  145  144  145  144  139  137   3390
                N     30   30   30   30   30   30   30   30   30   30   30   30   30   30   30   30   30   30   30   30   30   30   30   30     30
              NOTE                                                                                                                                
                                                                                                                                                  
                   *): WITH MISSING DATA; TOTAL,MEAN,MAXIMUM ESTIMATED                                                                            
                                                                                                                                                  
                                                                                                                                                  
                                                                                                                                                  
