                                                                                                                                                  
                                                                                                                                                  
                                                               *******************************                                                    
                                                                 DOWNWARD LONGWAVE RADIATION                                                      
                                                               *******************************                                                    
                                                                                                                  COUNTRY = JAPAN                 
                                                                                                                                                  
                                                                                                                                                  
                                                                     UNIT  = 0.01 MJ/m**2                                                         
                        STATION    : Tateno                                                                                                       
                        STATION NO.: 47646                                                                                                        
                        LOCATION   : 140ﾟ08' E                                                                                                    
                                      36ﾟ03' N                                                                                                    
                        ALTITUDE   :   25.2  m                                                                                                    
                        YEAR/MONTH : 2009/08                                                                                                      
                                                                                                                                                  
              DATE   -01  -02  -03  -04  -05  -06  -07  -08  -09  -10  -11  -12  -13  -14  -15  -16  -17  -18  -19  -20  -21  -22  -23  -24  TOTAL
                                                                                                                                                  
               8 1   150  151  151  149  149  149  150  150  152  154  148  149  150  148  149  147  146  150  151  145  143  146  150  151   3578
               8 2   151  151  151  151  151  150  149  149  154  155  154  155  152  150  148  155  154  155  154  151  154  156  154  152   3656
               8 3   151  152  146  150  152  154  155  155  155  154  151  157  153  152  146  146  146  144  143  149  154  155  150  151   3621
               8 4   152  155  154  153  154  154  155  156  157  158  157  160  161  161  159  159  161  154  146  144  143  143  148  145   3689
               8 5   155  153  155  155  153  143  144  148  154  160  163  162  160  163  158  157  158  159  149  146  150  154  158  157   3714
               8 6   157  156  153  157  157  157  158  158  159  159  161  162  163  163  162  163  162  162  154  157  160  160  159  160   3819
               8 7   160  159  155  153  153  155  159  155  155  157  162  164  163  165  164  162  163  163  158  156  155  154  156  151   3797
               8 8   146  146  148  150  147  150  158  157  156  161  162  161  161  161  160  159  153  155  155  157  156  156  156  156   3727
               8 9   157  157  156  154  157  157  157  158  159  161  161  159  158  160  161  159  162  160  160  161  156  155  154  156   3795
               810   156  160  162  160  158  158  159  159  160  159  160  159  160  161  160  160  160  160  162  156  152  156  159  158   3814
               811   155  153  162  160  159  158  159  157  157  153  159  153  159  155  154  149  155  154  149  152  151  143  145  146   3697
               812   145  147  146  151  152  151  149  147  147  155  154  154  156  152  148  147  146  144  147  150  150  150  152  154   3594
               813   153  153  154  154  154  155  155  156  157  158  159  158  161  165  164  161  164  161  164  155  154  154  153  152   3774
               814   153  153  157  161  161  161  160  160  160  161  161  160  159  153  148  143  142  141  140  139  138  137  136  137   3621
               815   136  139  143  137  133  133  133  134  135  137  139  138  137  138  137  136  135  133  130  129  129  128  133  140   3242
               816   142  144  144  143  143  144  140  137  139  137  139  141  144  143  142  138  135  134  132  132  131  133  145  154   3356
               817   149  145  138  140  141  143  142  142  150  146  144  147  154  145  144  141  138  137  136  136  136  136  135  137   3402
               818   149  142  152  138  138  139  134  137  141  143  148  148  142  141  141  140  142  145  143  140  140  141  150  145   3419
               819   146  150  148  139  142  150  148  148  151  152  148  151  153  153  153  146  144  144  143  142  140  140  141  144   3516
               820   142  148  152  155  154  151  149  146  144  145  148  148  151  151  152  152  146  144  142  140  140  146  141  143   3530
               821   143  144  155  155  152  150  149  150  154  156  159  162  161  161  160  160  159  159  157  152  154  154  153  153   3712
               822   153  151  154  153  153  156  159  158  160  161  160  157  150  149  149  149  149  149  150  155  157  157  154  152   3695
               823   145  146  148  146  144  137  139  145  151  148  150  154  155  156  154  149  140  139  136  133  133  132  133  132   3445
               824   133  134  138  138  138  141  141  139  144  144  147  151  149  140  138  139  143  148  147  145  149  150  150  145   3431
               825   146  146  146  140  135  129  133  136  140  143  138  134  137  137  134  131  130  130  142  147  139  138  145  143   3319
               826   140  144  145  145  142  135  134  130  135  134  139  147  150  136  131  131  130  129  128  127  127  125  125  124   3233
               827   124  124  123  123  123  134  137  137  134  142  144  143  145  149  145  140  140  138  138  136  135  137  140  147   3278
               828   152  151  152  145  145  139  138  140  147  150  151  148  146  147  148  148  147  144  143  141  140  140  139  140   3481
               829   139  138  137  136  136  137  138  140  143  146  148  150  151  153  158  158  151  147  150  157  155  145  154  151   3518
               830   153  141  139  137  137  136  144  148  151  151  152  152  154  153  151  151  148  148  148  148  149  148  147  146   3532
               831   146  146  146  146  146  146  147  146  145  145  146  146  146  146  147  147  147  148  149  145  145  146  147  149   3513
              ------------------------------------------------------------------------------------------------------------------------------------
              TOTAL 4579 4579 4610 4574 4559 4552 4572 4578 4646 4685 4712 4730 4741 4707 4665 4623 4596 4578 4546 4523 4515 4515 4562 4571 110518
              MEAN   148  148  149  148  147  147  147  148  150  151  152  153  153  152  150  149  148  148  147  146  146  146  147  147   3565
              MAX    160  160  162  161  161  161  160  160  160  161  163  164  163  165  164  163  164  163  164  161  160  160  159  160   3819
                N     31   31   31   31   31   31   31   31   31   31   31   31   31   31   31   31   31   31   31   31   31   31   31   31     31
              NOTE                                                                                                                                
                                                                                                                                                  
                   *): WITH MISSING DATA; TOTAL,MEAN,MAXIMUM ESTIMATED                                                                            
                                                                                                                                                  
                                                                                                                                                  
