                                                                                                                                                  
                                                                                                                                                  
                                                               *******************************                                                    
                                                                 DOWNWARD LONGWAVE RADIATION                                                      
                                                               *******************************                                                    
                                                                                                                  COUNTRY = JAPAN                 
                                                                                                                                                  
                                                                                                                                                  
                                                                     UNIT  = 0.01 MJ/m**2                                                         
                        STATION    : Tateno                                                                                                       
                        STATION NO.: 47646                                                                                                        
                        LOCATION   : 140ﾟ08' E                                                                                                    
                                      36ﾟ03' N                                                                                                    
                        ALTITUDE   :   25.2  m                                                                                                    
                        YEAR/MONTH : 2009/09                                                                                                      
                                                                                                                                                  
              DATE   -01  -02  -03  -04  -05  -06  -07  -08  -09  -10  -11  -12  -13  -14  -15  -16  -17  -18  -19  -20  -21  -22  -23  -24  TOTAL
                                                                                                                                                  
               9 1   143  149  146  148  150  151  151  152  149  153  148  150  153  155  153  149  144  144  151  154  150  148  148  145   3584
               9 2   144  147  146  147  148  148  148  149  149  149  150  151  151  151  151  150  149  148  148  142  136  143  145  145   3535
               9 3   145  144  142  143  142  138  138  138  145  146  148  150  151  151  150  150  149  142  144  145  146  146  146  146   3485
               9 4   144  143  145  145  146  146  142  138  141  144  143  145  151  152  152  151  145  145  144  147  144  146  147  141   3487
               9 5   136  131  135  132  141  148  137  132  136  150  147  147  152  143  140  138  137  136  134  132  133  134  134  134   3319
               9 6   133  130  134  143  136  127  132  130  135  135  132  133  135  133  134  133  132  130  128  127  127  128  134  140   3181
               9 7   131  126  127  126  124  124  132  130  130  148  144  148  140  138  136  135  133  131  131  129  142  150  144  143   3242
               9 8   146  152  148  146  146  137  138  140  150  156  157  156  157  150  150  152  145  140  137  135  141  149  149  149   3526
               9 9   148  147  144  147  144  137  140  141  140  145  149  150  151  150  150  148  148  147  148  145  148  138  142  145   3492
               910   131  124  122  120  117  117  118  121  123  123  125  128  134  137  132  127  127  125  124  124  127  126  119  118   2989
               911   119  125  122  125  127  131  132  131  131  137  127  128  128  130  135  138  135  135  138  135  136  137  137  137   3156
               912   137  135  138  140  142  142  143  144  145  146  147  147  146  146  147  141  140  144  147  147  145  144  144  144   3441
               913   142  138  138  143  142  138  129  136  144  132  128  128  130  132  133  133  132  130  131  136  131  126  125  123   3200
               914   124  134  132  135  134  125  124  123  124  125  127  127  127  126  126  126  130  130  126  127  127  124  127  133   3063
               915   134  136  137  138  138  139  138  140  141  145  146  149  146  143  141  143  142  140  144  143  143  144  145  145   3400
               916   145  145  144  143  128  134  142  129  127  134  133  134  134  137  139  134  130  128  125  127  125  123  124  128   3192
               917   130  132  131  118  117  117  117  118  119  121  124  125  124  123  122  121  119  117  116  116  116  118  118  119   2898
               918   120  119  118  112  108  112  119  123  126  144  148  149  148  147  146  147  146  145  146  146  146  146  146  147   3254
               919   144  142  140  138  139  132  130  127  132  134  135  137  137  136  137  134  133  131  132  132  131  131  131  131   3226
               920   131  131  130  129  127  125  118  114  115  117  118  120  122  124  124  123  121  120  118  118  117  117  117  128   2924
               921   133  140  140  139  139  140  136  133  142  143  143  144  145  143  140  143  140  142  140  144  144  140  135  127   3355
               922   132  127  130  127  138  129  143  136  143  136  142  150  152  151  147  150  142  144  139  138  141  143  144  144   3368
               923   143  142  141  139  140  141  140  138  138  139  137  139  143  137  137  136  138  139  135  136  136  137  133  132   3316
               924   133  138  136  131  131  124  123  125  127  131  136  131  131  131  129  131  129  127  127  126  125  125  123  122   3092
               925   122  121  121  120  119  118  118  120  123  125  127  128  130  131  129  128  127  126  126  134  143  147  136  126   3045
               926   125  125  123  130  135  133  134  134  138  141  142  142  144  136  133  130  128  126  126  126  127  132  126  127   3163
               927   138  139  142  139  140  140  139  127  137  145  147  146  146  146  139  141  129  131  137  141  131  132  126  129   3307
               928   141  142  141  143  139  131  130  135  134  135  140  144  148  144  144  147  146  141  146  143  137  143  145  141   3380
               929   147  150  148  149  149  149  149  149  151  151  150  148  149  152  153  153  152  148  148  149  149  149  148  148   3588
               930   147  147  147  146  145  144  144  145  144  145  146  145  144  144  145  143  144  144  140  138  138  139  138  139   3441
              ------------------------------------------------------------------------------------------------------------------------------------
              TOTAL 4088 4101 4088 4081 4071 4017 4024 3998 4079 4175 4186 4219 4249 4219 4194 4175 4112 4076 4076 4082 4082 4105 4076 4076  98649
              MEAN   136  137  136  136  136  134  134  133  136  139  140  141  142  141  140  139  137  136  136  136  136  137  136  136   3288
              MAX    148  152  148  149  150  151  151  152  151  156  157  156  157  155  153  153  152  148  151  154  150  150  149  149   3588
                N     30   30   30   30   30   30   30   30   30   30   30   30   30   30   30   30   30   30   30   30   30   30   30   30     30
              NOTE                                                                                                                                
                                                                                                                                                  
                   *): WITH MISSING DATA; TOTAL,MEAN,MAXIMUM ESTIMATED                                                                            
                                                                                                                                                  
                                                                                                                                                  
                                                                                                                                                  
