                                                                                                                                                  
                                                                                                                                                  
                                                               *******************************                                                    
                                                                 DOWNWARD LONGWAVE RADIATION                                                      
                                                               *******************************                                                    
                                                                                                                  COUNTRY = JAPAN                 
                                                                                                                                                  
                                                                                                                                                  
                                                                     UNIT  = 0.01 MJ/m**2                                                         
                        STATION    : Tateno                                                                                                       
                        STATION NO.: 47646                                                                                                        
                        LOCATION   : 140ﾟ08' E                                                                                                    
                                      36ﾟ03' N                                                                                                    
                        ALTITUDE   :   25.2  m                                                                                                    
                        YEAR/MONTH : 2009/10                                                                                                      
                                                                                                                                                  
              DATE   -01  -02  -03  -04  -05  -06  -07  -08  -09  -10  -11  -12  -13  -14  -15  -16  -17  -18  -19  -20  -21  -22  -23  -24  TOTAL
                                                                                                                                                  
              10 1   142  139  138  136  141  143  143  143  144  145  145  145  137  128  126  125  124  124  125  137  144  143  144  143   3304
              10 2   141  143  140  141  141  145  145  146  146  146  147  149  151  151  152  148  151  151  155  151  151  153  147  146   3537
              10 3   147  147  146  143  144  140  140  147  152  154  153  153  151  150  150  148  147  146  144  144  142  141  140  141   3510
              10 4   140  143  139  128  122  129  129  126  132  135  134  130  127  128  129  129  127  125  124  135  139  134  126  126   3136
              10 5   131  125  127  140  135  134  135  138  143  142  145  143  142  142  143  143  142  141  140  140  141  139  140  140   3331
              10 6   140  141  140  140  139  139  139  139  140  140  140  141  143  143  143  142  143  141  140  140  142  142  142  142   3381
              10 7   142  141  141  140  140  141  140  142  143  143  142  143  142  142  142  143  142  141  141  143  143  144  143  142   3406
              10 8   143  144  144  143  145  148  152  149  152  145  143  147  136  135  140  128  122  119  116  114  115  120  120  122   3242
              10 9   119  122  121  114  113  116  119  110  112  113  115  120  121  118  121  127  132  122  120  122  116  114  116  129   2852
              1010   128  128  128  124  121  122  129  126  127  131  132  130  127  120  117  122  115  117  124  112  111  111  110  109   2921
              1011   109  107  106  104  103  103  104  106  108  110  111  113  115  116  118  116  115  112  111  110  117  119  123  128   2684
              1012   130  123  124  117  129  128  130  124  121  119  133  127  126  133  124  128  122  121  115  116  121  125  133  132   3001
              1013   136  138  138  138  140  137  136  137  126  117  120  120  120  120  121  120  120  120  119  118  118  118  118  124   3019
              1014   128  131  132  119  116  114  115  120  126  122  136  132  134  139  135  120  119  121  134  137  135  135  135  134   3069
              1015   133  132  130  114  111  114  116  109  110  112  112  113  114  114  113  111  110  110  110  109  109  110  115  107   2738
              1016   107  107  106  105  104  103  103  105  107  110  112  114  116  116  116  116  116  115  113  112  112  113  115  118   2661
              1017   118  113  113  119  115  119  121  123  123  125  123  125  128  129  130  128  134  138  139  138  133  130  136  136   3036
              1018   133  128  127  135  121  115  114  114  115  118  120  123  122  121  122  123  121  120  122  121  118  116  120  125   2914
              1019   122  123  116  112  109  109  109  114  110  114  118  120  125  124  126  122  120  115  113  113  112  111  110  111   2778
              1020   110  110  110  114  115  114  120  130  130  132  134  131  136  139  139  134  130  125  127  123  117  114  113  113   2960
              1021   112  111  111  114  109  116  118  116  119  113  114  116  121  122  121  119  118  116  125  130  128  120  116  114   2819
              1022   113  112  111  116  111  108  108  109  112  115  119  125  128  128  126  124  123  124  124  122  120  122  123  125   2848
              1023   123  125  127  125  126  123  129  123  127  131  126  128  118  119  117  114  115  117  114  115  120  118  119  119   2918
              1024   120  121  122  122  123  123  123  124  126  127  128  134  135  135  133  133  132  134  133  132  134  132  131  134   3091
              1025   134  133  132  132  133  133  133  134  135  134  136  137  136  136  133  129  123  127  125  128  131  131  128  129   3162
              1026   134  136  137  136  135  136  138  139  139  140  140  141  141  142  142  140  140  140  140  139  138  136  134  133   3316
              1027   132  131  131  130  130  129  120  112  113  116  118  119  119  120  125  125  122  112  111  109  108  107  106  106   2851
              1028   105  105  104  104  103  103  103  104  107  110  111  114  115  118  119  117  114  113  112  113  114  114  124  122   2668
              1029   119  120  113  111  113  111  126  130  122  120  122  125  125  130  126  129  120  119  118  126  125  117  123  129   2919
              1030   134  128  124  123  127  120  114  114  116  118  118  119  120  121  120  120  118  119  123  128  122  118  117  120   2901
              1031   117  115  113  112  112  111  111  112  113  114  116  117  121  121  121  118  129  141  141  142  142  132  137  120   2928
              ------------------------------------------------------------------------------------------------------------------------------------
              TOTAL 3942 3922 3891 3851 3826 3826 3862 3865 3896 3911 3963 3994 3992 4000 3990 3941 3906 3886 3898 3919 3918 3879 3904 3919  93901
              MEAN   127  127  126  124  123  123  125  125  126  126  128  129  129  129  129  127  126  125  126  126  126  125  126  126   3029
              MAX    147  147  146  143  145  148  152  149  152  154  153  153  151  151  152  148  151  151  155  151  151  153  147  146   3537
                N     31   31   31   31   31   31   31   31   31   31   31   31   31   31   31   31   31   31   31   31   31   31   31   31     31
              NOTE                                                                                                                                
                                                                                                                                                  
                   *): WITH MISSING DATA; TOTAL,MEAN,MAXIMUM ESTIMATED                                                                            
                                                                                                                                                  
                                                                                                                                                  
