                                                                                                                                                  
                                                                                                                                                  
                                                               *******************************                                                    
                                                                 DOWNWARD LONGWAVE RADIATION                                                      
                                                               *******************************                                                    
                                                                                                                  COUNTRY = JAPAN                 
                                                                                                                                                  
                                                                                                                                                  
                                                                     UNIT  = 0.01 MJ/m**2                                                         
                        STATION    : Tateno                                                                                                       
                        STATION NO.: 47646                                                                                                        
                        LOCATION   : 140ﾟ08' E                                                                                                    
                                      36ﾟ03' N                                                                                                    
                        ALTITUDE   :   25.2  m                                                                                                    
                        YEAR/MONTH : 2009/12                                                                                                      
                                                                                                                                                  
              DATE   -01  -02  -03  -04  -05  -06  -07  -08  -09  -10  -11  -12  -13  -14  -15  -16  -17  -18  -19  -20  -21  -22  -23  -24  TOTAL
                                                                                                                                                  
              12 1    99   98   97   96   96   95   94   94   96   99  100  101  101  101  101  100   99   99  108   98   96   96   95   95   2354
              12 2    95   95   95   94   93   93   91   91   93   95   97   99  101  103  105  109  105  106  116  111  111  112  113  122   2445
              12 3   115  111  121  121  124  126  125  127  128  129  129  129  130  130  131  131  132  131  130  129  128  129  129  128   3043
              12 4   126  124  116  101  100  103   99  106   97  100  101  103  104  108  114  115  113  119  118  103  103  101  116  118   2608
              12 5   103  120  120  120  115  115  117  118  111  110  119  125  126  123  128  133  132  131  129  128  126  129  129  126   2933
              12 6   126  100   96   95   95   95   95   95   96   97   99  100  101  102  103  103  103  102  101  101  101   98   96   92   2392
              12 7    90   89   89   88   87   88   89   89   91   93   94   95   94   93   93   93   91   90   88   88   88   88   88   88   2164
              12 8    88   87   87   87   86   86   85   84   85   87   89   91   93   94   95   95   95   96   97  120  123  123  124  123   2320
              12 9   119  124  123  123  120  116  114  115  122  123  126  126  127  127  123  116  118  114  115  116  120  121  122  121   2891
              1210   122  122  121  118  113  102   97   98   99   99  104  101   99   98   97   96   97   96   96  100  111  105  102  105   2498
              1211   104  110  114  117  121  122  122  123  123  125  125  124  124  125  126  127  128  129  130  130  131  132  132  131   2975
              1212   129  127  131  132  130  129  129  130  123  110  128  123  121  120  115  123  115  109  109  108  109  105  101   98   2854
              1213    96   97   95   95  102   98  106  108  102  107  106  116  120  119  122  122  122  122  122  122  121  120  119  120   2679
              1214   120  119  119  119  117  115  114  116  115  117  117  118  119  100   96   97  104  108  107  105  111   98   92   95   2638
              1215    90   88   88   85   84   84   84   86   88   99  102  115  116  103  102  109  110  110  111  109  107   98   92   91   2351
              1216    91   88   87   93  104  105  107  109  110  111  113  115  117  117  118  117  108   95   93   91   93   92   91   89   2454
              1217    99  106   96   91   92  111  115  107   98   91   89   89   90   93   93   93   92   93   93   90   90   88   85   85   2269
              1218    84   83   83   81   81   81   81   81   82   83   85   86   87   91   86   85   85   88   84   83   82   81   81   81   2005
              1219    80   81   82   84   81   78   78   78   79   81   82   83   84   85   85   85   85   85   84   83   84   83   83   84   1977
              1220    84   82   81   81   81   80   80   80   80   82   83   85   86   87   89   89   89   88   87   86   85   84   83   83   2015
              1221    83   83   83   84   83   83   82   81   82   83   84   87   84   83   83   82   81   81   81   81   81   81   80   80   1976
              1222    79   79   79   80   80   79   80   80   82   84   85   86   88   89   90   90   90   89   89   89   89   88   88   87   2039
              1223    86   86   86   85   85   84   84   83   85   87   89   91   93   94   95   95   94   94   96   95   94   93   92   91   2157
              1224    90   89   89   88   87   87   87   86   87   89   92   93   94   94   95   94   94   96  100   96  103  117  115  115   2277
              1225   114  102  103  115  113  112  108  106   93   93   94   93   94   94   94   93   93   92   96  102   98   96   95   98   2391
              1226   107  116  117  114  115  117  119  119  121  121  123  119  106   99   99   99   98   97   97   97   96   95   94   90   2575
              1227    89   89   88   87   86   87   87   86   87   89   91   93   96   98   98   99  100  113  117  116  113  120  122  120   2371
              1228   121  123  124  124  122  122  123  123  123  116  115  109   99   99  101  104  100   93   88   88   88   87   87   86   2565
              1229    85   85   87   99  103  110  107   95   88   88   89   90   91   92   92   92   91   91   91   91   90  100  116  113   2276
              1230   108   97   98  104  110  112  111  110  115  106  105  108  108  110  102   99   97   95   94   93   92   93   92   92   2451
              1231    92   91   91   90   88   87   93   94   98  108  112  105   98   89   90   91   86   86   84   84   79   79   79   78   2172
              ------------------------------------------------------------------------------------------------------------------------------------
              TOTAL 3114 3091 3086 3091 3094 3102 3103 3098 3079 3102 3167 3198 3191 3160 3161 3176 3147 3138 3151 3133 3143 3132 3133 3125  75115
              MEAN   100  100  100  100  100  100  100  100   99  100  102  103  103  102  102  102  102  101  102  101  101  101  101  101   2423
              MAX    129  127  131  132  130  129  129  130  128  129  129  129  130  130  131  133  132  131  130  130  131  132  132  131   3043
                N     31   31   31   31   31   31   31   31   31   31   31   31   31   31   31   31   31   31   31   31   31   31   31   31     31
              NOTE                                                                                                                                
                                                                                                                                                  
                   *): WITH MISSING DATA; TOTAL,MEAN,MAXIMUM ESTIMATED                                                                            
                                                                                                                                                  
                                                                                                                                                  
