                                                                                                                                                  
                                                                                                                                                  
                                                               *******************************                                                    
                                                                 DOWNWARD LONGWAVE RADIATION                                                      
                                                               *******************************                                                    
                                                                                                                  COUNTRY = JAPAN                 
                                                                                                                                                  
                                                                                                                                                  
                                                                     UNIT  = 0.01 MJ/m**2                                                         
                        STATION    : Tateno                                                                                                       
                        STATION NO.: 47646                                                                                                        
                        LOCATION   : 140ﾟ08' E                                                                                                    
                                      36ﾟ03' N                                                                                                    
                        ALTITUDE   :   25.2  m                                                                                                    
                        YEAR/MONTH : 2009/04                                                                                                      
                                                                                                                                                  
              DATE   -01  -02  -03  -04  -05  -06  -07  -08  -09  -10  -11  -12  -13  -14  -15  -16  -17  -18  -19  -20  -21  -22  -23  -24  TOTAL
                                                                                                                                                  
               4 1   115  116  116  118  121  124  122  123  123  122  122  123  126  125  108  124  123  122  126  123  123  123  120  118   2906
               4 2   118  117  117  118  118  118  117  116  115  104   93   93   95   96   96   97   97   95   94   92   90   88   88   87   2459
               4 3    86   86   86   85   86   86   86   88   90   93   96   97  100  100  100  101  101  103  101  105  112  109  110  104   2311
               4 4   102  100   99  101  110  109  107  104  107  121  122  125  124  121  122  126  130  130  130  130  129  126  124  122   2821
               4 5   110  106  107  103  103  107  107  111  115  113  111  113  112  112  110  112  113  113  107  103  103  103  104  102   2600
               4 6   100  101  102   98   96   95   95   96  100  103  107  116  120  119  113  111  111  110  108  106  106  106  105  104   2528
               4 7   104  105  103  102  102  101  101  103  105  105  106  108  114  114  116  114  112  109  109  108  108  106  105  104   2564
               4 8   104  104  103  103  101  101  102  105  106  108  111  114  116  117  115  114  117  115  111  109  108  108  106  106   2604
               4 9   105  105  103   99   98   96   96   98  101  104  108  110  112  113  114  113  113  111  109  107  106  106  105  106   2538
               410   105  104  103  102  101  100  100  102  105  108  112  112  111  110  109  108  108  107  106  107  107  107  107  107   2548
               411   106  106  105  104  104  103  103  104  106  110  113  114  115  114  110  107  106  105  104  104  108  109  107  107   2574
               412   108  108  117  121  121  120  129  127  132  132  134  127  126  124  127  120  118  118  120  122  126  121  117  113   2928
               413   113  116  114  113  111  111  110  112  113  115  118  120  121  124  123  121  122  118  116  116  114  115  122  118   2796
               414   115  115  120  123  122  125  125  127  124  128  131  142  139  140  140  138  138  138  138  137  138  139  139  140   3161
               415   141  141  142  141  139  130  114  114  117  117  121  126  137  131  122  133  139  119  116  116  121  131  134  126   3068
               416   121  125  127  123  122  113  113  113  114  116  123  121  119  119  116  115  114  119  133  120  129  131  132  131   2909
               417   130  132  131  131  131  130  130  130  130  131  131  131  131  131  131  130  130  130  129  129  129  129  127  126   3120
               418   128  128  123  105  118  127  128  128  111  114  129  134  129  119  117  121  117  115  114  112  112  112  113  114   2868
               419   113  112  111  108  108  107  109  109  110  112  113  113  114  113  112  112  112  110  109  109  110  109  109  109   2653
               420   109  108  116  112  118  113  126  131  132  134  136  137  137  137  136  136  135  133  132  125  124  125  124  126   3042
               421   126  130  130  131  130  131  131  133  137  134  140  141  142  142  142  142  142  142  142  143  143  144  144  145   3307
               422   145  146  146  143  143  142  135  138  139  122  120  120  121  121  120  120  126  136  134  131  129  115  125  130   3147
               423   114  105  103  101  102  102  103  104  105  106  107  108  110  109  108  107  108  107  106  105  104  103  102  102   2531
               424   101  106  103   99  101   99  101  122  120  125  130  130  130  130  129  130  129  129  129  129  128  128  128  128   2884
               425   128  128  128  129  129  128  128  129  131  131  130  130  129  129  130  131  132  133  135  136  136  136  137  136   3149
               426   134  134  134  132  131  128  117  111  115  126  126  112  114  118  127  120  113  108  106  104  102  100   99   98   2809
               427    98   98   98   97   97   97   98   99  100  102  103  103  104  104  106  115  121  124  118  108  101   97   96   95   2479
               428    93   93   92   91   90   89   90   92   94   96   97   99  100  101  103  104  103  101  104  110  116  103   99   98   2358
               429    97   96   96   94   94   93   94   96   98  100  102  104  104  105  106  107  108  108  106  105  104  103  103  103   2426
               430   102  101  100   99   98   98   99  100  103  106  107  109  110  111  112  114  113  111  110  109  108  107  107  106   2540
              ------------------------------------------------------------------------------------------------------------------------------------
              TOTAL 3371 3372 3375 3326 3345 3323 3316 3365 3398 3438 3499 3532 3562 3549 3520 3543 3551 3519 3502 3460 3474 3439 3438 3411  82628
              MEAN   112  112  113  111  112  111  111  112  113  115  117  118  119  118  117  118  118  117  117  115  116  115  115  114   2754
              MAX    145  146  146  143  143  142  135  138  139  134  140  142  142  142  142  142  142  142  142  143  143  144  144  145   3307
                N     30   30   30   30   30   30   30   30   30   30   30   30   30   30   30   30   30   30   30   30   30   30   30   30     30
              NOTE                                                                                                                                
                                                                                                                                                  
                   *): WITH MISSING DATA; TOTAL,MEAN,MAXIMUM ESTIMATED                                                                            
                                                                                                                                                  
                                                                                                                                                  
                                                                                                                                                  
