                                                                                                                                                  
                                                                                                                                                  
                                                               *******************************                                                    
                                                                 DOWNWARD LONGWAVE RADIATION                                                      
                                                               *******************************                                                    
                                                                                                                  COUNTRY = JAPAN                 
                                                                                                                                                  
                                                                                                                                                  
                                                                     UNIT  = 0.01 MJ/m**2                                                         
                        STATION    : Tateno                                                                                                       
                        STATION NO.: 47646                                                                                                        
                        LOCATION   : 140ﾟ08' E                                                                                                    
                                      36ﾟ03' N                                                                                                    
                        ALTITUDE   :   25.2  m                                                                                                    
                        YEAR/MONTH : 2009/06                                                                                                      
                                                                                                                                                  
              DATE   -01  -02  -03  -04  -05  -06  -07  -08  -09  -10  -11  -12  -13  -14  -15  -16  -17  -18  -19  -20  -21  -22  -23  -24  TOTAL
                                                                                                                                                  
               6 1   142  141  139  138  134  124  129  137  138  140  139  134  137  135  142  138  139  122  116  115  121  117  114  114   3145
               6 2   113  113  112  111  110  109  128  118  114  119  121  124  129  130  130  130  128  125  124  128  128  129  128  130   2931
               6 3   129  133  134  134  133  134  136  137  138  140  141  140  142  141  141  141  140  142  139  140  140  140  140  140   3315
               6 4   140  140  140  139  139  139  142  135  132  134  137  143  141  142  141  145  137  139  140  134  132  132  132  134   3309
               6 5   134  134  133  135  133  134  136  138  140  139  141  144  145  142  142  142  142  142  141  141  142  141  143  142   3346
               6 6   142  142  144  145  144  145  144  145  144  145  146  147  148  150  148  148  149  144  145  145  141  138  128  127   3444
               6 7   127  125  129  141  143  135  124  127  130  135  138  145  134  132  131  129  128  130  134  136  140  138  137  133   3201
               6 8   130  139  141  140  141  140  140  140  140  140  141  141  141  141  142  142  142  143  143  143  143  143  143  143   3382
               6 9   143  134  140  142  134  141  131  138  142  139  148  145  147  148  145  142  140  143  141  143  143  143  140  140   3392
               610   139  141  139  139  139  142  147  148  148  149  148  147  150  148  147  147  143  138  137  137  140  142  136  138   3429
               611   144  145  145  146  142  144  146  147  147  148  149  150  150  149  149  145  132  132  129  127  127  126  126  133   3378
               612   130  124  120  133  142  135  133  126  133  138  145  144  142  138  146  144  138  136  133  139  137  129  128  127   3240
               613   125  127  142  143  137  131  135  137  139  142  141  136  136  135  135  137  136  135  138  141  139  132  131  135   3265
               614   142  143  139  136  132  135  142  130  135  136  136  135  134  143  146  143  138  144  144  143  140  139  144  144   3343
               615   144  144  136  133  130  138  144  143  144  144  144  141  137  134  129  128  139  140  141  142  141  141  140  139   3336
               616   138  138  137  138  132  140  140  140  142  143  144  144  147  147  141  143  145  146  144  144  144  145  143  140   3405
               617   140  135  128  133  138  143  130  130  140  146  140  140  144  136  131  128  127  126  139  137  139  138  133  129   3250
               618   138  140  138  141  142  142  139  142  142  144  145  143  142  144  144  144  144  131  130  136  132  142  143  139   3367
               619   133  132  140  127  132  135  140  146  146  146  146  147  135  128  129  137  129  130  128  135  131  143  142  143   3280
               620   139  136  138  138  132  139  143  141  142  143  137  147  144  142  146  148  143  141  146  147  144  144  143  143   3406
               621   142  139  146  149  151  152  152  152  153  154  156  155  155  155  153  156  156  156  156  156  156  155  153  153   3661
               622   152  152  152  152  151  150  150  150  150  150  150  150  151  150  150  150  150  150  151  151  153  154  157  157   3633
               623   150  149  155  155  155  155  156  153  150  151  153  155  148  148  146  142  143  141  140  147  148  149  146  143   3578
               624   145  144  147  151  151  148  149  149  148  150  153  152  148  150  151  153  142  142  142  140  135  137  143  149   3519
               625   151  150  152  151  148  145  147  146  145  146  149  150  151  151  145  144  143  145  139  141  140  136  135  136   3486
               626   135  135  132  135  137  137  131  130  138  138  140  141  145  146  143  141  142  138  138  137  134  135  134  131   3293
               627   131  131  130  130  130  129  131  133  135  138  141  144  146  148  151  148  144  140  138  139  140  138  137  136   3308
               628   136  136  138  138  136  136  139  139  143  149  155  155  152  155  151  152  150  149  148  147  145  144  142  144   3479
               629   149  148  142  131  130  129  129  132  134  136  141  144  146  145  142  140  146  145  146  150  151  152  149  150   3407
               630   150  149  149  149  149  149  149  148  149  150  149  150  151  152  152  152  153  153  152  152  149  147  147  149   3599
              ------------------------------------------------------------------------------------------------------------------------------------
              TOTAL 4153 4139 4157 4173 4147 4155 4182 4177 4221 4272 4314 4333 4318 4305 4289 4279 4228 4188 4182 4213 4195 4189 4157 4161 101127
              MEAN   138  138  139  139  138  139  139  139  141  142  144  144  144  144  143  143  141  140  139  140  140  140  139  139   3371
              MAX    152  152  155  155  155  155  156  153  153  154  156  155  155  155  153  156  156  156  156  156  156  155  157  157   3661
                N     30   30   30   30   30   30   30   30   30   30   30   30   30   30   30   30   30   30   30   30   30   30   30   30     30
              NOTE                                                                                                                                
                                                                                                                                                  
                   *): WITH MISSING DATA; TOTAL,MEAN,MAXIMUM ESTIMATED                                                                            
                                                                                                                                                  
                                                                                                                                                  
                                                                                                                                                  
