                                                                                                                                                  
                                                                                                                                                  
                                                               *******************************                                                    
                                                                 DOWNWARD LONGWAVE RADIATION                                                      
                                                               *******************************                                                    
                                                                                                                  COUNTRY = JAPAN                 
                                                                                                                                                  
                                                                                                                                                  
                                                                     UNIT  = 0.01 MJ/m**2                                                         
                        STATION    : Tateno                                                                                                       
                        STATION NO.: 47646                                                                                                        
                        LOCATION   : 140ﾟ08' E                                                                                                    
                                      36ﾟ03' N                                                                                                    
                        ALTITUDE   :   25.2  m                                                                                                    
                        YEAR/MONTH : 2009/07                                                                                                      
                                                                                                                                                  
              DATE   -01  -02  -03  -04  -05  -06  -07  -08  -09  -10  -11  -12  -13  -14  -15  -16  -17  -18  -19  -20  -21  -22  -23  -24  TOTAL
                                                                                                                                                  
               7 1   150  150  149  148  149  149  150  151  151  152  154  155  154  152  156  155  154  151  150  150  150  150  150  150   3630
               7 2   150  149  150  149  149  149  150  150  150  150  151  150  150  149  149  149  149  148  147  147  147  147  146  146   3571
               7 3   145  146  145  142  146  146  144  137  148  152  152  153  153  154  152  146  144  146  148  150  148  148  148  150   3543
               7 4   150  150  151  150  149  149  148  149  149  148  148  146  151  151  147  145  144  138  135  140  148  150  150  149   3535
               7 5   149  149  149  150  149  148  149  151  152  153  153  154  152  147  150  147  153  140  137  134  134  135  139  138   3512
               7 6   136  139  137  137  140  145  146  147  148  152  153  154  152  153  156  153  154  155  155  146  152  151  152  144   3557
               7 7   151  147  144  154  142  147  143  146  157  156  158  154  152  149  149  148  146  145  144  144  145  144  141  140   3546
               7 8   144  141  141  142  142  148  148  153  153  153  153  153  155  154  153  153  150  153  154  152  152  153  151  151   3602
               7 9   148  152  152  152  152  153  155  153  157  154  158  161  157  157  157  157  158  156  156  155  153  152  147  145   3697
               710   146  148  150  151  152  150  151  153  154  154  157  158  157  156  154  152  152  152  149  148  152  146  146  148   3636
               711   152  150  149  149  146  147  145  143  138  135  138  142  142  143  144  145  145  145  145  137  132  137  136  136   3421
               712   137  135  135  139  141  142  145  145  145  149  152  152  153  156  155  154  150  147  144  146  146  140  140  146   3494
               713   139  144  152  151  151  146  143  150  148  154  152  153  153  153  155  155  153  154  155  154  152  144  141  142   3594
               714   139  138  144  146  143  142  138  141  140  146  145  152  152  147  146  146  144  148  146  144  154  156  155  155   3507
               715   156  153  148  147  146  154  156  146  149  150  148  148  149  148  148  147  145  144  143  143  143  143  144  143   3541
               716   143  143  143  142  143  142  141  141  142  143  144  146  147  147  145  146  146  145  146  151  151  151  147  152   3487
               717   153  151  152  148  149  149  148  149  149  148  148  146  147  148  148  151  148  149  151  152  151  149  151  151   3586
               718   151  152  153  150  149  151  153  154  156  157  160  161  162  162  160  158  157  156  155  154  155  154  152  152   3724
               719   150  146  142  146  147  148  150  152  154  154  155  157  161  160  158  156  157  158  153  152  148  144  143  142   3633
               720   142  141  139  138  142  137  138  145  147  150  144  144  147  150  151  143  144  142  139  137  135  134  133  138   3400
               721   143  148  147  147  147  150  151  151  152  153  153  152  152  151  151  152  151  152  152  152  152  152  152  152   3615
               722   151  152  152  152  152  152  152  153  153  153  153  155  156  156  157  155  155  158  158  156  154  155  155  154   3699
               723   152  150  145  151  151  152  152  152  152  155  156  157  156  158  147  147  155  148  151  155  155  155  156  153   3661
               724   156  156  153  157  155  152  157  157  160  159  158  161  159  159  161  156  159  159  159  157  157  157  157  154   3775
               725   152  154  157  158  158  156  155  151  155  157  153  158  159  156  154  153  152  150  147  146  146  146  145  146   3664
               726   145  146  146  145  145  145  148  149  154  152  159  158  155  153  153  152  150  148  148  147  147  147  146  146   3584
               727   146  145  147  157  154  147  149  146  147  150  153  153  157  157  157  157  156  156  152  150  150  151  151  152   3640
               728   152  152  152  155  152  152  154  151  153  158  159  158  156  155  155  155  156  156  155  156  155  154  154  152   3707
               729   153  154  154  155  156  156  157  156  160  161  160  159  159  158  156  155  154  154  151  151  152  154  152  151   3728
               730   152  150  152  153  161  161  156  152  158  163  165  162  166  168  168  169  158  155  153  151  151  152  152  152   3780
               731   152  152  151  151  151  151  151  151  151  152  153  154  156  152  151  145  142  148  147  147  148  150  150  150   3606
              ------------------------------------------------------------------------------------------------------------------------------------
              TOTAL 4585 4583 4581 4612 4609 4616 4623 4625 4682 4723 4745 4766 4777 4759 4743 4702 4681 4656 4625 4604 4615 4601 4582 4580 111675
              MEAN   148  148  148  149  149  149  149  149  151  152  153  154  154  154  153  152  151  150  149  149  149  148  148  148   3602
              MAX    156  156  157  158  161  161  157  157  160  163  165  162  166  168  168  169  159  159  159  157  157  157  157  155   3780
                N     31   31   31   31   31   31   31   31   31   31   31   31   31   31   31   31   31   31   31   31   31   31   31   31     31
              NOTE                                                                                                                                
                                                                                                                                                  
                   *): WITH MISSING DATA; TOTAL,MEAN,MAXIMUM ESTIMATED                                                                            
                                                                                                                                                  
                                                                                                                                                  
