                                                                                                                                                  
                                                                                                                                                  
                                                               *******************************                                                    
                                                                 DOWNWARD LONGWAVE RADIATION                                                      
                                                               *******************************                                                    
                                                                                                                  COUNTRY = JAPAN                 
                                                                                                                                                  
                                                                                                                                                  
                                                                     UNIT  = 0.01 MJ/m**2                                                         
                        STATION    : Tateno                                                                                                       
                        STATION NO.: 47646                                                                                                        
                        LOCATION   : 140ﾟ08' E                                                                                                    
                                      36ﾟ03' N                                                                                                    
                        ALTITUDE   :   25.2  m                                                                                                    
                        YEAR/MONTH : 2009/02                                                                                                      
                                                                                                                                                  
              DATE   -01  -02  -03  -04  -05  -06  -07  -08  -09  -10  -11  -12  -13  -14  -15  -16  -17  -18  -19  -20  -21  -22  -23  -24  TOTAL
                                                                                                                                                  
               2 1   118  116  110   94   88   87   89   87   88   89   90   91   92   96  107   94   89   87   86   85   84   83   83   82   2215
               2 2    82   82   81   81   81   81   80   80   81   83   84   86   87   88   89   90   90   89   89   89   90   93   91   91   2058
               2 3    91   91   90   90   88   88   86   86   87   89   91   93   95   97   99  105  106  107  106  106  108  107  105  100   2311
               2 4    93   96  114  104  100   98   90  106  113  113  101  105  101  105   97   94   97  115   96  105  110  115  109  100   2477
               2 5   102   97   90   89   88   88   89   99  105  113  113  119  120  120  119  107   95  102  113  115  114  106   96   92   2491
               2 6    91   90   88   87   87   87   87   87   88   89   89   90   90   91   91   91   94   89   87   86   84   83   83   84   2113
               2 7    88   89   80   80   81   81   82   82   84   86   87   92   89   90   92   93   93   93   92   93   95   92   91   89   2114
               2 8    88   87   87   88   88   90   85   85   85   85   86   86   86   87   90   88   86   85   84   83   83   83   82   82   2059
               2 9    86   83   80   80   79   80   82   83  104  111  110  110  114  117  117  116  116  114  111  113  116  118  116  113   2469
               210   110  115  110  109   99   91   89   88   89   91   92   94   95   95   96  109  118   98   95   93   92   92   90   91   2341
               211    91   87   86   89   90  105   99  112  113  115  115  117  118  116  117  117  109  111  100   99  104   99  100   90   2499
               212    94   96   88   86   86   85   84   85   86   88   90   92   94   94   93   94   95   95   95   95   95   97   99   97   2203
               213    94   95   97   99   98  109  108  104  104  107  110  109  112  116  116  119  122  124  125  122  131  126  128  135   2710
               214   134  133  140  137  130  130  126  131  119  114  115  117  117  114  113  110  107  109  105  104  103  106  110  120   2844
               215   118  114  102  107  103   99   97   98  109  124  125  127  123  104  105  106  111  108  108  115  121  121  121  121   2687
               216   116  113  114  112  108  107  105  107  109  104  104  104  116  109  112  106  109  109  103   96  100   88   98  101   2550
               217   102   99   97   82   76   77   75   76   77   79   80   82   83   86   95   96   98  101  106   89   98   99   86   84   2123
               218    83   84   92   89   78   78   77   78   79   81   83   85   86   87   88   89   88   88   87   86   86   86   86   85   2029
               219    83   82   81   82   80   79   78   79   80   82   85   93  100   94   95   98   93   93  104  105  108  111  115  117   2217
               220   117  117  117  116  115  117  118  119  118  120  120  118  117  121  105  101  100   99   96   94   92   91   89   86   2603
               221    85   85   84   83   82   81   81   81   82   82   82   82   83   84   85   86   85   85   85   84   84   84   84   87   2006
               222    85   95   85   84   84   84   84   84   85   87   91   94   97   97  105  109  108  117  117  118  116  113  105  105   2349
               223   109  118  122  124  125  123  123  123  122  122  122  123  123  122  121  120  117   95   92   92   93   96   91   88   2706
               224    87   96  102  111  113  100  100  103  107  110  112  113  115  118  120  120  120  119  119  119  119  120  120  120   2683
               225   120  121  120  120  120  121  121  121  121  122  122  123  124  126  128  129  115  127  125  116  114  112  111  111   2890
               226   114  118  106  104  103  107  118  118  118  117  117  117  117  117  117  117  117  116  117  117  117  117  116  115   2757
               227   115  116  116  116  116  116  116  116  116  116  115  115  115  115  114  115  115  115  115  115  115  116  116  116   2771
               228   116  116  115  115  114  113  110  110  114  111  106  103  109  109  110  112  116  106   99  108  113  111  112  114   2662
              ------------------------------------------------------------------------------------------------------------------------------------
              TOTAL 2812 2831 2794 2758 2700 2702 2679 2728 2783 2830 2837 2880 2918 2915 2936 2931 2909 2896 2857 2842 2885 2865 2833 2816  67937
              MEAN   100  101  100   99   96   97   96   97   99  101  101  103  104  104  105  105  104  103  102  102  103  102  101  101   2426
              MAX    134  133  140  137  130  130  126  131  122  124  125  127  124  126  128  129  122  127  125  122  131  126  128  135   2890
                N     28   28   28   28   28   28   28   28   28   28   28   28   28   28   28   28   28   28   28   28   28   28   28   28     28
              NOTE                                                                                                                                
                                                                                                                                                  
                   *): WITH MISSING DATA; TOTAL,MEAN,MAXIMUM ESTIMATED                                                                            
                                                                                                                                                  
                                                                                                                                                  
                                                                                                                                                  
                                                                                                                                                  
                                                                                                                                                  
