                                                                                                                                                  
                                                                                                                                                  
                                                               *******************************                                                    
                                                                 DOWNWARD LONGWAVE RADIATION                                                      
                                                               *******************************                                                    
                                                                                                                  COUNTRY = JAPAN                 
                                                                                                                                                  
                                                                                                                                                  
                                                                     UNIT  = 0.01 MJ/m**2                                                         
                        STATION    : Tateno                                                                                                       
                        STATION NO.: 47646                                                                                                        
                        LOCATION   : 140ﾟ08' E                                                                                                    
                                      36ﾟ03' N                                                                                                    
                        ALTITUDE   :   25.2  m                                                                                                    
                        YEAR/MONTH : 2009/05                                                                                                      
                                                                                                                                                  
              DATE   -01  -02  -03  -04  -05  -06  -07  -08  -09  -10  -11  -12  -13  -14  -15  -16  -17  -18  -19  -20  -21  -22  -23  -24  TOTAL
                                                                                                                                                  
               5 1   106  106  105  104  104  104  104  105  108  111  114  117  116  117  118  119  117  115  116  113  112  111  111  110   2663
               5 2   110  109  109  108  107  106  107  110  113  115  118  121  121  120  118  116  116  116  114  112  113  111  110  110   2710
               5 3   110  113  116  117  119  116  122  121  120  127  128  128  128  132  132  131  131  128  124  118  121  122  125  126   2955
               5 4   122  122  124  125  125  122  122  125  127  129  132  133  133  132  128  130  130  128  126  124  121  117  118  120   3015
               5 5   120  121  125  129  130  130  127  129  132  133  140  139  139  139  138  138  138  138  138  137  136  138  139  139   3212
               5 6   136  137  138  139  139  136  139  139  137  139  137  137  141  138  139  140  140  140  139  140  139  139  139  139   3326
               5 7   138  137  137  138  138  138  140  140  141  142  142  143  142  133  140  141  141  141  141  140  140  140  140  140   3353
               5 8   140  140  139  139  137  139  139  140  140  139  139  141  140  139  139  142  141  142  141  140  138  138  133  125   3330
               5 9   123  127  135  135  115  114  118  122  122  119  119  121  122  123  125  126  130  125  121  120  121  121  121  122   2947
               510   121  119  119  118  118  120  118  120  123  126  129  132  133  135  136  134  135  135  135  133  133  130  130  128   3060
               511   123  120  122  122  123  128  137  143  143  144  144  129  132  132  132  130  125  123  123  125  131  134  136  140   3141
               512   135  139  142  143  143  143  144  145  146  146  146  149  146  144  140  142  141  135  145  143  144  146  142  145   3434
               513   143  142  142  141  140  140  138  133  130  134  146  145  141  139  132  131  135  138  137  135  133  133  130  123   3281
               514   121  119  124  119  114  115  116  115  107  110  113  116  120  124  124  124  112  107  103  102  103  102  102  100   2712
               515    99   98   96   96   96   95   97  101  104  104  107  111  114  111  110  111  110  108  112  111  114  114  110  127   2556
               516   125  118  126  131  130  128  128  135  136  136  136  137  135  137  137  138  138  135  135  136  134  135  137  139   3202
               517   138  138  138  137  137  138  139  140  141  142  144  143  141  142  141  144  147  147  148  149  149  144  138  139   3404
               518   144  147  150  142  129  124  126  125  123  122  117  118  118  119  123  125  126  124  121  122  123  128  125  127   3048
               519   126  121  116  117  115  113  116  119  124  127  130  135  136  135  131  134  134  131  125  122  117  116  117  117   2974
               520   116  118  116  113  112  112  114  116  118  121  123  124  125  126  127  127  126  125  123  122  120  120  119  118   2881
               521   117  117  118  130  120  116  121  122  123  126  133  134  134  130  130  133  134  136  139  140  140  139  138  136   3106
               522   134  137  139  140  139  139  140  142  140  130  126  126  126  129  132  136  131  129  128  127  127  127  127  133   3184
               523   147  148  148  148  147  148  146  147  147  140  145  148  141  135  134  133  134  131  131  139  144  143  144  143   3411
               524   142  142  143  142  141  141  141  140  140  140  140  139  140  140  138  136  136  129  134  139  139  138  140  141   3341
               525   138  138  135  134  133  133  133  134  134  127  125  126  130  124  123  122  122  122  121  121  119  118  116  115   3043
               526   115  114  113  113  112  112  112  114  116  118  120  123  125  126  124  123  123  122  121  121  128  123  127  122   2867
               527   120  119  119  118  122  130  122  122  131  134  136  148  148  146  134  129  130  130  130  131  133  131  131  132   3126
               528   132  131  132  133  134  134  136  137  138  142  141  139  141  140  140  138  140  140  140  141  142  141  141  141   3314
               529   141  142  142  142  142  142  142  142  143  144  144  145  144  145  144  144  144  144  144  144  143  143  143  143   3436
               530   143  143  142  143  143  143  141  140  139  145  148  148  147  147  146  146  146  145  144  144  144  143  143  143   3456
               531   143  144  144  144  144  144  145  145  146  144  144  144  143  146  145  144  144  144  144  144  144  143  143  142   3457
              ------------------------------------------------------------------------------------------------------------------------------------
              TOTAL 3968 3966 3994 4000 3948 3943 3970 4008 4032 4056 4106 4139 4142 4125 4100 4107 4097 4053 4043 4035 4045 4028 4015 4025  96945
              MEAN   128  128  129  129  127  127  128  129  130  131  132  134  134  133  132  132  132  131  130  130  130  130  130  130   3127
              MAX    147  148  150  148  147  148  146  147  147  146  148  149  148  147  146  146  147  147  148  149  149  146  144  145   3457
                N     31   31   31   31   31   31   31   31   31   31   31   31   31   31   31   31   31   31   31   31   31   31   31   31     31
              NOTE                                                                                                                                
                                                                                                                                                  
                   *): WITH MISSING DATA; TOTAL,MEAN,MAXIMUM ESTIMATED                                                                            
                                                                                                                                                  
                                                                                                                                                  
