                                                                                                                                                  
                                                                                                                                                  
                                                               *******************************                                                    
                                                                 DOWNWARD LONGWAVE RADIATION                                                      
                                                               *******************************                                                    
                                                                                                                  COUNTRY = JAPAN                 
                                                                                                                                                  
                                                                                                                                                  
                                                                     UNIT  = 0.01 MJ/m**2                                                         
                        STATION    : Tateno                                                                                                       
                        STATION NO.: 47646                                                                                                        
                        LOCATION   : 140ﾟ08' E                                                                                                    
                                      36ﾟ03' N                                                                                                    
                        ALTITUDE   :   25.2  m                                                                                                    
                        YEAR/MONTH : 2010/02                                                                                                      
                                                                                                                                                  
              DATE   -01  -02  -03  -04  -05  -06  -07  -08  -09  -10  -11  -12  -13  -14  -15  -16  -17  -18  -19  -20  -21  -22  -23  -24  TOTAL
                                                                                                                                                  
               2 1    93   91   91   90   89   92   90   98   98  105  116  121  121  120  120  119  118  116  115  114  114  114  114  114   2573
               2 2   113  111  110  103   91   84   83   82   83   84  100  113  114  114  115  116  114  100   89   89   87   85   86   87   2353
               2 3    87   84   83   84   88   82   80   80   81   82   99  100  100   87   87   92  104  105  103  101  107  109  104  101   2230
               2 4    99   92   80   79   78   77   76   77   79   80   81   83   83   83   84   84   88   89   84   83   83   83   83   83   1991
               2 5    82   81   80   79   77   77   77   77   78   80   82   84   86   86   86   87   89   87   84   83   88   95   83   80   1988
               2 6    79   79   79   95  100   93   81   78   79   80   81   93   84   82   84   82   81   80   79   79   78   78   78   77   1979
               2 7    78   78   78   79   79   79   79   80   81   83   85   86   88   89   89   88   87   85   84   85   96  100  100   90   2046
               2 8    83   81   81   80   80   80   80   81   84   86   88   92  104   97   98   98  100   97   95  102  116  101   96   95   2195
               2 9    95   95   96   96   96   95   96   96   99  101  105  109  111  112  115  117  115  116  113  112  112  121  125  124   2572
               210   111  105  118  118  120  126  126  125  125  125  124  123  121  120  120  120  120  119  119  119  118  118  118  118   2876
               211   119  118  118  118  117  117  116  116  116  116  116  116  116  116  116  115  115  116  115  114  113  114  114  113   2780
               212   114  114  114  113  112  112  111  112  112  112  112  112  112  112  112  112  111  111  111  111  111  111  111  110   2685
               213   110  110  109  109  109  109  110  110  110  109  109  110  110  110  110  110  111  111  111  111  112  109   92   98   2609
               214   101  104  102  105  103   82  104  106  107  108   96   87   87   91   99  104  105  106  101   98  101  109  107  109   2422
               215   112  117  118  116  115  119  119  119  117  117  119  120  121  121  122  122  122  121  120  119  119  119  118  117   2849
               216   117  116  114  113  113  113  112  111  111  111  111  111  111  111  111  111  111  111  111  111  111  110  110  110   2682
               217   111  107  106  104  110  107  104   92   94   97  102  108  107  105  103  101  103  109  110  110  111  111  111  111   2534
               218   111  111  111  111  112  112  112  112  112  111  113  113  113  106  112  116  114  103  110   95   87   92   92   86   2567
               219    87   86   85   84   85   85   91   94   91   95  104  106  105  108   95   91   90   90   89   88   88   87   87   87   2198
               220    86   86   85   84   85   88   84   83   84   86   87   88   89   89   89   91   91   90   90   88   87   87   86   85   2088
               221    84   84   83   81   81   81   81   82   83   85   86   88   94   92   91   94   93   92   91   95  111  112  112  109   2185
               222    94   92  110  112  113  113  113  115  115  116  118  113  118  121  107  112  123  113  113  120  110   97   93   95   2646
               223    95   95   96   97   97   96   95   95   94   93   95   97  100  102  102  103  103  102  102  103  100   99  105   99   2365
               224    97   96   96   96  114  122  112   97  115  116  106  103  105  107  107  106  105  103  101  100  100  100  100   99   2503
               225    99   98   98   99  103  109  118  122  113  103  102  104  109  114  109  111  112  117  113  111  111  111  112  116   2614
               226   115  116  121  120  118  120  124  128  132  134  136  135  136  138  138  137  136  135  134  134  134  134  134  135   3124
               227   135  136  136  137  137  136  136  135  133  128  126  125  122  122  122  111  117  118  114  114  120  122  122  122   3026
               228   122  121  121  121  120  120  119  118  117  116  115  116  116  116  119  115   94   93   92   96   93   93  105  119   2677
              ------------------------------------------------------------------------------------------------------------------------------------
              TOTAL 2829 2804 2819 2823 2842 2826 2829 2821 2843 2859 2914 2956 2983 2971 2962 2965 2972 2935 2893 2885 2918 2921 2898 2889  69357
              MEAN   101  100  101  101  102  101  101  101  102  102  104  106  107  106  106  106  106  105  103  103  104  104  104  103   2477
              MAX    135  136  136  137  137  136  136  135  133  134  136  135  136  138  138  137  136  135  134  134  134  134  134  135   3124
                N     28   28   28   28   28   28   28   28   28   28   28   28   28   28   28   28   28   28   28   28   28   28   28   28     28
              NOTE                                                                                                                                
                                                                                                                                                  
                   *): WITH MISSING DATA; TOTAL,MEAN,MAXIMUM ESTIMATED                                                                            
                                                                                                                                                  
                                                                                                                                                  
                                                                                                                                                  
                                                                                                                                                  
                                                                                                                                                  
