                                                                                                                                                  
                                                                                                                                                  
                                                                *******************************                                                   
                                                                  DOWNWARD LONGWAVE RADIATION                                                     
                                                                *******************************                                                   
                                                                                                                  COUNTRY = JAPAN                 
                                                                                                                                                  
                                                                                                                                                  
                                                                     UNIT  = 0.01 MJ/m**2                                                         
                        STATION    : Tateno                                                                                                       
                        STATION NO.: 47646                                                                                                        
                        LOCATION   : 140ﾟ08' E                                                                                                    
                                      36ﾟ03' N                                                                                                    
                        ALTITUDE   :   25.2  m                                                                                                    
                        YEAR/MONTH : 2010/08                                                                                                      
                                                                                                                                                  
              DATE   -01  -02  -03  -04  -05  -06  -07  -08  -09  -10  -11  -12  -13  -14  -15  -16  -17  -18  -19  -20  -21  -22  -23  -24  TOTAL
                                                                                                                                                  
               8 1   151  150  149  151  158  162  162  163  164  165  165  165  167  165  163  164  161  157  156  156  157  155  153  150   3809
               8 2   153  151  152  150  151  157  156  158  163  163  164  167  166  163  163  159  158  155  158  152  158  158  158  158   3791
               8 3   158  154  151  157  148  146  147  153  155  156  153  152  152  153  155  154  154  153  151  152  149  147  146  146   3642
               8 4   145  145  145  145  144  145  147  153  153  155  156  157  155  154  154  154  153  152  150  149  150  149  148  147   3605
               8 5   147  147  147  146  146  146  148  157  161  160  160  157  156  155  154  153  152  151  149  149  148  148  147  147   3631
               8 6   146  145  146  145  145  145  148  159  163  165  166  162  160  157  156  156  155  153  149  147  143  139  136  136   3622
               8 7   135  136  137  136  135  135  137  140  144  152  152  148  147  146  147  145  144  146  148  145  145  145  144  144   3433
               8 8   143  143  143  142  143  148  146  154  154  152  156  155  156  159  163  162  158  157  158  155  154  154  156  155   3666
               8 9   154  153  153  156  153  155  156  154  155  158  157  158  158  159  160  159  157  156  156  155  157  157  158  155   3749
               810   154  154  152  153  149  152  147  148  156  163  162  163  164  160  158  161  161  155  152  152  153  153  153  152   3727
               811   151  149  148  149  146  146  149  157  158  162  158  158  156  156  155  155  155  154  154  153  155  154  150  150   3678
               812   149  153  152  149  150  148  150  153  155  154  158  162  162  161  160  160  159  159  158  157  153  154  154  156   3726
               813   158  157  157  153  158  158  159  159  159  157  157  157  153  153  153  155  159  157  157  157  156  157  157  154   3757
               814   147  157  157  158  155  158  157  157  158  158  159  163  164  165  165  164  164  163  160  159  159  158  156  153   3814
               815   154  156  156  159  159  154  158  155  156  159  160  163  165  165  164  163  163  162  159  157  156  155  153  152   3803
               816   152  152  152  151  151  152  153  154  156  158  160  163  165  167  170  167  165  165  163  159  157  156  155  157   3800
               817   154  153  151  150  149  148  153  153  156  161  163  163  164  162  163  161  158  157  156  157  152  151  151  151   3737
               818   150  150  149  148  147  146  147  149  152  157  164  163  157  157  156  156  154  154  158  156  156  154  159  159   3698
               819   158  153  147  152  156  159  157  158  160  160  163  162  160  157  156  157  159  161  159  159  159  158  158  157   3785
               820   156  155  154  154  153  148  145  143  153  154  158  161  160  158  159  155  153  155  149  155  157  157  157  157   3706
               821   157  155  148  146  140  140  146  155  158  156  163  159  159  159  157  156  154  152  150  148  148  147  148  147   3648
               822   147  146  145  144  144  143  145  148  151  154  157  159  162  164  159  158  156  154  153  151  149  148  148  148   3633
               823   148  147  147  149  147  146  147  149  153  155  156  161  166  160  157  156  156  154  154  151  148  147  146  146   3646
               824   147  146  150  152  148  151  153  160  160  157  156  159  160  160  158  157  155  152  151  149  149  150  152  150   3682
               825   151  151  146  149  143  142  143  151  158  151  157  158  159  162  160  157  154  151  148  147  146  145  144  144   3617
               826   144  144  143  142  142  141  142  144  152  153  157  158  156  159  155  154  152  149  147  145  144  145  151  146   3565
               827   143  143  143  142  146  149  149  148  154  150  153  157  158  159  158  155  153  152  153  150  149  149  148  147   3608
               828   148  147  147  146  146  146  147  149  154  155  157  158  162  164  160  158  158  157  154  148  146  145  145  145   3642
               829   144  143  142  141  140  140  142  144  147  149  153  157  161  162  158  155  153  151  149  148  147  146  145  145   3562
               830   145  144  146  152  157  157  159  160  160  154  151  155  155  155  156  156  156  154  151  149  150  153  148  146   3669
               831   146  146  145  148  155  150  145  146  145  147  151  153  155  155  154  152  150  148  146  145  144  144  144  144   3558
              ------------------------------------------------------------------------------------------------------------------------------------
              TOTAL 4635 4625 4600 4615 4604 4613 4640 4731 4823 4850 4902 4933 4940 4931 4906 4874 4839 4796 4756 4712 4694 4678 4668 4644 114009
              MEAN   150  149  148  149  149  149  150  153  156  156  158  159  159  159  158  157  156  155  153  152  151  151  151  150   3678
              MAX    158  157  157  159  159  162  162  163  164  165  166  167  167  167  170  167  165  165  163  159  159  158  159  159   3814
                N     31   31   31   31   31   31   31   31   31   31   31   31   31   31   31   31   31   31   31   31   31   31   31   31     31
              NOTE                                                                                                                                
                                                                                                                                                  
                   *): WITH MISSING DATA; TOTAL,MEAN,MAXIMUM ESTIMATED                                                                            
                                                                                                                                                  
                                                                                                                                                  
