                                                                                                                                                  
                                                                                                                                                  
                                                               *******************************                                                    
                                                                 DOWNWARD LONGWAVE RADIATION                                                      
                                                               *******************************                                                    
                                                                                                                  COUNTRY = JAPAN                 
                                                                                                                                                  
                                                                                                                                                  
                                                                     UNIT  = 0.01 MJ/m**2                                                         
                        STATION    : Tateno                                                                                                       
                        STATION NO.: 47646                                                                                                        
                        LOCATION   : 140ﾟ08' E                                                                                                    
                                      36ﾟ03' N                                                                                                    
                        ALTITUDE   :   25.2  m                                                                                                    
                        YEAR/MONTH : 2010/03                                                                                                      
                                                                                                                                                  
              DATE   -01  -02  -03  -04  -05  -06  -07  -08  -09  -10  -11  -12  -13  -14  -15  -16  -17  -18  -19  -20  -21  -22  -23  -24  TOTAL
                                                                                                                                                  
               3 1   121  121  121  121  121  122  122  123  122  123  124  125  125  125  125  126  127  126  126  124  124  123  122  121   2960
               3 2   120  120  119  119  119  118  117  117  118  118  118  117  117  117  117  116  116  116  116  116  116  115  116  116   2814
               3 3   111  107  111  117  117  118  115  117   95   94   96   99  102  100   99  103  101   99  118  117   98   93   93   99   2519
               3 4    98  100   94   97  103  110  111  112  112  107  116  119  121  120  120  121  122  122  122  122  122  122  122  121   2736
               3 5   121  121  122  124  123  121  123  112  103  105  107  109  110  112  114  114  115  115  117  122  130  132  133  134   2839
               3 6   135  134  134  132  132  132  132  132  132  132  133  133  133  132  130  129  128  128  127  125  125  125  125  124   3124
               3 7   123  123  123  123  122  123  121  121  121  120  119  119  119  118  117  117  117  117  116  115  115  115  115  114   2853
               3 8   114  113  113  108   94   92   88   87   91  104  114  116  110  104  104  101  105   96   90   91   91  100   94  104   2424
               3 9   112  112  112  109   97  105  110  112  112  112  112  113  114  115  115  115  115  114  114  114  114  115  116  118   2697
               310   118  119  118  116  116  116  116  117  116  115  117  120  121  122  121  121  120  119  107  110   93   90   85   85   2698
               311    84   84   85   85   85   85   86   87   88   90   91   92   93   93   94   94   94   94   94   94   93   92   92   91   2160
               312    91   92   91   92   91   91   89   90   92   95   98  107  102  108  104  104  106  106  104  101  101  106  103  106   2370
               313   102   98   97   97   97   97   97  100  105  108  114  120  121  126  120  124  134  125  126  119  104   99   97   96   2623
               314    95   94   93   93   92   92   92   92   91   92   96   97   98   98   98   99   99   99  101   99   99   96   96   98   2299
               315    98   97   97  105  119  119  123  126  127  128  130  131  128  124  127  128  130  130  131  132  133  138  137  135   2973
               316   137  141  140  139  138  133  133  134  131  125  135  139  141  141  136  132  120  112  115  108  110  105  103  101   3049
               317    92   98  110  112  112  111  112  113  111  114  117  115  117  103  101  102  117  118  113  102   99  107  114  104   2614
               318   113  114  116  101  106  108  117  116  113  114  111  115  115  114  111  106  113  116  120  120  121  120  118  118   2736
               319   118  118  118  118  118  117  114  112  109  112  101  112  114  103  100   98   99   98  100  111   99   97   97   98   2581
               320    99   98   98   98   98   97   96   98  101  103  105  107  110  115  117  117  116  115  113  113  114  118  122  126   2594
               321   126  125  126  129  125  138  140  140  131  131  130  127  111  110  105  102   99   95   92   89   88   87   87   86   2719
               322    84   84   84   84   83   83   84   86   88   89   90   93   94   95   97   98  100   98   97   98  101  116  119  120   2265
               323   120  121  120  119  119  119  119  120  123  124  125  126  126  124  121  121  121  121  122  122  122  124  124  124   2927
               324   123  123  123  122  123  123  122  122  122  123  123  122  121  120  119  118  117  116  115  115  115  115  116  116   2874
               325   117  117  117  117  118  118  118  118  119  119  120  120  121  121  122  122  122  122  122  121  119  119  119  118   2866
               326   116  115  114  114  113  113  105  108  114  117  117  116  106  118  118  110  105  114  112  109  107  111  100   90   2662
               327    97  108  102  100   94  101   98   96   87   88   89   91   93   93   94   95   96  102  107  108  109  110  113  111   2382
               328   108  105  104  114  115  115  114  114  115  112  103  109  113  115  115  113  114  114  115  114  114  114  114  114   2697
               329   114  114  114  114  115  115  115  116  116  116  114  113  112  117  112  111  114   99   87   83   81   81   80   80   2533
               330    79   77   76   77   77   77   78   80   81   83   84   84   85   87   87   88   90   91   92   87   87   87   87   87   2008
               331    87   87   87   87   85   85   86   89   93   99  102  106  113  117  115  120  122  121  114  114  110  102   99   99   2439
              ------------------------------------------------------------------------------------------------------------------------------------
              TOTAL 3373 3380 3379 3383 3367 3394 3393 3407 3379 3412 3451 3512 3506 3507 3475 3465 3494 3458 3445 3415 3354 3374 3358 3354  82035
              MEAN   109  109  109  109  109  109  109  110  109  110  111  113  113  113  112  112  113  112  111  110  108  109  108  108   2646
              MAX    137  141  140  139  138  138  140  140  132  132  135  139  141  141  136  132  134  130  131  132  133  138  137  135   3124
                N     31   31   31   31   31   31   31   31   31   31   31   31   31   31   31   31   31   31   31   31   31   31   31   31     31
              NOTE                                                                                                                                
                                                                                                                                                  
                   *): WITH MISSING DATA; TOTAL,MEAN,MAXIMUM ESTIMATED                                                                            
                                                                                                                                                  
                                                                                                                                                  
