                                                                                                                                                  
                                                                                                                                                  
                                                                *******************************                                                   
                                                                  DOWNWARD LONGWAVE RADIATION                                                     
                                                                *******************************                                                   
                                                                                                                  COUNTRY = JAPAN                 
                                                                                                                                                  
                                                                                                                                                  
                                                                     UNIT  = 0.01 MJ/m**2                                                         
                        STATION    : Tateno                                                                                                       
                        STATION NO.: 47646                                                                                                        
                        LOCATION   : 140ﾟ08' E                                                                                                    
                                      36ﾟ03' N                                                                                                    
                        ALTITUDE   :   25.2  m                                                                                                    
                        YEAR/MONTH : 2010/07                                                                                                      
                                                                                                                                                  
              DATE   -01  -02  -03  -04  -05  -06  -07  -08  -09  -10  -11  -12  -13  -14  -15  -16  -17  -18  -19  -20  -21  -22  -23  -24  TOTAL
                                                                                                                                                  
               7 1   139  148  153  153  152  153  154  155  154  155  157  159  153  156  157  156  153  152  149  147  147  148  153  155   3658
               7 2   147  141  147  139  139  147  153  156  156  150  155  157  153  158  157  151  157  155  154  156  157  152  157  157   3651
               7 3   150  148  144  148  152  155  154  153  153  157  155  159  158  159  159  152  151  152  152  152  149  156  158  157   3683
               7 4   157  158  158  157  156  155  154  155  157  159  154  161  157  157  158  161  162  156  155  153  153  153  154  148   3748
               7 5   153  150  147  149  148  151  150  151  154  157  155  160  159  153  150  147  152  156  156  157  157  156  156  156   3680
               7 6   156  156  156  156  156  156  157  157  158  159  159  158  154  155  157  157  149  149  150  155  153  152  151  153   3719
               7 7   154  155  157  156  155  153  152  154  153  153  154  154  156  154  159  157  158  153  150  151  154  155  154  152   3703
               7 8   152  154  148  153  147  151  140  142  144  146  151  150  152  155  155  152  147  144  143  142  141  141  143  143   3536
               7 9   148  154  155  155  155  148  149  151  154  155  156  156  157  155  156  155  153  152  153  152  154  153  148  154   3678
               710   155  149  138  135  134  133  136  138  139  140  143  145  149  146  144  143  143  143  141  141  148  151  143  140   3417
               711   141  139  139  138  139  141  145  147  148  148  152  154  158  155  158  156  156  156  157  158  155  155  156  157   3608
               712   157  155  155  156  156  155  154  155  155  156  156  159  158  158  157  154  154  155  152  148  147  148  151  158   3709
               713   159  156  153  153  153  153  153  153  153  152  151  151  151  152  151  151  151  149  148  148  147  147  147  147   3629
               714   147  147  147  147  147  149  149  151  154  153  156  159  160  156  156  154  154  151  149  147  150  155  149  149   3636
               715   151  147  147  148  148  153  152  150  154  157  158  156  156  154  153  152  150  149  147  146  145  144  144  143   3604
               716   152  149  153  145  144  155  155  152  151  158  156  164  162  159  156  153  151  150  148  148  149  150  148  147   3655
               717   146  146  147  154  149  145  149  160  160  153  153  155  153  151  148  148  150  150  150  151  146  142  145  144   3595
               718   139  141  137  136  137  136  136  138  142  147  152  159  154  151  150  146  144  145  143  143  143  142  143  143   3447
               719   142  142  143  142  140  140  142  145  146  150  152  152  153  153  155  154  151  152  150  147  147  146  146  146   3536
               720   145  146  146  145  145  145  146  147  151  155  158  159  161  163  159  159  159  157  155  153  153  151  150  149   3657
               721   148  148  147  146  146  145  147  149  152  154  156  156  157  156  157  156  154  153  152  150  148  147  147  146   3617
               722   145  145  145  144  146  147  146  148  151  154  157  160  162  164  162  160  158  156  155  156  156  157  161  153   3688
               723   156  157  158  157  153  151  148  150  152  156  157  159  160  159  161  162  158  155  154  153  153  158  157  158   3742
               724   158  159  159  156  157  151  150  151  154  155  157  159  164  166  163  162  161  162  159  164  165  157  157  155   3801
               725   153  153  157  157  157  148  144  145  147  150  153  156  160  165  162  162  163  164  162  156  152  150  147  142   3705
               726   141  141  140  140  141  146  143  144  146  148  152  154  157  163  159  159  162  159  155  155  154  154  151  146   3610
               727   146  144  147  143  141  142  145  145  148  150  152  156  155  153  152  150  147  146  145  144  146  147  147  147   3538
               728   149  147  145  145  144  143  145  149  151  154  150  152  153  151  151  150  148  145  144  143  142  141  142  142   3526
               729   141  142  142  142  144  146  157  155  155  156  155  156  156  156  155  158  153  153  153  150  154  157  156  159   3651
               730   157  157  158  158  159  159  159  159  159  160  161  161  162  163  159  154  156  163  161  158  158  152  148  153   3794
               731   155  153  149  155  154  155  152  152  153  160  164  165  162  163  162  161  163  159  157  155  154  153  153  153   3762
              ------------------------------------------------------------------------------------------------------------------------------------
              TOTAL 4639 4627 4617 4608 4594 4607 4616 4657 4704 4757 4797 4861 4862 4859 4838 4792 4768 4741 4699 4679 4677 4670 4662 4652 112983
              MEAN   150  149  149  149  148  149  149  150  152  153  155  157  157  157  156  155  154  153  152  151  151  151  150  150   3645
              MAX    159  159  159  158  159  159  159  160  160  160  164  165  164  166  163  162  163  164  162  164  165  158  161  159   3801
                N     31   31   31   31   31   31   31   31   31   31   31   31   31   31   31   31   31   31   31   31   31   31   31   31     31
              NOTE                                                                                                                                
                                                                                                                                                  
                   *): WITH MISSING DATA; TOTAL,MEAN,MAXIMUM ESTIMATED                                                                            
                                                                                                                                                  
                                                                                                                                                  
