                                                                                                                                                  
                                                                                                                                                  
                                                                *******************************                                                   
                                                                  DOWNWARD LONGWAVE RADIATION                                                     
                                                                *******************************                                                   
                                                                                                                  COUNTRY = JAPAN                 
                                                                                                                                                  
                                                                                                                                                  
                                                                     UNIT  = 0.01 MJ/m**2                                                         
                        STATION    : Tateno                                                                                                       
                        STATION NO.: 47646                                                                                                        
                        LOCATION   : 140ﾟ08' E                                                                                                    
                                      36ﾟ03' N                                                                                                    
                        ALTITUDE   :   25.2  m                                                                                                    
                        YEAR/MONTH : 2010/11                                                                                                      
                                                                                                                                                  
              DATE   -01  -02  -03  -04  -05  -06  -07  -08  -09  -10  -11  -12  -13  -14  -15  -16  -17  -18  -19  -20  -21  -22  -23  -24  TOTAL
                                                                                                                                                  
              11 1   140  141  142  142  142  141  140  139  139  139  139  139  140  140  132  125  126  131  116  114  112  110  108  113   3150
              11 2   121  108  104  103  102  101  100  100  100  101  107  117  119  121  122  124  123  119  113  110  105  105  110  111   2646
              11 3   109  106  107  109  105   98   99   99   99  101  102  102  103  103  103  102  102  101  100   99   98   97   95   95   2434
              11 4    96   96   95   96  100  102  105  119  122  124  126  127  129  129  119  105  103  102  102  101  101  100   99   96   2594
              11 5    95   95   94   93   94   94   94   95   98  100  103  105  106  107  108  108  107  109  108  106  105  109  106  104   2443
              11 6   102  101  101  100  100   99   98   99  101  104  106  107  109  115  117  112  112  112  116  121  130  129  133  127   2651
              11 7   131  122  117  115  107  120  121  122  127  130  122  122  117  118  115  113  112  111  110  114  116  117  117  117   2833
              11 8   115  115  114  114  112  116  121  121  123  113  115  124  130  123  118  118  116  114  114  115  128  120  126  125   2850
              11 9   117  125  129  131  130  126  125  127  118  107  110  112  115  122  110  112  101  100  100   99   98   98   98   97   2707
              1110    96   96   96   95   95   95   95   97   98  100  101  102  103  104  105  106  114  116  105   99   97   97   96   96   2404
              1111    95   95   94   94   94   94   93   94   96   98  100  101  102  104  105  105  105  104  104  103  103  103  103  102   2391
              1112   107  106  102  107  103  104  101  104  102  103  108  113  116  120  113  113  112  109  109  108  106  105  105  106   2582
              1113   104  109  109  109  109  110  109  113  114  112  116  118  119  120  123  121  121  118  121  121  122  124  124  125   2791
              1114   129  131  132  128  126  130  127  125  125  124  125  124  125  127  125  123  120  116  108  107  106  107  107  107   2904
              1115   106  105  106  111  122  121  114  124  131  131  132  131  131  130  128  126  126  123  122  120  118  117  111  106   2892
              1116    92   89   92   94   91   90   88   90   93   92   93   95   96   98   98   99   99  104  107  110  109  112  113  115   2359
              1117   120  122  122  122  122  123  123  123  125  126  126  126  125  126  127  126  126  127  127  127  127  127  125  125   2995
              1118   124  124  124  123  123  122  115  113  113  112  111  109  110  120  117  107   98   97   96   96   97  100   98   97   2646
              1119   100  104   97  112  115   95   94   94   96   98  101  104  114  110  114  106  116  118  119  105  108  110  117  115   2562
              1120   114  107  111  106  100   99   98  102  104  105  108  112  116  117  110  112  108  107  107  106  106  105  121  106   2587
              1121   103  102  101  100   99  100  100  102  104  112  113  119  131  131  125  118  132  133  128  124  129  133  132  134   2805
              1122   132  136  136  132  128  132  130  135  138  137  133  137  132  132  131  132  134  133  133  135  134  133  133  135   3203
              1123   134  133  134  134  133  134  133  134  133  134  133  131  128  130  127  108  113  112  114  118  112  109  105  122   2998
              1124   104  104  109  103  103  116  106   92   93   95   97   97   97   98  100  100  102  101  104   97   96   95   95   94   2398
              1125    94   94   93   92   92   91   91   98  103  117  117  120  123  125  129  129  127  113  118  119  125  130  128  127   2695
              1126   127  127  128  129  123  123  127  126  127  130  132  131  130  127  125  133  124  121  116  115  117  127  125  125   3015
              1127   125  122  121  115  104  108   98   98   98  114  104  103  101  101  101  101  119  111  124  121  115  111  101  101   2617
              1128   100   97   97   96   96   95   94   95   96   99  101  103  105  105  109  111  118  121  113  107  108   98   97   95   2456
              1129    93   92   93  100  107  103  101   98   95   95   97   98   99  100  100  101  100   99   97   96   95   95   94   94   2342
              1130    94   93   93   92   90   89   89   89   91   94   96  106  112  116  109  109  111  110  106  106  108  111  109  111   2434
              ------------------------------------------------------------------------------------------------------------------------------------
              TOTAL 3319 3297 3293 3297 3267 3271 3229 3267 3302 3347 3374 3435 3483 3519 3465 3405 3427 3392 3357 3319 3331 3334 3331 3323  80384
              MEAN   111  110  110  110  109  109  108  109  110  112  112  115  116  117  116  114  114  113  112  111  111  111  111  111   2679
              MAX    140  141  142  142  142  141  140  139  139  139  139  139  140  140  132  133  134  133  133  135  134  133  133  135   3203
                N     30   30   30   30   30   30   30   30   30   30   30   30   30   30   30   30   30   30   30   30   30   30   30   30     30
              NOTE                                                                                                                                
                                                                                                                                                  
                   *): WITH MISSING DATA; TOTAL,MEAN,MAXIMUM ESTIMATED                                                                            
                                                                                                                                                  
                                                                                                                                                  
                                                                                                                                                  
