                                                                                                                                                  
                                                                                                                                                  
                                                                *******************************                                                   
                                                                  DOWNWARD LONGWAVE RADIATION                                                     
                                                                *******************************                                                   
                                                                                                                  COUNTRY = JAPAN                 
                                                                                                                                                  
                                                                                                                                                  
                                                                     UNIT  = 0.01 MJ/m**2                                                         
                        STATION    : Tateno                                                                                                       
                        STATION NO.: 47646                                                                                                        
                        LOCATION   : 140ﾟ08' E                                                                                                    
                                      36ﾟ03' N                                                                                                    
                        ALTITUDE   :   25.2  m                                                                                                    
                        YEAR/MONTH : 2010/05                                                                                                      
                                                                                                                                                  
              DATE   -01  -02  -03  -04  -05  -06  -07  -08  -09  -10  -11  -12  -13  -14  -15  -16  -17  -18  -19  -20  -21  -22  -23  -24  TOTAL
                                                                                                                                                  
               5 1   110  104   98   98   96   96   98  101  103  105  106  105  105  107  108  109  110  109  108  107  107  107  108  106   2511
               5 2   105  104  103  102  101  100  100  102  105  108  110  112  113  113  115  116  114  114  113  111  109  109  108  108   2595
               5 3   107  106  105  105  105  106  109  113  114  117  118  120  118  117  118  119  119  118  118  119  120  119  118  118   2746
               5 4   118  117  118  118  118  119  119  120  122  125  128  128  129  130  131  130  131  129  126  125  124  122  123  122   2972
               5 5   122  122  122  121  120  124  122  122  124  129  131  131  133  135  134  133  132  130  128  127  127  134  136  131   3070
               5 6   131  129  123  122  123  125  130  126  125  126  127  129  128  127  126  125  123  122  123  121  125  125  122  124   3007
               5 7   123  123  124  123  123  125  134  139  139  139  146  147  146  143  143  142  146  146  147  148  148  148  148  147   3337
               5 8   146  142  135  122  123  109  108  108  110  111  113  114  115  119  123  121  123  126  125  122  119  124  119  122   2899
               5 9   130  117  114  113  113  111  108  108  109  111  117  122  125  123  126  126  124  118  116  112  111  118  122  113   2807
               510   109  128  117  117  112  132  124  125  132  130  132  132  134  139  138  138  137  137  136  136  137  135  136  135   3128
               511   136  136  136  136  136  139  140  138  140  139  138  140  139  139  140  139  139  138  138  136  137  138  138  137   3312
               512   138  138  138  138  137  136  136  136  135  136  136  137  119  117  120  123  121  109  106  104  103  101  101  100   2965
               513   100   99   98   98   97   97   98  100  101  104  106  108  108  108  110  125  129  129  127  127  127  121  109  116   2642
               514   124  125  113  115  121  120  108  105  113  115  119  128  129  130  114  123  126  127  124  127  128  127  127  127   2915
               515   127  122  118  103  101  110  113  123  124  110  115  125  115  110  109  108  107  105  104  112  125  127  127  125   2765
               516   123  127  123  105  109  107  109  111  109  118  121  121  121  121  119  121  117  117  117  115  115  115  114  114   2789
               517   113  113  112  112  111  113  113  115  118  119  120  122  125  124  125  128  127  124  120  117  117  118  118  116   2840
               518   116  116  115  114  114  114  116  119  123  125  125  124  124  123  121  120  120  123  131  128  133  125  122  120   2911
               519   120  125  129  126  121  122  126  136  140  145  146  147  147  146  146  144  143  142  142  141  143  145  144  144   3310
               520   145  143  146  146  146  146  146  147  147  148  149  150  151  151  151  150  149  148  148  146  144  145  145  144   3531
               521   143  138  139  121  116  115  116  118  121  122  125  128  128  130  131  132  133  133  132  128  126  125  123  121   3044
               522   120  119  116  116  115  116  116  119  123  128  133  135  137  137  139  138  136  129  130  131  130  128  133  133   3057
               523   133  132  132  135  134  139  137  142  144  141  142  142  141  141  141  142  142  139  138  138  139  137  136  138   3325
               524   138  138  138  139  141  141  142  143  144  146  147  148  150  150  150  150  151  153  153  154  154  147  141  138   3496
               525   131  134  136  125  131  144  137  131  136  131  141  136  134  136  137  137  132  130  128  127  126  126  126  130   3182
               526   136  129  132  139  141  142  141  139  140  139  139  139  138  137  136  136  135  133  134  133  133  133  133  133   3270
               527   133  133  133  134  134  134  134  135  136  136  134  132  124  131  132  141  138  139  137  140  139  138  137  135   3239
               528   137  131  130  137  135  136  136  134  136  136  132  130  136  140  119  117  116  116  120  127  135  134  132  134   3136
               529   133  132  129  131  130  132  132  133  132  134  135  136  136  135  135  134  133  133  132  132  131  130  130  130   3180
               530   130  129  129  129  128  128  129  129  130  132  132  133  129  132  127  122  119  114  111  119  123  116  122  110   3002
               531   105  104  104  106  110  104  106  112  112  119  117  117  116  119  135  135  130  133  131  120  118  111  108  106   2778
              ------------------------------------------------------------------------------------------------------------------------------------
              TOTAL 3882 3855 3805 3746 3742 3782 3783 3829 3887 3924 3980 4018 3993 4010 3999 4024 4002 3963 3943 3930 3953 3928 3906 3877  93761
              MEAN   125  124  123  121  121  122  122  124  125  127  128  130  129  129  129  130  129  128  127  127  128  127  126  125   3025
              MAX    146  143  146  146  146  146  146  147  147  148  149  150  151  151  151  150  151  153  153  154  154  148  148  147   3531
                N     31   31   31   31   31   31   31   31   31   31   31   31   31   31   31   31   31   31   31   31   31   31   31   31     31
              NOTE                                                                                                                                
                                                                                                                                                  
                   *): WITH MISSING DATA; TOTAL,MEAN,MAXIMUM ESTIMATED                                                                            
                                                                                                                                                  
                                                                                                                                                  
