                                                                                                                                                  
                                                                                                                                                  
                                                               *******************************                                                    
                                                                 DOWNWARD LONGWAVE RADIATION                                                      
                                                               *******************************                                                    
                                                                                                                  COUNTRY = JAPAN                 
                                                                                                                                                  
                                                                                                                                                  
                                                                     UNIT  = 0.01 MJ/m**2                                                         
                        STATION    : Tateno                                                                                                       
                        STATION NO.: 47646                                                                                                        
                        LOCATION   : 140ﾟ08' E                                                                                                    
                                      36ﾟ03' N                                                                                                    
                        ALTITUDE   :   25.2  m                                                                                                    
                        YEAR/MONTH : 2010/01                                                                                                      
                                                                                                                                                  
              DATE   -01  -02  -03  -04  -05  -06  -07  -08  -09  -10  -11  -12  -13  -14  -15  -16  -17  -18  -19  -20  -21  -22  -23  -24  TOTAL
                                                                                                                                                  
               1 1    78   78   77   78   78   78   78   79   80   82   83   84   85   85   85   84   84   84   83   83   83   83   82   82   1956
               1 2    81   81   81   82   82   83   82   83   84   85   87   89   90   89   90   89   88   88   87   87   87   87   86   85   2053
               1 3    85   85   85   85   84   84   84   84   85   88   90   94   94  110  112  112   98   92   94   87   84   84   84   83   2167
               1 4    83   82   82   81   81   81   81   81   83   88   95  102   90   90   96   95   96  102   97   93  102  104   95  100   2180
               1 5   119  121  122  122  122  121  114   92   91   95  106   93   92   93   92   90   89   87   86   85   85   84   84   84   2369
               1 6    84   83   83   83   82   82   82   82   83   84   85   86   87   87   89   88   86   84   84   83   83   82   82   83   2017
               1 7    83   83   83   84   86   91   95   96   97   94   95   91   91   92   93   96  104  103  102  107   96   98   90   89   2239
               1 8    88   87   88   88   91   92   89   86   86   88   89   89   89   90   90   92   89   88   88   90   86   86   86   94   2129
               1 9   100   89   87   83   83   81   81   81   82   84   86   87   87   88   89   89   89   88   87   87   87   86   86   88   2075
               110   101  109  106   86   85   84   84   88   86   86   88   89   90   91   91   90   88   87   87   87   87   87   85   86   2148
               111    86   88  103  110  111  112  111  112  113  113  114  114  112  115  117  116  111  102   98  103  111  109  108  110   2599
               112   112   98   95  101  106  109  109  111  112  113  115  117  117  116  116  116  116  116  116  116  112  113  112  107   2671
               113   105  106  109  111  115  115  113   97   87   87   82   81   82   82   82   81   80   80   79   79   79   78   78   77   2165
               114    78   78   78   77   77   76   76   76   77   79   80   82   83   87   95   88   83   82   81   80   80   80   79   79   1931
               115    79   78   78   79   79   79   79   78   79   81   82   83   84   85   86   86   86   85   85   85   84   83   82   81   1966
               116    85   80   79   79   78   77   77   77   78   79   80   80   80   80   80   80   79   79   79   78   78   79   79   78   1898
               117    78   77   78   78   78   79   79   79   80   82   83   84   85   87   87   88   87   86   85   85   84   83   83   82   1977
               118    82   82   85   81   80   82   91   81   83   87   86   87   93   89   90   90   91   89   89   88   88   88   89   88   2079
               119    87   86   85   85   85   85   85   86   87   89   91   92   94   95   95   96   95   93   93   94   97   96  105  102   2198
               120   105  102   99  110   98  101   91   90   88   89   91   94   99  103  109  108  111  112  112  113  114  102  105  113   2459
               121   113  118  118  115  116  130  132  126  125  120  117  113  117  117  130  125  119  113  102   91   90   88   87  110   2732
               122   114  108   87   81   80   79   80   80   82   83   84   86   87   88   91   90   94  109   95   89   87   96  114  110   2194
               123   104   88   87   86   83   82   82   81   82   84   85   87   88   89   90   98  103  103  102   96  101   90   86   85   2162
               124    84   83   83   82   82   81   81   81   82   84   86   87   89   89   90   91   90   89   89   90   89   91   99  100   2092
               125   100  100   91   89   86   85   86   90   89   92   98  105   99   95   97   97   97   96   95   93   94   92   89   89   2244
               126    88   86   83   81   81   80   81   81   82   83   84   85   86   87   87   87   86   84   83   83   82   81   82   82   2005
               127    81   81   81   80   80   80   80   80   82   84   85   87   89   91   94   97   99   95   93   92   92   93  102   99   2117
               128   100  110  114  115  114  107  107  110  111  111  109  114  126  125  121  114  117  114  113  108  106  101   97   92   2656
               129    91   90   89   89   88   88   89  109  116  116  115  116  106   92   93   93   94  100   98   98   94   97   91  104   2356
               130   101   97   89   87   86   85   84   83   85   85   88   90   91   92   93   94   94   97  103   95   93   93   93   93   2191
               131    98  110  102  104  107  114  116  105  100  107  108  101  115  111  113  108  104  106  113  113  111  100   96   95   2557
              ------------------------------------------------------------------------------------------------------------------------------------
              TOTAL 2873 2844 2807 2792 2784 2803 2799 2765 2777 2822 2867 2889 2917 2930 2983 2968 2947 2933 2898 2858 2846 2814 2816 2850  68582
              MEAN    93   92   91   90   90   90   90   89   90   91   92   93   94   95   96   96   95   95   93   92   92   91   91   92   2212
              MAX    119  121  122  122  122  130  132  126  125  120  117  117  126  125  130  125  119  116  116  116  114  113  114  113   2732
                N     31   31   31   31   31   31   31   31   31   31   31   31   31   31   31   31   31   31   31   31   31   31   31   31     31
              NOTE                                                                                                                                
                                                                                                                                                  
                   *): WITH MISSING DATA; TOTAL,MEAN,MAXIMUM ESTIMATED                                                                            
                                                                                                                                                  
                                                                                                                                                  
