                                                                                                                                                  
                                                                                                                                                  
                                                                *******************************                                                   
                                                                  DOWNWARD LONGWAVE RADIATION                                                     
                                                                *******************************                                                   
                                                                                                                  COUNTRY = JAPAN                 
                                                                                                                                                  
                                                                                                                                                  
                                                                     UNIT  = 0.01 MJ/m**2                                                         
                        STATION    : Tateno                                                                                                       
                        STATION NO.: 47646                                                                                                        
                        LOCATION   : 140ﾟ08' E                                                                                                    
                                      36ﾟ03' N                                                                                                    
                        ALTITUDE   :   25.2  m                                                                                                    
                        YEAR/MONTH : 2010/10                                                                                                      
                                                                                                                                                  
              DATE   -01  -02  -03  -04  -05  -06  -07  -08  -09  -10  -11  -12  -13  -14  -15  -16  -17  -18  -19  -20  -21  -22  -23  -24  TOTAL
                                                                                                                                                  
              10 1   143  140  143  144  143  142  141  143  144  137  134  143  138  131  133  127  126  125  124  127  139  140  135  133   3275
              10 2   129  124  124  117  116  120  121  125  122  128  136  137  134  130  129  123  121  120  119  118  116  115  114  115   2953
              10 3   114  113  114  114  113  113  114  118  128  130  129  134  133  142  145  144  133  129  136  140  141  146  144  142   3109
              10 4   144  145  140  142  142  144  145  146  147  148  149  149  149  150  151  146  143  150  151  151  151  151  151  149   3534
              10 5   147  147  147  146  145  137  129  137  140  138  138  133  129  128  128  129  129  128  134  134  133  130  128  126   3240
              10 6   132  130  138  141  138  129  131  132  129  126  129  135  133  128  127  127  125  123  122  126  122  121  121  121   3086
              10 7   121  121  121  120  119  119  119  121  124  129  134  138  141  138  129  133  130  130  130  132  123  129  134  136   3071
              10 8   133  131  133  130  129  133  135  132  127  135  134  136  132  126  124  124  122  121  120  119  119  122  122  122   3061
              10 9   121  129  129  133  136  137  137  143  141  143  141  144  146  146  145  144  144  144  145  146  144  144  145  144   3371
              1010   144  144  145  145  145  144  144  144  143  146  147  149  147  146  143  140  138  132  132  134  132  129  129  122   3364
              1011   120  119  120  120  125  123  121  122  126  129  130  132  142  144  138  134  131  128  127  126  132  126  126  131   3072
              1012   127  133  129  143  134  133  140  146  147  149  148  147  143  142  145  144  143  143  143  140  142  145  139  141   3386
              1013   143  140  141  145  146  144  144  143  146  145  138  136  136  132  135  134  131  130  129  130  135  140  143  146   3332
              1014   143  146  143  141  144  143  144  142  141  140  144  142  141  133  129  133  132  132  134  135  132  133  134  135   3316
              1015   137  139  139  139  139  138  138  139  140  138  141  137  145  131  138  138  134  129  135  144  142  139  142  143   3324
              1016   143  144  142  141  139  133  129  126  127  127  127  127  124  122  122  123  128  120  119  118  118  120  123  128   3070
              1017   129  129  128  131  130  127  129  131  137  136  134  133  134  132  132  134  131  130  124  126  125  123  122  119   3106
              1018   116  115  116  120  115  113  122  121  117  117  119  119  120  124  121  120  119  118  119  120  119  117  116  116   2839
              1019   116  121  133  128  116  115  122  121  123  127  130  132  131  132  130  128  128  134  132  138  137  135  129  132   3070
              1020   138  140  139  140  140  138  139  136  135  139  138  139  142  142  141  137  134  134  132  136  135  139  140  139   3312
              1021   139  140  139  140  137  136  136  139  139  140  140  140  140  140  140  138  137  136  135  134  133  136  135  130   3299
              1022   132  134  129  129  132  130  127  126  128  128  128  125  127  128  128  130  128  131  130  128  123  120  118  115   3054
              1023   115  111  108  106  104  102  101  103  106  109  111  112  115  119  115  116  111  108  108  109  107  105  109  106   2616
              1024   113  110  109  116  120  121  121  119  125  128  131  136  140  139  140  138  142  142  140  138  138  138  138  137   3119
              1025   138  138  138  138  138  138  139  140  140  141  142  139  138  144  143  143  144  140  143  143  143  145  143  144   3382
              1026   144  144  141  143  144  143  142  141  137  135  140  140  138  136  134  132  130  129  128  127  125  125  124  123   3245
              1027   122  121  121  117  117  114  102   95   95   98  104  101  101  101  100  100  103  106   99   97   97   97   98   99   2505
              1028   111  122  121  124  125  125  124  125  126  126  126  127  127  128  128  128  128  128  128  128  129  128  128  127   3017
              1029   127  128  128  127  127  126  120  120  123  126  128  120  119  125  127  127  124  124  124  125  128  129  129  129   3010
              1030   127  128  131  132  132  131  130  131  132  133  133  134  135  134  134  135  135  135  134  136  136  135  135  135   3193
              1031   135  134  135  136  137  136  137  137  138  138  139  140  140  138  132  139  139  136  138  139  137  135  137  140   3292
              ------------------------------------------------------------------------------------------------------------------------------------
              TOTAL 4043 4060 4064 4088 4067 4027 4023 4044 4073 4109 4142 4156 4160 4131 4106 4088 4043 4015 4014 4044 4033 4037 4031 4025  97623
              MEAN   130  131  131  132  131  130  130  130  131  133  134  134  134  133  132  132  130  130  129  130  130  130  130  130   3149
              MAX    147  147  147  146  146  144  145  146  147  149  149  149  149  150  151  146  144  150  151  151  151  151  151  149   3534
                N     31   31   31   31   31   31   31   31   31   31   31   31   31   31   31   31   31   31   31   31   31   31   31   31     31
              NOTE                                                                                                                                
                                                                                                                                                  
                   *): WITH MISSING DATA; TOTAL,MEAN,MAXIMUM ESTIMATED                                                                            
                                                                                                                                                  
                                                                                                                                                  
