                                                                                                                                                  
                                                                                                                                                  
                                                                *******************************                                                   
                                                                  DOWNWARD LONGWAVE RADIATION                                                     
                                                                *******************************                                                   
                                                                                                                  COUNTRY = JAPAN                 
                                                                                                                                                  
                                                                                                                                                  
                                                                     UNIT  = 0.01 MJ/m**2                                                         
                        STATION    : Tateno                                                                                                       
                        STATION NO.: 47646                                                                                                        
                        LOCATION   : 140ﾟ08' E                                                                                                    
                                      36ﾟ03' N                                                                                                    
                        ALTITUDE   :   25.2  m                                                                                                    
                        YEAR/MONTH : 2010/12                                                                                                      
                                                                                                                                                  
              DATE   -01  -02  -03  -04  -05  -06  -07  -08  -09  -10  -11  -12  -13  -14  -15  -16  -17  -18  -19  -20  -21  -22  -23  -24  TOTAL
                                                                                                                                                  
              12 1   109  110  108  107  108  108  105   98   94   95  100  103  105  107  106  105  105  103  102  101  101  101  101  101   2483
              12 2   102  103  102  101   98   97   97   97   99  102  104  108  109  124  131  132  123  128  121  128  126  124  132  133   2721
              12 3   132  133  137  139  141  141  140  143  142  142  137  133  118  119  119  115  113  118  131  124  105   96   94   93   3005
              12 4    92   92   92   91   91   91   91   92   93   94   95   96   97   97   98   97   96   95   95   95   94   94   93   93   2254
              12 5    92   92   91   91   90   90   90   91   92   95   98  100  102  103  103  103  103  103  106  106  104  107  102  101   2355
              12 6   101  102  103  104  105  106  104  109  115  120  121  124  119  110  107  106  107  107  107  105  106  103  101  104   2596
              12 7   101  103  110  118  120  120  117  109  109  109  107  110  111  110  123  129  124  126  124  123  124  123  122  122   2794
              12 8   122  121  120  119  119  118  118  118  104   92   93   94   94   97   98   94   92   91   90   90   91  114  110  111   2510
              12 9    95   91  108  113  115  117  112  104   91   92   93   94   95   95   95   95   94   93   92   91   91   91   92   91   2340
              1210    90   90   90   89   89   89   89   89   91   92   93   94   95   95   96   96   96   96   95   97  112  116  121  124   2324
              1211   122  106   97   96   93   93   95   92   93   95   98  101  103  105  109  111  113  117  115  120  123  120  117  108   2542
              1212   101   99   98   96   95   94   92   92   93   94   97  105  100   99  103  109  122  123  121  121  120  121  121  115   2531
              1213   117  116  120  123  124  124  124  124  125  125  125  125  125  125  124  124  124  124  124  124  124  124  124  124   2962
              1214   124  124  125  126  126  126  126  126  126  128  129  131  130  126  110  106  104  103  102  111  119  122  121  126   2897
              1215   123  110  107   97   94   94   93   92   93   95   96  102  101  121  119  118  111  105  115  114  113  113  112  112   2550
              1216   113  113  113  113  114  115  115  115  115  115  116  115  112  105  104  104  104  103  103  102  102   95   86   85   2577
              1217    84   84   83   82   82   82   82   82   84   86   88   89   90   91   92   93   93   91   90   90   90   90   90   89   2097
              1218    91   95   88   86   86   85   85   85   87   89   91   93   94   95   95   94   93   91   90   88   87   86   86   85   2145
              1219    86   86   86   87   87   92   90   94  105   96   91  103  105  116  110  119  120  111  114  119  118  118  120  119   2492
              1220   115  110  101  105  105  104  107  109  107   97   96   98  100  102  102  102  100   99   98   97   96   95   94   94   2433
              1221    94   93   92   92   93   93   94   94   97   99  102  108  121  125  125  126  126  123  121  121  125  123  126  129   2642
              1222   130  127  129  131  133  134  135  129  128  124  128  117  122  108  108  107  106  103  100   99   98   98   97   97   2788
              1223    96   96   96   97   96   97   97   96   96   97   98   98   98   98   97   97   96   95   94   93   92   92   92   92   2296
              1224    90   90   90   89   89   89   89   89   91  100   92   93   95   95   94   93   90   91   87   86   98  107   96  107   2230
              1225    97   83   83   82   81   80   80   80   81   82   84   86   87   89   91   91   86   85   84   83   83   82   82   81   2023
              1226    81   81   81   81   81   81   81   82   83   84   85   87   89   91   91   92   91   90   90   96  104   92   83   82   2079
              1227    80   81   81   81   81   79   79   79   81   82   84   85   86   87   87   88   88   87   88   88   88   87   86   85   2018
              1228    85   84   83   82   82   82   82   81   83   86   90   92   92   92   93   93   93   94   94   95  104  124  107   92   2185
              1229   103  103   95   88   87   87   86   85   86   88   89   90   91   91   91   90   90   94   87   86   85   84   84   83   2143
              1230    84   83   83   83   83   84   84   98  111  109  112  110  107  106   93   94  102   89   92   88  104  102  108   98   2307
              1231   102  104  104  101   99   95   90   84   82   83   86   96   86   90   88   88   87   86   85   85   85   88   90   88   2172
              ------------------------------------------------------------------------------------------------------------------------------------
              TOTAL 3154 3105 3096 3090 3087 3087 3069 3058 3077 3087 3118 3180 3179 3214 3202 3211 3192 3164 3157 3166 3212 3232 3190 3164  75491
              MEAN   102  100  100  100  100  100   99   99   99  100  101  103  103  104  103  104  103  102  102  102  104  104  103  102   2435
              MAX    132  133  137  139  141  141  140  143  142  142  137  133  130  126  131  132  126  128  131  128  126  124  132  133   3005
                N     31   31   31   31   31   31   31   31   31   31   31   31   31   31   31   31   31   31   31   31   31   31   31   31     31
              NOTE                                                                                                                                
                                                                                                                                                  
                   *): WITH MISSING DATA; TOTAL,MEAN,MAXIMUM ESTIMATED                                                                            
                                                                                                                                                  
                                                                                                                                                  
