                                                                                                                                                  
                                                                                                                                                  
                                                                *******************************                                                   
                                                                  DOWNWARD LONGWAVE RADIATION                                                     
                                                                *******************************                                                   
                                                                                                                  COUNTRY = JAPAN                 
                                                                                                                                                  
                                                                                                                                                  
                                                                     UNIT  = 0.01 MJ/m**2                                                         
                        STATION    : Tateno                                                                                                       
                        STATION NO.: 47646                                                                                                        
                        LOCATION   : 140ﾟ08' E                                                                                                    
                                      36ﾟ03' N                                                                                                    
                        ALTITUDE   :   25.2  m                                                                                                    
                        YEAR/MONTH : 2010/09                                                                                                      
                                                                                                                                                  
              DATE   -01  -02  -03  -04  -05  -06  -07  -08  -09  -10  -11  -12  -13  -14  -15  -16  -17  -18  -19  -20  -21  -22  -23  -24  TOTAL
                                                                                                                                                  
               9 1   143  142  142  141  142  147  142  144  154  154  154  153  156  157  161  158  155  153  151  150  150  149  149  149   3596
               9 2   149  147  146  145  145  145  146  151  153  154  152  153  155  157  158  162  154  151  149  147  145  143  142  142   3591
               9 3   142  141  140  141  141  141  142  145  149  150  152  155  157  158  158  158  156  154  153  151  151  150  149  149   3583
               9 4   148  148  147  145  144  142  143  145  147  150  153  156  156  156  156  154  154  151  149  147  148  146  155  154   3594
               9 5   149  145  145  145  144  145  148  149  150  157  161  160  162  162  161  162  156  154  152  150  151  150  149  148   3655
               9 6   147  147  148  146  145  145  146  156  161  164  164  164  162  162  157  153  151  152  151  149  148  149  152  150   3669
               9 7   148  145  143  141  141  140  142  143  146  149  151  151  152  155  153  155  153  154  152  159  155  151  153  158   3590
               9 8   157  156  153  155  159  158  157  156  153  155  155  155  155  155  154  153  153  153  153  153  153  154  153  154   3712
               9 9   154  154  153  151  151  150  151  149  150  152  145  145  143  140  138  134  133  132  132  133  131  131  130  138   3420
               910   131  134  143  138  141  130  132  138  151  148  140  140  142  145  152  158  147  143  141  141  141  140  140  139   3395
               911   139  139  139  139  138  139  142  140  144  146  149  153  151  152  151  152  151  152  153  151  150  149  148  146   3513
               912   147  146  145  145  144  144  146  151  153  153  159  159  159  161  153  149  149  156  155  151  156  156  155  155   3647
               913   155  156  157  156  155  154  154  152  157  157  152  154  153  153  154  157  164  156  155  154  156  156  153  149   3719
               914   151  144  146  140  144  146  143  144  138  145  144  147  150  147  141  141  138  141  145  144  145  150  148  148   3470
               915   146  144  142  142  142  143  144  140  144  143  143  142  139  138  141  141  148  150  148  147  146  144  144  144   3445
               916   145  148  149  149  148  147  148  148  148  149  147  145  149  148  150  151  150  150  150  148  147  148  148  138   3548
               917   145  147  147  147  147  147  147  144  146  150  143  147  138  137  138  139  140  139  138  138  135  140  143  136   3418
               918   135  132  133  135  130  130  130  132  134  136  136  138  139  138  137  138  139  139  134  131  131  130  130  130   3217
               919   132  138  132  131  131  131  135  134  136  141  143  146  149  152  154  146  145  148  145  144  147  147  150  146   3403
               920   146  143  137  137  139  148  150  149  151  156  156  157  153  149  148  146  145  147  140  144  151  148  139  139   3518
               921   152  154  155  155  151  146  137  144  149  144  146  148  151  151  152  154  154  150  149  147  147  145  145  144   3570
               922   143  143  143  143  141  140  140  142  143  145  148  150  152  156  156  156  147  145  148  153  153  153  153  152   3545
               923   152  151  151  150  149  149  148  147  147  146  145  143  142  141  140  140  140  140  140  140  140  139  139  138   3457
               924   138  138  139  137  136  135  136  137  135  135  137  136  136  137  135  134  133  133  134  134  136  139  137  138   3265
               925   139  138  138  138  138  137  137  137  137  136  134  135  117  116  115  115  113  113  112  111  110  110  109  108   2993
               926   107  106  106  106  106  105  106  109  113  115  117  120  123  121  121  126  137  140  139  141  141  140  141  141   2927
               927   140  139  139  138  138  138  139  139  139  140  140  142  143  142  142  143  143  143  142  141  142  142  142  143   3379
               928   143  143  144  146  149  150  149  149  150  149  151  152  152  151  151  151  149  146  147  143  140  145  138  139   3527
               929   130  136  126  139  138  125  121  124  129  130  130  141  143  134  141  139  141  145  143  142  138  142  140  139   3256
               930   141  141  141  143  143  142  142  144  144  144  142  143  142  143  143  143  143  143  142  144  143  143  142  143   3424
              ------------------------------------------------------------------------------------------------------------------------------------
              TOTAL 4294 4285 4269 4264 4260 4239 4243 4282 4351 4393 4389 4430 4421 4414 4411 4408 4381 4373 4342 4328 4327 4329 4316 4297 104046
              MEAN   143  143  142  142  142  141  141  143  145  146  146  148  147  147  147  147  146  146  145  144  144  144  144  143   3468
              MAX    157  156  157  156  159  158  157  156  161  164  164  164  162  162  161  162  164  156  155  159  156  156  155  158   3719
                N     30   30   30   30   30   30   30   30   30   30   30   30   30   30   30   30   30   30   30   30   30   30   30   30     30
              NOTE                                                                                                                                
                                                                                                                                                  
                   *): WITH MISSING DATA; TOTAL,MEAN,MAXIMUM ESTIMATED                                                                            
                                                                                                                                                  
                                                                                                                                                  
                                                                                                                                                  
