                                                                                                                                                  
                                                                                                                                                  
                                                                *******************************                                                   
                                                                  DOWNWARD LONGWAVE RADIATION                                                     
                                                                *******************************                                                   
                                                                                                                  COUNTRY = JAPAN                 
                                                                                                                                                  
                                                                                                                                                  
                                                                     UNIT  = 0.01 MJ/m**2                                                         
                        STATION    : Tateno                                                                                                       
                        STATION NO.: 47646                                                                                                        
                        LOCATION   : 140ﾟ08' E                                                                                                    
                                      36ﾟ03' N                                                                                                    
                        ALTITUDE   :   25.2  m                                                                                                    
                        YEAR/MONTH : 2010/04                                                                                                      
                                                                                                                                                  
              DATE   -01  -02  -03  -04  -05  -06  -07  -08  -09  -10  -11  -12  -13  -14  -15  -16  -17  -18  -19  -20  -21  -22  -23  -24  TOTAL
                                                                                                                                                  
               4 1    99   98   97   97   97  107  115  119  122  123  124  132  132  129  124  131  131  129  133  133  129  124  121  121   2867
               4 2   120  123  125  135  135  139  130  134  143  145  144  136  135  133  130  128  127  126  125  126  125  125  124  124   3137
               4 3   123  123  122  118  116  113  112  111  114  115  105   98   99  102  102  113  115  118  108  102   95  102   95   92   2613
               4 4    92   90   90   98  100  100   98  103  100  114  111  119  123  123  123  123  123  122  124  123  124  118  118  122   2681
               4 5   125  124  126  126  125  124  125  124  125  127  128  129  129  130  131  132  132  133  133  133  133  133  133  133   3093
               4 6   132  131  132  131  131  129  119  122  121  115  114  111  113  114  113  114  116  117  113  115  125  124  117  114   2883
               4 7   115  116  120  122  126  134  133  133  132  132  130  129  128  126  125  125  124  123  122  121  120  118  116  116   2986
               4 8   113   95   92   91   90   87   87   88   89   92  105  106  105  100   96   93   92   91   91   91   92   91   90  103   2270
               4 9   112  113  116  116  115  116  117  118  116  103  105  111  115  117  122  125  117  113  114  110  108  112  111  114   2736
               410   120  120  122  118  125  124  111  115  115  133  125  124  128  136  126  119  117  118  134  132  128  129  134  129   2982
               411   116  117  134  139  137  133  124  124  126  124  132  125  129  130  133  127  122  130  127  131  131  130  130  129   3080
               412   128  128  127  128  127  127  126  124  123  121  121  121  121  121  121  121  121  121  121  121  122  123  123  123   2960
               413   123  124  125  125  126  126  127  129  128  129  114  118  122  126  124  127  129  125  123  119  118  118  121  122   2968
               414   130  135  132  129  124  109  102  115  110   99  101  106  111  105  104  105  108  114  116  118  122  125  125  126   2771
               415   125  124  122  120  119  119  118  118  118  118  119  119  119  119  120  120  119  116  114  114  116  116  116  116   2844
               416   115  115  116  118  118  117  117  116  116  116  116  116  116  117  118  118  118  117  117  116  116  116  115  115   2795
               417   114  115  114  115  115  114  114  115  115  118  118  119  120  122  122  124  107   97   95   99   93   98  110  117   2690
               418   119  119  112   92   89   88   89   91   93   95   96  100  105  108  104  107  108  108  108  107  108  108  109  111   2474
               419   113  119  114  110  107  114  105  105  117  131  113  119  115  114  113  113  112  110  110  111  113  115  116  116   2725
               420   118  119  118  121  122  121  124  123  127  129  130  134  133  136  136  135  134  134  134  133  134  133  133  138   3099
               421   138  136  129  125  129  135  129  119  118  118  119  120  121  123  128  132  138  128  129  121  121  132  132  129   3049
               422   127  126  126  126  125  124  123  123  123  122  122  122  123  124  123  123  123  123  123  124  123  123  123  123   2967
               423   122  122  122  122  122  122  123  123  123  124  125  126  126  126  127  127  126  124  125  124  123  122  122  123   2971
               424   120  120  118  117  115  105  106  106   99  103  109  108  109  113  106  109  104  105  100  100   97   94   93   93   2549
               425    92   91   90   90   90   90   91   93   95   96   97   99  100  100  101  101  102  102  103  103  103  102  100  100   2331
               426    98   96   94   93   92   93   95   97  101  103  104  105  109  106  105  104  107  115  115  109  109  110  107  116   2483
               427   118  123  122  119  123  123  123  121  122  123  123  124  125  130  131  130  130  129  127  126  124  129  129  129   3003
               428   129  127  128  129  131  132  133  135  136  138  139  141  141  141  141  140  140  137  131  129  140  139  138  137   3252
               429   137  137  138  137  129  116  116  117  119  125  129  138  131  135  122  117  115  113  110  109  105  102  102  101   2900
               430   100  100   99  102  101  105  105  107  107  106  107  111  118  115  113  113  112  120  120  122  113  107  110  103   2616
              ------------------------------------------------------------------------------------------------------------------------------------
              TOTAL 3533 3526 3522 3509 3501 3486 3437 3468 3493 3537 3525 3566 3601 3621 3584 3596 3569 3558 3545 3522 3510 3518 3513 3535  84775
              MEAN   118  118  117  117  117  116  115  116  116  118  118  119  120  121  119  120  119  119  118  117  117  117  117  118   2826
              MAX    138  137  138  139  137  139  133  135  143  145  144  141  141  141  141  140  140  137  134  133  140  139  138  138   3252
                N     30   30   30   30   30   30   30   30   30   30   30   30   30   30   30   30   30   30   30   30   30   30   30   30     30
              NOTE                                                                                                                                
                                                                                                                                                  
                   *): WITH MISSING DATA; TOTAL,MEAN,MAXIMUM ESTIMATED                                                                            
                                                                                                                                                  
                                                                                                                                                  
                                                                                                                                                  
