                                                                                                                                                  
                                                                                                                                                  
                                                                *******************************                                                   
                                                                  DOWNWARD LONGWAVE RADIATION                                                     
                                                                *******************************                                                   
                                                                                                                  COUNTRY = JAPAN                 
                                                                                                                                                  
                                                                                                                                                  
                                                                     UNIT  = 0.01 MJ/m**2                                                         
                        STATION    : Tateno                                                                                                       
                        STATION NO.: 47646                                                                                                        
                        LOCATION   : 140ﾟ08' E                                                                                                    
                                      36ﾟ03' N                                                                                                    
                        ALTITUDE   :   25.2  m                                                                                                    
                        YEAR/MONTH : 2010/06                                                                                                      
                                                                                                                                                  
              DATE   -01  -02  -03  -04  -05  -06  -07  -08  -09  -10  -11  -12  -13  -14  -15  -16  -17  -18  -19  -20  -21  -22  -23  -24  TOTAL
                                                                                                                                                  
               6 1   104  104  104  106  104  104  105  107  108  110  112  113  113  112  112  112  111  110  109  109  111  109  108  107   2604
               6 2   106  105  105  105  105  106  108  110  111  114  115  117  117  117  116  115  115  114  114  113  112  112  111  110   2673
               6 3   110  109  109  109  109  110  112  115  117  119  121  122  121  121  122  125  125  124  123  122  121  121  120  119   2826
               6 4   119  119  129  124  127  121  118  120  124  130  129  126  127  127  128  128  130  140  142  135  136  138  137  140   3094
               6 5   138  133  117  123  118  131  137  135  139  141  136  120  121  123  122  121  122  121  118  117  117  121  115  114   3000
               6 6   119  116  114  112  110  110  111  124  116  118  120  122  124  126  128  128  126  124  124  124  125  125  124  123   2893
               6 7   118  117  119  121  119  125  124  127  125  125  128  138  142  141  134  135  139  138  137  128  131  129  129  130   3099
               6 8   133  133  134  134  133  132  133  130  136  139  139  141  144  141  141  140  140  139  138  137  133  136  136  131   3273
               6 9   136  135  137  136  135  135  131  137  137  137  139  140  140  141  140  139  140  138  138  137  137  132  133  129   3279
               610   118  117  117  117  116  116  117  120  123  124  126  128  129  130  131  130  130  135  136  141  142  137  142  138   3060
               611   135  133  123  126  130  128  127  126  132  131  142  150  150  147  141  146  148  137  135  140  139  131  131  144   3272
               612   140  135  131  128  126  126  128  130  135  137  138  141  143  141  139  138  137  134  131  130  130  129  128  128   3203
               613   128  128  129  129  136  128  145  146  139  143  140  139  139  142  145  145  144  143  142  141  140  140  140  141   3332
               614   142  143  143  145  146  145  143  143  144  144  144  145  144  145  145  145  144  144  144  144  144  145  145  145   3461
               615   145  145  140  144  142  145  141  142  141  138  136  139  141  147  142  144  146  147  147  153  156  155  155  153   3484
               616   152  153  152  154  155  156  157  157  157  157  158  158  157  156  154  152  154  158  154  144  149  143  145  140   3672
               617   143  134  133  137  137  145  143  138  141  140  142  142  142  142  143  142  142  140  141  140  139  139  138  138   3361
               618   140  147  152  152  141  141  145  144  148  150  152  154  153  157  158  154  152  150  148  148  148  148  148  148   3578
               619   148  148  149  149  150  153  155  150  151  151  152  150  155  154  154  152  145  144  142  147  146  150  146  152   3593
               620   152  151  153  153  146  150  153  147  151  148  152  158  154  151  151  151  150  151  151  152  149  147  147  150   3618
               621   147  147  147  148  147  148  145  145  148  150  150  148  152  153  146  145  145  148  148  148  148  148  149  148   3548
               622   148  145  141  144  144  147  146  149  151  150  151  151  152  150  147  149  150  145  149  154  153  140  139  145   3540
               623   137  148  150  153  154  152  151  154  155  154  155  157  155  153  152  151  149  145  142  138  140  141  147  146   3579
               624   145  137  145  151  151  146  134  140  134  140  144  140  139  140  135  134  135  134  134  132  132  132  131  131   3316
               625   131  132  131  132  131  132  133  134  135  137  142  145  148  149  149  150  147  144  141  141  141  141  139  136   3341
               626   134  135  135  141  141  149  149  151  151  152  154  157  157  156  156  156  156  155  154  153  153  154  154  153   3606
               627   154  155  155  154  157  158  158  158  158  156  160  161  160  159  162  158  156  156  153  153  154  156  156  155   3762
               628   157  159  158  157  158  158  159  160  160  159  160  162  162  163  157  159  161  159  161  158  154  153  154  154   3802
               629   152  149  151  151  153  155  156  156  157  158  160  159  159  154  154  159  158  156  156  156  155  155  154  155   3728
               630   155  155  155  155  154  154  155  155  154  154  153  153  153  154  152  154  151  150  145  141  144  144  139  141   3620
              ------------------------------------------------------------------------------------------------------------------------------------
              TOTAL 4086 4067 4058 4090 4075 4106 4119 4150 4178 4206 4250 4276 4293 4292 4256 4257 4248 4223 4197 4176 4179 4151 4140 4144 100217
              MEAN   136  136  135  136  136  137  137  138  139  140  142  143  143  143  142  142  142  141  140  139  139  138  138  138   3341
              MAX    157  159  158  157  158  158  159  160  160  159  160  162  162  163  162  159  161  159  161  158  156  156  156  155   3802
                N     30   30   30   30   30   30   30   30   30   30   30   30   30   30   30   30   30   30   30   30   30   30   30   30     30
              NOTE                                                                                                                                
                                                                                                                                                  
                   *): WITH MISSING DATA; TOTAL,MEAN,MAXIMUM ESTIMATED                                                                            
                                                                                                                                                  
                                                                                                                                                  
                                                                                                                                                  
