                                                                                                                                                  
                                                                                                                                                  
                                                                *******************************                                                   
                                                                  DOWNWARD LONGWAVE RADIATION                                                     
                                                                *******************************                                                   
                                                                                                                  COUNTRY = JAPAN                 
                                                                                                                                                  
                                                                                                                                                  
                                                                     UNIT  = 0.01 MJ/m**2                                                         
                        STATION    : Tateno                                                                                                       
                        STATION NO.: 47646                                                                                                        
                        LOCATION   : 140ﾟ08' E                                                                                                    
                                      36ﾟ03' N                                                                                                    
                        ALTITUDE   :   25.2  m                                                                                                    
                        YEAR/MONTH : 2011/06                                                                                                      
                                                                                                                                                  
              DATE   -01  -02  -03  -04  -05  -06  -07  -08  -09  -10  -11  -12  -13  -14  -15  -16  -17  -18  -19  -20  -21  -22  -23  -24  TOTAL
                                                                                                                                                  
               6 1   126  120  121  127  127  121  120  114  123  129  128  134  134  135  135  134  133  133  133  133  133  133  134  134   3094
               6 2   133  134  135  135  135  135  136  136  137  137  138  138  139  140  141  141  140  140  138  137  139  140  140  141   3305
               6 3   141  141  129  134  127  140  135  132  127  128  131  132  132  132  134  136  135  131  130  128  125  124  124  124   3152
               6 4   124  136  137  124  140  129  123  132  134  133  133  131  128  127  125  129  128  128  127  128  134  137  130  128   3125
               6 5   127  126  125  126  126  128  130  131  135  136  139  141  148  144  143  142  143  144  144  148  148  146  143  141   3304
               6 6   139  131  125  119  119  118  120  122  124  126  128  130  130  130  130  130  132  131  131  131  130  132  130  129   3067
               6 7   125  126  129  129  129  130  131  136  137  139  143  145  145  139  132  132  133  129  129  130  129  126  121  120   3164
               6 8   120  126  141  142  142  142  142  142  144  144  145  146  146  146  141  135  128  127  128  124  124  122  121  118   3236
               6 9   117  116  117  122  124  123  123  123  129  128  130  135  136  140  150  140  136  135  137  131  132  134  134  131   3123
               610   144  144  138  142  142  147  147  148  149  147  146  151  149  150  152  148  147  147  147  143  144  152  148  148   3520
               611   147  147  149  150  150  150  150  151  151  151  152  151  150  148  149  143  144  151  147  143  144  146  145  145   3554
               612   145  145  144  143  141  143  138  140  141  142  145  146  146  146  146  145  145  142  144  144  145  146  147  146   3455
               613   147  148  146  145  146  146  146  146  146  145  145  149  146  147  147  140  138  137  133  137  136  141  141  136   3434
               614   129  137  140  134  139  145  146  146  145  141  140  141  133  133  130  131  133  134  134  134  135  142  144  141   3307
               615   135  138  136  138  141  140  140  141  140  138  141  136  132  132  133  132  131  130  131  126  122  121  121  123   3198
               616   127  135  140  140  137  137  142  138  136  145  144  150  145  147  144  145  145  145  144  146  145  144  142  144   3407
               617   144  144  144  144  144  145  146  147  147  147  147  147  148  147  147  147  146  145  144  145  144  144  143  142   3488
               618   143  143  143  143  142  143  144  144  145  146  147  148  148  146  148  148  147  147  147  147  146  145  143  144   3487
               619   146  145  146  146  146  146  144  142  147  146  147  149  150  146  143  142  144  139  136  137  135  134  135  136   3427
               620   136  136  148  144  143  144  146  145  152  154  155  151  150  146  147  151  150  150  146  140  141  144  147  146   3512
               621   144  142  145  144  146  149  149  149  142  144  152  144  146  146  145  144  144  147  152  153  146  136  135  133   3477
               622   132  132  132  131  130  139  130  132  134  138  141  144  145  145  147  145  143  147  148  144  145  146  148  154   3372
               623   151  151  152  151  152  152  153  152  152  153  153  153  153  154  156  152  152  150  149  148  147  146  145  144   3621
               624   142  143  143  143  143  143  144  145  147  149  151  152  153  153  155  153  151  149  146  145  145  145  143  143   3526
               625   144  146  145  150  145  138  139  141  152  155  155  154  154  153  151  150  145  147  140  144  148  147  148  147   3538
               626   147  147  147  147  146  146  147  148  148  149  150  150  150  150  150  150  150  149  149  149  149  149  149  148   3564
               627   148  148  149  149  149  149  149  149  150  151  152  152  152  152  153  153  153  153  153  152  152  153  153  153   3627
               628   151  146  147  146  145  147  150  150  151  148  150  152  153  153  154  152  153  152  150  149  148  147  146  146   3586
               629   145  144  148  147  145  144  145  148  151  153  154  154  154  152  151  152  155  153  149  153  155  156  159  152   3619
               630   155  151  152  152  146  148  150  152  154  157  157  158  161  164  162  160  155  148  145  145  148  154  155  153   3682
              ------------------------------------------------------------------------------------------------------------------------------------
              TOTAL 4154 4168 4193 4187 4187 4207 4205 4222 4270 4299 4339 4364 4356 4343 4341 4302 4279 4260 4231 4214 4214 4232 4214 4190 101971
              MEAN   138  139  140  140  140  140  140  141  142  143  145  145  145  145  145  143  143  142  141  140  140  141  140  140   3399
              MAX    155  151  152  152  152  152  153  152  154  157  157  158  161  164  162  160  155  153  153  153  155  156  159  154   3682
                N     30   30   30   30   30   30   30   30   30   30   30   30   30   30   30   30   30   30   30   30   30   30   30   30     30
              NOTE                                                                                                                                
                                                                                                                                                  
                   *): WITH MISSING DATA; TOTAL,MEAN,MAXIMUM ESTIMATED                                                                            
                                                                                                                                                  
                                                                                                                                                  
                                                                                                                                                  
