                                                                                                                                                  
                                                                                                                                                  
                                                                *******************************                                                   
                                                                  DOWNWARD LONGWAVE RADIATION                                                     
                                                                *******************************                                                   
                                                                                                                  COUNTRY = JAPAN                 
                                                                                                                                                  
                                                                                                                                                  
                                                                     UNIT  = 0.01 MJ/m**2                                                         
                        STATION    : Tateno                                                                                                       
                        STATION NO.: 47646                                                                                                        
                        LOCATION   : 140ﾟ08' E                                                                                                    
                                      36ﾟ03' N                                                                                                    
                        ALTITUDE   :   25.2  m                                                                                                    
                        YEAR/MONTH : 2011/01                                                                                                      
                                                                                                                                                  
              DATE   -01  -02  -03  -04  -05  -06  -07  -08  -09  -10  -11  -12  -13  -14  -15  -16  -17  -18  -19  -20  -21  -22  -23  -24  TOTAL
                                                                                                                                                  
               1 1    85   84   84   83   83   83   85   90   91   89   90   92   95  112  109  110  106   90   89   91   92   89   92   92   2206
               1 2    98  109  107  103   94   88   96   88   88   89   91   93   92   91   90   90   90   89   89   89   90   88   88   87   2217
               1 3    85   85   85   87   83   83   84   87   84   86   88   90   92   93   93   93   92   91   90   89   89   93   97   96   2135
               1 4    96   97   95  103  107   94   87   86   85   86   89   89   90   90   90   90   90  105   96   87   86   86   85   84   2193
               1 5    83   83   83   83   82   82   82   81   82   83   86   88   89   91   93   97  100  101  102   95   93   92   93   92   2136
               1 6    89   90   92   89   99  106  102   96   94   85   86   87   87   87   86   86   86   87   85   80   80   79   78   78   2114
               1 7    78   78   78   77   77   77   77   77   78   79   80   81   81   82   82   81   81   80   80   80   79   79   79   78   1899
               1 8    78   78   78   78   78   78   78   78   80   81   83   85   86   86   86   87   87   88   90   91   90   89   88   86   2007
               1 9    86   83   82   82   82   83   83   83   86   88   91   92   93   94   95   95  101   97   92   92   91   89  106  106   2172
               110    94   86   82   78   77   77   77   77   78   79   80   80   80   81   80   80   80   79   79   78   78   77   77   76   1910
               111    77   77   77   77   78   85   89   83   87   84   85   83   87   85   84   87   87   88   90   87  101  108  107  106   2099
               112   102  109  107  100  106   98   83   83   87   85   86   87   87   88   88   89   91   87   86   84   82   82   81   79   2157
               113    78   78   78   77   77   78   78   78   79   80   82   82   83   83   83   83   83   85   83   80   80   88   94   92   1962
               114   105  104   85   80   78   78   78   77   78   80   82   83   84   85   86   86   86   85   85   85   85   86   85   85   2031
               115    83   88   87   82   82   81   84   83   88   93   95   98  104  104   95   94   93  109  108   95  106  112  109  110   2283
               116   109   86  102  110   83  100  107   98   88   80   79   80   80   78   78   78   77   77   77   77   77   77   77   81   2056
               117    77   78   78   78   78   78   78   79   80   82   84   85   86   87   87   86   85   84   83   82   82   81   81   81   1960
               118    81   81   81   81   81   81   80   80   81   83   85   87   88   89   89   89   89   89   87   87   86   90  101   94   2060
               119    85   85   83   82   80   79   79   79   81   83   86   88   89   89   90   90   91  103  107   99   88   87   85   85   2093
               120    84   83   82   80   79   79   78   78   80   82   85   85   86   87   88   88   86   85   83   83   82   81   81   80   1985
               121    80   80   81   82   79   80   79   78   80   82   83   84   85   85   85   85   85   85   84   84   85   87   93   93   2004
               122    92  102  104  106  101   81   80   81   82   83   85   87   88   89   90   91   99   97   90   91   99   91   85   84   2178
               123    82   81   81   80   80   80   80   80   81   84   86   88   88   90   91   98  106  110  111  112  113  114  114  115   2245
               124   112  111  113  113  114  114  111  112  110  107  114  115  105  101  100   98   94  105  109  104  113  111  102  103   2591
               125   110  111   93   85   83   81   81   80   81   82   84   85   86   89  104   87   85   84   84   85   86   90   91   90   2117
               126    83   80   80   80   79   78   78   78   79   82   83   85   87   88   89   90   97  108  114   97   91   85   83   82   2076
               127    80   79   78   78   79   80   79   79   81   83   84   85   87   88   95  101   99  105  106  104  105   98   83   79   2115
               128    78   78   78   78   78   78   78   79   80   80   81   82   83   83   82   82   82   82   81   82   84   89   88   86   1952
               129    97   92  106  106  104  106   92  102  100   85   87   98  101   93   92   95   92   88   87   86   86   86   84   85   2250
               130    98   81   79   78   78   77   78   77   77   78   79   81   81   91   83   91   91   98   81   79   77   76   76   75   1960
               131    75   74   74   73   73   72   72   73   74   77   79   79   80   83   83   82   81   80   80   79   79   79   79   80   1860
              ------------------------------------------------------------------------------------------------------------------------------------
              TOTAL 2740 2711 2693 2669 2632 2615 2593 2580 2600 2600 2658 2704 2730 2762 2766 2779 2792 2841 2808 2734 2755 2759 2762 2740  65023
              MEAN    88   87   87   86   85   84   84   83   84   84   86   87   88   89   89   90   90   92   91   88   89   89   89   88   2098
              MAX    112  111  113  113  114  114  111  112  110  107  114  115  105  112  109  110  106  110  114  112  113  114  114  115   2591
                N     31   31   31   31   31   31   31   31   31   31   31   31   31   31   31   31   31   31   31   31   31   31   31   31     31
              NOTE                                                                                                                                
                                                                                                                                                  
                   *): WITH MISSING DATA; TOTAL,MEAN,MAXIMUM ESTIMATED                                                                            
                                                                                                                                                  
                                                                                                                                                  
