                                                                                                                                                  
                                                                                                                                                  
                                                                *******************************                                                   
                                                                  DOWNWARD LONGWAVE RADIATION                                                     
                                                                *******************************                                                   
                                                                                                                  COUNTRY = JAPAN                 
                                                                                                                                                  
                                                                                                                                                  
                                                                     UNIT  = 0.01 MJ/m**2                                                         
                        STATION    : Tateno                                                                                                       
                        STATION NO.: 47646                                                                                                        
                        LOCATION   : 140ﾟ08' E                                                                                                    
                                      36ﾟ03' N                                                                                                    
                        ALTITUDE   :   25.2  m                                                                                                    
                        YEAR/MONTH : 2011/07                                                                                                      
                                                                                                                                                  
              DATE   -01  -02  -03  -04  -05  -06  -07  -08  -09  -10  -11  -12  -13  -14  -15  -16  -17  -18  -19  -20  -21  -22  -23  -24  TOTAL
                                                                                                                                                  
               7 1   151  150  148  149  147  148  150  149  148  157  157  152  157  155  156  157  159  155  155  155  153  155  157  156   3676
               7 2   156  156  156  156  156  157  156  156  156  158  158  159  159  157  158  157  155  154  156  152  155  154  147  145   3729
               7 3   145  150  142  151  143  139  143  156  156  153  153  162  164  158  156  162  157  153  151  148  146  146  146  146   3626
               7 4   151  146  148  148  147  148  149  149  151  154  152  152  154  152  151  150  150  149  149  152  153  155  153  157   3620
               7 5   157  156  152  150  151  145  147  148  156  156  156  157  154  154  154  159  155  149  153  144  142  141  140  139   3615
               7 6   137  138  138  137  135  134  135  138  142  144  147  146  146  145  145  146  141  139  140  145  146  147  151  150   3412
               7 7   150  149  151  152  153  149  150  153  156  158  158  158  161  159  156  154  157  154  153  153  152  152  152  153   3693
               7 8   156  156  157  157  156  156  155  155  155  157  159  161  161  162  160  159  158  157  156  156  155  155  155  155   3769
               7 9   154  154  154  154  154  154  153  156  158  162  164  160  161  159  157  157  158  154  151  149  148  147  148  148   3714
               710   147  146  145  145  144  144  145  148  150  152  155  156  156  155  154  152  155  152  152  149  148  147  146  145   3588
               711   144  142  142  142  141  142  143  145  146  149  152  156  156  153  154  155  153  151  149  146  143  142  140  141   3527
               712   145  146  151  145  150  152  143  152  154  155  159  157  155  156  154  151  150  148  145  143  143  143  143  143   3583
               713   143  141  140  140  140  148  158  157  161  163  164  159  157  156  153  151  148  146  144  143  143  143  142  141   3581
               714   141  140  139  139  138  139  141  144  148  149  151  155  155  153  151  150  149  147  146  145  145  144  142  141   3492
               715   140  139  138  137  136  137  138  140  142  145  147  149  152  153  151  150  149  148  149  148  147  147  146  146   3474
               716   145  144  143  142  142  141  141  143  146  146  148  150  149  150  149  151  149  146  143  140  141  142  142  141   3474
               717   141  139  138  138  137  138  139  140  143  146  148  152  155  154  153  151  149  148  148  146  145  145  145  144   3482
               718   144  144  144  144  144  145  147  150  152  155  157  159  162  161  163  163  161  159  159  158  157  157  157  156   3698
               719   155  155  153  157  157  156  157  158  158  158  156  160  159  162  160  159  161  159  160  160  160  155  154  155   3784
               720   155  157  156  151  155  156  155  158  160  162  163  163  163  164  162  160  157  154  153  152  153  153  153  153   3768
               721   152  151  150  150  149  148  147  146  146  146  145  146  145  144  141  137  133  131  134  131  133  133  135  124   3397
               722   118  124  124  126  119  131  135  130  131  140  144  144  145  139  143  135  133  134  130  136  121  118  117  116   3133
               723   116  117  123  141  143  144  144  146  145  151  152  154  155  155  155  156  157  153  143  142  152  152  138  138   3472
               724   135  134  133  132  132  133  134  137  140  147  154  159  154  152  153  153  157  154  148  143  142  140  139  141   3446
               725   143  144  141  140  140  138  140  148  154  154  153  153  152  150  148  147  145  146  147  146  143  143  143  143   3501
               726   143  143  141  140  140  147  147  147  151  154  155  154  154  154  153  150  148  147  147  143  143  143  144  152   3540
               727   152  149  147  149  148  152  154  156  155  156  156  162  158  154  156  158  157  156  155  155  153  155  156  156   3705
               728   156  157  156  154  152  155  156  156  156  156  155  151  158  155  156  157  157  157  157  156  154  154  152  152   3725
               729   151  152  153  152  151  153  154  152  155  156  157  158  156  155  154  154  154  156  156  154  154  153  151  153   3694
               730   153  151  152  151  152  150  150  153  156  152  152  155  156  157  158  154  150  145  146  151  153  156  154  154   3661
               731   151  153  152  150  151  152  151  152  152  152  153  154  154  154  154  151  152  152  151  150  145  148  151  151   3636
              ------------------------------------------------------------------------------------------------------------------------------------
              TOTAL 4527 4523 4507 4519 4503 4531 4557 4618 4679 4743 4780 4813 4823 4787 4768 4746 4714 4653 4626 4591 4568 4565 4539 4535 111215
              MEAN   146  146  145  146  145  146  147  149  151  153  154  155  156  154  154  153  152  150  149  148  147  147  146  146   3588
              MAX    157  157  157  157  157  157  158  158  161  163  164  163  164  164  163  163  161  159  160  160  160  157  157  157   3784
                N     31   31   31   31   31   31   31   31   31   31   31   31   31   31   31   31   31   31   31   31   31   31   31   31     31
              NOTE                                                                                                                                
                                                                                                                                                  
                   *): WITH MISSING DATA; TOTAL,MEAN,MAXIMUM ESTIMATED                                                                            
                                                                                                                                                  
                                                                                                                                                  
