                                                                                                                                                  
                                                                                                                                                  
                                                                *******************************                                                   
                                                                  DOWNWARD LONGWAVE RADIATION                                                     
                                                                *******************************                                                   
                                                                                                                  COUNTRY = JAPAN                 
                                                                                                                                                  
                                                                                                                                                  
                                                                     UNIT  = 0.01 MJ/m**2                                                         
                        STATION    : Tateno                                                                                                       
                        STATION NO.: 47646                                                                                                        
                        LOCATION   : 140ﾟ08' E                                                                                                    
                                      36ﾟ03' N                                                                                                    
                        ALTITUDE   :   25.2  m                                                                                                    
                        YEAR/MONTH : 2011/10                                                                                                      
                                                                                                                                                  
              DATE   -01  -02  -03  -04  -05  -06  -07  -08  -09  -10  -11  -12  -13  -14  -15  -16  -17  -18  -19  -20  -21  -22  -23  -24  TOTAL
                                                                                                                                                  
              10 1   148  147  143  144  143  141  145  144  143  142  142  142  140  137  136  137  126  136  137  139  136  137  136  137   3358
              10 2   137  136  136  136  136  135  135  135  135  136  136  137  135  136  131  136  133  137  138  138  136  132  132  129   3243
              10 3   130  128  130  127  125  124  121  119  115  111  110  110  112  111  110  111  111  114  112  111  108  111  113  115   2789
              10 4   123  119  117  110  105  102  102  103  105  108  109  111  113  115  115  115  114  113  112  112  118  134  130  131   2736
              10 5   135  136  136  137  137  137  136  137  139  140  141  141  140  140  142  143  143  143  142  142  144  144  145  145   3365
              10 6   146  145  145  144  144  144  143  143  138  143  138  132  131  132  134  131  127  127  137  136  140  143  142  141   3326
              10 7   144  135  127  127  127  119  112  110  111  113  115  116  115  116  117  115  115  112  109  108  108  109  109  107   2796
              10 8   106  106  105  105  106  106  107  110  111  120  124  118  117  117  117  120  121  115  118  116  122  133  134  137   2791
              10 9   134  134  133  133  130  129  128  121  130  134  132  130  124  128  127  127  134  133  125  124  127  137  140  140   3134
              1010   140  141  141  141  139  142  143  143  141  139  125  127  129  128  128  130  127  125  124  127  127  123  121  121   3172
              1011   122  120  119  121  120  119  119  120  120  121  125  128  129  134  134  133  132  133  128  126  129  124  131  123   3010
              1012   129  131  125  124  126  121  121  129  125  130  129  131  122  121  124  122  123  119  117  117  119  127  133  131   2996
              1013   131  133  132  133  134  132  126  122  124  134  134  135  137  137  138  141  139  136  127  127  125  126  124  122   3149
              1014   122  121  120  119  119  118  122  119  128  136  129  134  138  144  147  145  144  143  142  149  148  148  149  149   3233
              1015   145  147  146  145  146  149  151  153  154  155  153  154  153  152  149  150  150  153  153  150  151  148  146  146   3599
              1016   148  148  147  150  151  149  148  150  149  150  142  142  142  145  142  138  127  124  123  123  125  124  131  136   3354
              1017   130  125  124  122  122  121  126  131  133  133  137  134  132  132  135  138  138  136  133  133  134  133  128  134   3144
              1018   135  134  138  136  136  138  134  136  134  133  134  128  119  120  116  116  115  113  113  113  112  111  111  110   2985
              1019   110  111  111  111  111  113  114  118  121  123  124  126  125  125  124  125  124  124  125  124  132  135  134  132   2922
              1020   133  134  134  134  134  132  131  133  135  129  131  135  131  127  127  127  125  124  122  120  122  122  124  120   3086
              1021   122  123  124  122  122  122  121  123  131  134  137  140  143  143  143  143  143  143  143  143  143  144  144  143   3239
              1022   143  143  143  143  145  145  146  147  147  148  150  151  150  147  147  144  144  142  149  145  143  143  144  146   3495
              1023   149  148  143  144  144  142  143  142  147  150  149  145  141  142  139  136  136  144  138  137  141  140  139  141   3420
              1024   134  126  123  125  128  135  125  125  141  142  145  144  139  145  145  143  143  137  142  143  142  139  144  142   3297
              1025   143  144  144  144  143  138  144  144  134  141  141  131  133  135  134  136  142  142  144  146  142  141  138  136   3360
              1026   133  129  128  118  111  111  108  106  106  109  109  109  109  109  108  108  108  107  104  103  101   99   98   97   2628
              1027    97   96   96   96   96   96   96   97   99  101  102  103  105  105  106  105  105  105  104  104  104  105  105  104   2432
              1028   102  101  101  101  101  100  100  103  103  106  108  110  112  112  113  110  110  108  107  107  107  107  107  106   2542
              1029   105  105  103  102  102  101   99  101  103  107  110  113  114  114  113  112  110  110  111  110  113  116  111  112   2597
              1030   112  124  119  117  120  121  125  125  116  114  120  129  131  137  138  138  140  138  137  138  139  139  139  139   3095
              1031   137  137  138  138  136  130  129  130  131  123  123  119  118  120  121  123  121  117  114  112  110  110  108  107   2952
              ------------------------------------------------------------------------------------------------------------------------------------
              TOTAL 4025 4007 3971 3949 3939 3912 3900 3919 3949 4005 4004 4005 3979 4006 4000 3998 3970 3953 3930 3923 3948 3984 3990 3979  95245
              MEAN   130  129  128  127  127  126  126  126  127  129  129  129  128  129  129  129  128  128  127  127  127  129  129  128   3072
              MAX    149  148  147  150  151  149  151  153  154  155  153  154  153  152  149  150  150  153  153  150  151  148  149  149   3599
                N     31   31   31   31   31   31   31   31   31   31   31   31   31   31   31   31   31   31   31   31   31   31   31   31     31
              NOTE                                                                                                                                
                                                                                                                                                  
                   *): WITH MISSING DATA; TOTAL,MEAN,MAXIMUM ESTIMATED                                                                            
                                                                                                                                                  
                                                                                                                                                  
