                                                                                                                                                  
                                                                                                                                                  
                                                                *******************************                                                   
                                                                  DOWNWARD LONGWAVE RADIATION                                                     
                                                                *******************************                                                   
                                                                                                                  COUNTRY = JAPAN                 
                                                                                                                                                  
                                                                                                                                                  
                                                                     UNIT  = 0.01 MJ/m**2                                                         
                        STATION    : Tateno                                                                                                       
                        STATION NO.: 47646                                                                                                        
                        LOCATION   : 140ﾟ08' E                                                                                                    
                                      36ﾟ03' N                                                                                                    
                        ALTITUDE   :   25.2  m                                                                                                    
                        YEAR/MONTH : 2011/11                                                                                                      
                                                                                                                                                  
              DATE   -01  -02  -03  -04  -05  -06  -07  -08  -09  -10  -11  -12  -13  -14  -15  -16  -17  -18  -19  -20  -21  -22  -23  -24  TOTAL
                                                                                                                                                  
              11 1   106  104  104  104  103  101  100  101  102  104  106  107  109  110  109  109  108  106  106  106  106  107  107  106   2531
              11 2   105  104  104  103  102  102  102  104  106  110  115  117  117  120  120  123  124  123  121  126  126  129  127  130   2760
              11 3   130  129  127  124  122  126  126  126  125  127  130  132  135  131  134  126  121  122  121  117  117  115  113  113   2989
              11 4   113  113  113  114  118  130  119  113  120  122  135  134  135  131  125  120  119  118  118  128  118  117  117  116   2906
              11 5   115  115  115  114  115  114  113  114  120  133  142  139  137  145  145  141  141  141  142  141  141  141  140  138   3142
              11 6   138  142  140  139  141  142  141  142  143  143  144  144  145  145  144  143  142  142  142  141  141  142  142  140   3408
              11 7   138  125  136  140  137  139  139  130  118  122  129  125  130  123  121  118  119  120  120  125  136  126  133  135   3084
              11 8   136  135  136  134  133  132  131  131  127  129  126  121  121  115  112  113  113  109  112  110  107  104  104  108   2899
              11 9   118  116  111  110  104  100  106  101  104  109  110  112  107  108  110  112  111  112  112  114  117  113  119  119   2655
              1110   116  114  114  117  117  113  120  118  114  113  116  117  119  114  108  112  109  107  105  104  109  114  120  117   2727
              1111   122  126  128  129  128  127  127  127  129  131  130  129  130  129  131  132  132  133  134  134  135  135  134  134   3126
              1112   133  134  134  128  129  134  132  132  127  116  121  127  127  125  124  119  124  122  115  113  113  112  111  111   2963
              1113   110  113  129  127  115  116  122  114  111  114  118  123  125  125  120  117  117  121  118  117  119  120  117  113   2841
              1114   122  125  116  113  117  112  125  128  124  123  127  122  123  119  121  124  120  127  128  131  132  130  127  121   2957
              1115   125  121  115  106  114  125  126  120  112  109  106  106  104  104  105  105  104  113  104  101  100   98   96   95   2614
              1116    93   93   92   92   91   91   90   91   92   94   95   96   97   97   98   99  103  101  100  119  119  113  100   98   2354
              1117    96   96   96   94   92   93   92   92   94   97   98   99  100  101  101  100  100   98   98   98  100  120  117  115   2387
              1118   116  119  124  124  124  125  126  127  128  128  129  130  131  132  132  131  121  118  126  126  114  114  116  117   2978
              1119   119  121  121  123  125  128  130  130  133  133  136  137  138  140  141  144  146  148  150  142  138  139  140  141   3243
              1120   138  129  130  130  130  134  136  138  134  131  136  131  124  132  136  126  134  134  127  108  105  103  101  101   3028
              1121    99   97   96   96  103  103   98   95   97   94   96   96   97   98  102  111  112  105   98   94   92   91   91   90   2351
              1122    89   89   89   88   87   87   87   87   89   91   92   95   96   97   97   97   96   96   95   95   96  100  108  108   2251
              1123   113  121  120  123  124  123  120  112  101  111  103  105  108  108  112  109  109  114  128  128  125  127  128  130   2802
              1124   132  128  128  111  104   99   98   98  101  102  103  103  103  102  102  104  107  105  100   95   94   93   93   93   2498
              1125    92   92   92   91   91   91   90   90   91   93   95   96   97   98   98   98   96   95   95   93   92   91   90   90   2237
              1126    89   89   88   88   87   87   88   88   90   92   94   95   97   97   98   97   99  108  114  111  119  121  111  107   2354
              1127   111  114  108  104   99   99   98   98  100   99  101  105  108  109  110  113  113  111  109  103   99   98   98   97   2504
              1128   101  106  103  106  106  108  109  110  109  111  113  115  118  118  118  119  119  119  120  120  120  119  119  120   2726
              1129   119  121  120  121  122  119  117  115  115  117  118  126  121  122  126  123  122  121  118  117  116  113  113  112   2854
              1130   112  107  109  116  108  104  103  104  108  109  112  111  112  113  117  115  111  128  131  130  130  129  128  128   2775
              ------------------------------------------------------------------------------------------------------------------------------------
              TOTAL 3446 3438 3438 3409 3388 3404 3411 3376 3364 3407 3476 3495 3511 3508 3517 3500 3492 3517 3507 3487 3476 3474 3460 3443  82944
              MEAN   115  115  115  114  113  113  114  113  112  114  116  117  117  117  117  117  116  117  117  116  116  116  115  115   2765
              MAX    138  142  140  140  141  142  141  142  143  143  144  144  145  145  145  144  146  148  150  142  141  142  142  141   3408
                N     30   30   30   30   30   30   30   30   30   30   30   30   30   30   30   30   30   30   30   30   30   30   30   30     30
              NOTE                                                                                                                                
                                                                                                                                                  
                   *): WITH MISSING DATA; TOTAL,MEAN,MAXIMUM ESTIMATED                                                                            
                                                                                                                                                  
                                                                                                                                                  
                                                                                                                                                  
