                                                                                                                                                  
                                                                                                                                                  
                                                                *******************************                                                   
                                                                  DOWNWARD LONGWAVE RADIATION                                                     
                                                                *******************************                                                   
                                                                                                                  COUNTRY = JAPAN                 
                                                                                                                                                  
                                                                                                                                                  
                                                                     UNIT  = 0.01 MJ/m**2                                                         
                        STATION    : Tateno                                                                                                       
                        STATION NO.: 47646                                                                                                        
                        LOCATION   : 140ﾟ08' E                                                                                                    
                                      36ﾟ03' N                                                                                                    
                        ALTITUDE   :   25.2  m                                                                                                    
                        YEAR/MONTH : 2011/04                                                                                                      
                                                                                                                                                  
              DATE   -01  -02  -03  -04  -05  -06  -07  -08  -09  -10  -11  -12  -13  -14  -15  -16  -17  -18  -19  -20  -21  -22  -23  -24  TOTAL
                                                                                                                                                  
               4 1    88   88   87   87   86   85   86   88   90   93   94   95   98  100   96   98   99   99   99  100  100   99   98   98   2251
               4 2    98   97   96   95   96   95   99  105  106  113  111  114  119  110  106  107  110  111  108  112  108  107  109  115   2547
               4 3   116  111  104  107  108  109  114  115  115  114  115  117  118  119  118  119  108  103   96  104   97   98   96   97   2618
               4 4   107  110  113  101  107  107   94  101   90   91   99  104  104  107  107  100   95   92   90   89   87   85   84   82   2346
               4 5    81   81   81   81   81   81   82   84   86   88   91   94   96   97   98   99   99   99   96   95   94   93   92   91   2160
               4 6    91   91   91   90   88   87   87   89   93   96   98  100  101  101  102  102  100  101  100   99   98   97   97   97   2296
               4 7    97   98  100  101  103  103  108  109  110  115  118  122  119  112  116  118  110  109  116  113  108  107  107  107   2626
               4 8   107  107  107  107  110  110  112  113  112  117  122  128  129  131  129  130  130  130  126  128  121  114  113  122   2855
               4 9   129  125  127  133  134  135  135  134  135  137  139  139  140  140  141  142  139  138  138  135  134  133  131  131   3244
               410   130  129  127  125  125  116  108  114  120  104  108  112  116  124  123  112  114  113  114  122  115  116  116  109   2812
               411   104  104  103  103  102  101  101  103  107  115  120  123  124  122  125  127  129  129  128  113  123  124  122  120   2772
               412   117  111  110  107  108   97   89   90   91   91   91   92   93   94   95   95   94   95   95   94   93   93   93   93   2321
               413    93   93   93   93   93   93   93   94   96   98   99  101  104  104  103  104  105  105  104  103  103  102  101  101   2378
               414   100   99   99   98   98   97   98  100  102  105  107  109  112  111  111  111  109  109  107  106  106  106  107  105   2512
               415   104  107  113  108  111  111  114  105  110  112  116  118  118  117  120  122  126  127  128  131  131  130  131  128   2838
               416   135  138  124  129  133  129  123  128  132  136  120  129  126  133  135  132  128  117  110  106  104  102  101   98   2948
               417    97   96   94   92   91   90   91   92   93   95   97   99  101  103  106  109  113  112  111  111  110  110  113  116   2442
               418   122  121  118  121  107  108  115  114  120  118  119  131  131  120  119  129  123  126  118  122  125  126  127  126   2906
               419   126  126  127  128  130  130  130  133  134  133  129  129  129  114  122  126  123  120  119  114  104   92   91   91   2900
               420    91   90   91   91   96  105  102  102   99  105  105  116  112  105  112  106  100   99   99  113  115  120  119  104   2497
               421   120  122  122  122  122  122  122  123  124  126  127  126  129  129  122  114  114  116  129  129  127  129  128  128   2972
               422   131  132  132  132  132  132  132  132  132  128  125  124  129  130  131  132  133  131  129  128  125  123  120  131   3106
               423   133  134  134  134  134  137  139  138  138  139  140  139  136  140  140  140  140  141  136  132  132  139  140  140   3295
               424   141  136  134  116  120  106  105  103  104  105  107  107  116  126  126  115  129  130  128  121  123  108  100   99   2805
               425    99  100   99  100  100   98  100  102  107  111  111  117  124  128  111  104  103  102  114  106  102   99   98   97   2532
               426    97   98   99  102  103  103   98  100  105  112  117  113  123  119  122  129  119  122  124  119  114  114  118  120   2690
               427   122  118  113  110  110  110  111  113  119  121  121  121  122  124  127  127  128  128  128  138  129  130  142  142   2954
               428   141  142  142  143  143  139  136  140  143  128  138  132  131  127  134  137  124  117  120  120  107  104  105  111   3104
               429   120  124  114  111  117  121  121  122  113  111  124  123  116  112  119  126  116  113  125  111  111  107  105  104   2786
               430   106  104  103  103  103  103  104  107  114  120  122  126  128  126  124  128  129  129  128  123  121  121  123  124   2819
              ------------------------------------------------------------------------------------------------------------------------------------
              TOTAL 3343 3332 3297 3270 3291 3260 3249 3293 3340 3377 3430 3500 3544 3525 3540 3540 3489 3463 3463 3437 3367 3328 3327 3327  81332
              MEAN   111  111  110  109  110  109  108  110  111  113  114  117  118  118  118  118  116  115  115  115  112  111  111  111   2711
              MAX    141  142  142  143  143  139  139  140  143  139  140  139  140  140  141  142  140  141  138  138  134  139  142  142   3295
                N     30   30   30   30   30   30   30   30   30   30   30   30   30   30   30   30   30   30   30   30   30   30   30   30     30
              NOTE                                                                                                                                
                                                                                                                                                  
                   *): WITH MISSING DATA; TOTAL,MEAN,MAXIMUM ESTIMATED                                                                            
                                                                                                                                                  
                                                                                                                                                  
                                                                                                                                                  
