                                                                                                                                                  
                                                                                                                                                  
                                                                *******************************                                                   
                                                                  DOWNWARD LONGWAVE RADIATION                                                     
                                                                *******************************                                                   
                                                                                                                  COUNTRY = JAPAN                 
                                                                                                                                                  
                                                                                                                                                  
                                                                     UNIT  = 0.01 MJ/m**2                                                         
                        STATION    : Tateno                                                                                                       
                        STATION NO.: 47646                                                                                                        
                        LOCATION   : 140ﾟ08' E                                                                                                    
                                      36ﾟ03' N                                                                                                    
                        ALTITUDE   :   25.2  m                                                                                                    
                        YEAR/MONTH : 2011/02                                                                                                      
                                                                                                                                                  
              DATE   -01  -02  -03  -04  -05  -06  -07  -08  -09  -10  -11  -12  -13  -14  -15  -16  -17  -18  -19  -20  -21  -22  -23  -24  TOTAL
                                                                                                                                                  
               2 1    80   80   79   79   79   79   78   79   81   84   86   88   90   95   92   90   88   87   85   85   84   84   85   84   2021
               2 2    83   81   80   80   79   79   79   82   85   89   92   99  102  114  108  103  108  104  114  113  111  104   95   96   2280
               2 3    89   87   86   85   84   84   83   83   85   86   88   89   91   92   93   93   92   91   90   90   90   92   96  110   2149
               2 4   113   98   93   89   88   86   85   85   87   89   91   93   94   95   95   96   95   94   93   92   92   91   90   90   2214
               2 5    89   95   95   91  102   96   94   94   91   97   93   95   97  101  101  106  111  108  101   98  101   94   92   91   2333
               2 6    91   91   91   91   91   90   91   92  102   96   95  101  106  108  113  123  123  123  122  116  123  122  121  120   2542
               2 7   105  110   96   92   91   89   88   88   89   90   93   96   95   94   94   94   92   93   91   90   89   91   97   97   2244
               2 8   100  112  113  113  112  112  113  113  114  114  115  114  116  115  108  113  114  114  117  117  117  116  117  116   2725
               2 9   114  114  114  115  116  116  116  116  115  114  114  106  109  109  107  104   92   92   91   90   88   88   89   85   2514
               210    85   84   85   93   97  106  106  107   98   87   88   89   92   92  105  111  110  109  110  113  109  113  110  113   2412
               211   116  115  116  115  114  114  114  114  113  114  114  115  115  114  114  113  113  113  113  113  113  111  112  112   2730
               212   111  110  109  108  108  102  108   96  101  110  113  114  112  116  116  115  116  115  115  113  104   98  105  104   2619
               213   101   90   87   84   82   81   80   80   81   82   84   83   84   85   85   86   86   86   85   84   83   83   82   82   2026
               214    82   95  106  108  109  110  110  110  111  111  111  115  116  117  117  117  117  116  116  116  115  114  114  114   2667
               215   114  114  114  114  114  114  114  111  109  105  100   91   92  102  112  113  113   99   93   88   91   86   82   80   2465
               216    79   79   79   79   79   79   79   80   82   84   86   89   91   93   94   99  108  109  104  104   98  103  108  106   2191
               217   102  108  111  108  102  107  112  111  111  111  108  110  111  109  119  110  111  108  105  105  113  126  129  131   2678
               218   131  132  132  131  131  132  131  126  125  125  119  113  116  101  100   95   92   90   87   85   85   84   83   82   2628
               219    82   82   82   81   81   80   81   82   84   85   97  113  107   99  110  114  114  111  113  114  116  117  118  117   2380
               220   116  116  118  119  119  120  120  117  118  114  121  124  125  125  125  124  125  124  123  121  118  119  119  119   2889
               221   118  118  117  117  116  114  111  114  110  108  108  104  102   97   92   92   91   90   88   87   87   85   85   84   2435
               222    84   83   84   83   83   83   83   83   87   90   91   92   93   92   92   92   91   90   90   90   88   87   88   88   2107
               223    90   92   90   88   87   86   86   87   89   91   93   94   95   97   96   97   97   99  101  103  117  106  110  108   2299
               224   104  107  113  105  106  100  102  106  111  113  112  123  127  122  129  130  128  121  116  104  105  106  104  106   2700
               225   124  129  113  110  122  123  118  102  101  104  108  109  113  120  115  114  119  122  124  112   99   95   91   87   2674
               226    85   82   82   81   81   81   80   81   82   83   85   86   88   88   89   90   90   89   88   88   87   88   99  111   2084
               227   110  117  106  108  104   90   89   90   92   93   96   99  102  105  107  110  123  123  126  123  120  118  119  119   2589
               228   119  120  120  120  119  119  119  118  117  117  116  116  116  116  116  115  116  116  116  117  117  115  116  116   2812
              ------------------------------------------------------------------------------------------------------------------------------------
              TOTAL 2817 2841 2811 2787 2796 2772 2770 2747 2771 2786 2817 2860 2897 2913 2944 2959 2975 2936 2917 2871 2860 2836 2856 2868  68407
              MEAN   101  101  100  100  100   99   99   98   99  100  101  102  103  104  105  106  106  105  104  103  102  101  102  102   2443
              MAX    131  132  132  131  131  132  131  126  125  125  121  124  127  125  129  130  128  124  126  123  123  126  129  131   2889
                N     28   28   28   28   28   28   28   28   28   28   28   28   28   28   28   28   28   28   28   28   28   28   28   28     28
              NOTE                                                                                                                                
                                                                                                                                                  
                   *): WITH MISSING DATA; TOTAL,MEAN,MAXIMUM ESTIMATED                                                                            
                                                                                                                                                  
                                                                                                                                                  
                                                                                                                                                  
                                                                                                                                                  
                                                                                                                                                  
