                                                                                                                                                  
                                                                                                                                                  
                                                                *******************************                                                   
                                                                  DOWNWARD LONGWAVE RADIATION                                                     
                                                                *******************************                                                   
                                                                                                                  COUNTRY = JAPAN                 
                                                                                                                                                  
                                                                                                                                                  
                                                                     UNIT  = 0.01 MJ/m**2                                                         
                        STATION    : Tateno                                                                                                       
                        STATION NO.: 47646                                                                                                        
                        LOCATION   : 140ﾟ08' E                                                                                                    
                                      36ﾟ03' N                                                                                                    
                        ALTITUDE   :   25.2  m                                                                                                    
                        YEAR/MONTH : 2011/12                                                                                                      
                                                                                                                                                  
              DATE   -01  -02  -03  -04  -05  -06  -07  -08  -09  -10  -11  -12  -13  -14  -15  -16  -17  -18  -19  -20  -21  -22  -23  -24  TOTAL
                                                                                                                                                  
              12 1   126  124  125  123  122  122  122  122  122  121  121  120  118  119  119  119  118  118  118  117  117  118  117  118   2886
              12 2   117  117  117  116  116  116  116  116  116  116  118  118  119  120  120  120  120  121  121  121  121  121  122  123   2848
              12 3   123  124  124  124  126  129  130  132  135  138  139  141  141  134  132  133  131  133  136  137  134  130  134  133   3173
              12 4   129  124  126  127  120   99   96   95   94   95   95   96   96   97   96   96   96   96   95   94   94   95  105  110   2466
              12 5   110   98  104  100   94   93   92   92   93   95   97   99   99   99   98   98   98   98   95   93   92   92   92   91   2312
              12 6    90   92   98  112  111  111  107  112  103  111  114  114  122  123  122  121  121  120  120  120  119  120  120  120   2723
              12 7   120  120  120  115  102  100   94   93   94   98   99   99  110  109  102  101  100  102  102  104  105  114  117  122   2542
              12 8   122  117  123  120  121  123  122  122  123  123  124  123  123  122  122  121  121  121  120  119  119  119  118  118   2906
              12 9   118  118  118  117  117  116  115  115  115  115  114  114  112  106   91   89   87   87   86   85   83   82   81   80   2461
              1210    81   81   81   81   81   81   80   80   81   83   85   87   89   91   92   98   95   93   92   92   98  108   95   88   2113
              1211    87   86   86   85   84   83   83   84   85   89   91   93   94   95   95   96   95   95   94   94   93   92   91   90   2160
              1212    90   90   89   89   89   89   90   89   90   92   94   96   97   98   99   99   99   98   98   99   98   96   96   94   2258
              1213    93   93   92   92   92   91   90   90   90   91   92   93   93   94   94   94   94   93   98   95   95   93   97  103   2242
              1214   104  108  111  109  111  114  117  117  118  119  121  123  124  125  126  126  126  126  126  125  125  118   96   95   2810
              1215    94   92   92   91   90   90   90   91   92   94   96   98   98  100  101  101  101  102  101  101   98   96  108  115   2332
              1216   118  117  120  120  118  116  117  100  102  105  103   95   97  101  102  113  109   94  107   92   87   81   81   80   2475
              1217    81   81   81   81   81   81   80   80   81   83   84   85   86   86   85   84   83   84   84   83   83   83   83   82   1985
              1218    82   82   82   82   81   81   81   82   83   86   87   88   91   92   93   93   91   91   93   93  106   99   96  103   2138
              1219    98   89   88   87   89   90   95   94  102  110  105   90   90   90   91   91   90   90   89   89   88   88   88   87   2208
              1220    85   83   83   83   82   81   81   81   82   83   85   87   87   88   88   88   89   89   86   85   87   90   91  100   2064
              1221    99   85   87   92   94   94   95   97   99  100  104  107  104   96  103  105   96   97   95  100  104  106  107  107   2373
              1222   105   94   89   91  100   93   96   98  102  107  111  116  109  108  106  106   98   91   90   89   89   88   88   86   2350
              1223    84   84   84   83   84   83   83   82   82   86   84   89  100  105  103   92   87   81   81   80   80   89   86   81   2073
              1224    85   85   89   91   88   84   82   80   81   82   83   88   85   85   86   87   87   86   86   86   85   86   84   83   2044
              1225    83   82   81   81   80   80   79   79   79   80   82   83   91   88   95  105  100  102   83   81   80   80   79   79   2032
              1226    79   79   80   80   79   78   78   79   80   80   81   82   83   84   83   82   81   80   80   80   80   80   79   79   1926
              1227    79   79   79   78   79   79   78   78   80   81   82   83   85   86   85   84   82   82   82   82   82   82   81   81   1949
              1228    81   80   80   80   81   83   84   86   86   87   83   83   85   86   86   87   86   85   85   86   87   85   97   87   2036
              1229    90   96   99   92   87   83   83   83   83   84   86   87   89   89   91   92   92   93   92   91   90   88   87   86   2133
              1230    86   84   83   82   82   81   81   81   81   81   82   84   84   84   84   84   83   83   82   82   82   82   81   80   1979
              1231    79   79   79   79   80   80   80   79   79   81   83   84   85   85   85   86   86   85   85   85   84   84   84   85   1981
              ------------------------------------------------------------------------------------------------------------------------------------
              TOTAL 3018 2963 2990 2983 2961 2924 2917 2909 2933 2996 3025 3045 3086 3085 3075 3091 3042 3016 3002 2980 2985 2985 2981 2986  71978
              MEAN    97   96   96   96   96   94   94   94   95   97   98   98  100  100   99  100   98   97   97   96   96   96   96   96   2322
              MAX    129  124  126  127  126  129  130  132  135  138  139  141  141  134  132  133  131  133  136  137  134  130  134  133   3173
                N     31   31   31   31   31   31   31   31   31   31   31   31   31   31   31   31   31   31   31   31   31   31   31   31     31
              NOTE                                                                                                                                
                                                                                                                                                  
                   *): WITH MISSING DATA; TOTAL,MEAN,MAXIMUM ESTIMATED                                                                            
                                                                                                                                                  
                                                                                                                                                  
