                                                                                                                                                  
                                                                                                                                                  
                                                                *******************************                                                   
                                                                  DOWNWARD LONGWAVE RADIATION                                                     
                                                                *******************************                                                   
                                                                                                                  COUNTRY = JAPAN                 
                                                                                                                                                  
                                                                                                                                                  
                                                                     UNIT  = 0.01 MJ/m**2                                                         
                        STATION    : Tateno                                                                                                       
                        STATION NO.: 47646                                                                                                        
                        LOCATION   : 140ﾟ08' E                                                                                                    
                                      36ﾟ03' N                                                                                                    
                        ALTITUDE   :   25.2  m                                                                                                    
                        YEAR/MONTH : 2011/08                                                                                                      
                                                                                                                                                  
              DATE   -01  -02  -03  -04  -05  -06  -07  -08  -09  -10  -11  -12  -13  -14  -15  -16  -17  -18  -19  -20  -21  -22  -23  -24  TOTAL
                                                                                                                                                  
               8 1   150  148  146  142  146  144  135  147  152  152  153  155  154  155  155  150  139  139  142  148  150  150  151  150   3553
               8 2   149  146  145  148  146  134  134  135  140  149  150  155  150  150  154  151  148  156  152  142  145  147  146  152   3524
               8 3   152  148  150  150  148  148  148  151  152  158  158  156  156  156  159  156  154  152  146  147  152  152  154  153   3656
               8 4   149  157  153  153  140  146  146  144  150  159  155  156  149  150  149  149  149  149  147  146  145  144  144  143   3572
               8 5   153  157  156  153  144  143  150  157  160  157  157  157  156  154  161  158  154  152  150  149  148  148  148  147   3669
               8 6   147  150  150  152  153  156  159  159  160  162  163  159  160  161  160  161  161  160  162  161  160  156  153  157   3782
               8 7   157  155  153  150  150  152  152  154  160  157  160  161  159  158  161  163  160  159  160  160  155  152  160  158   3766
               8 8   148  147  145  144  147  143  144  146  149  152  154  158  159  163  162  162  161  160  160  155  160  153  150  150   3672
               8 9   150  149  148  147  148  151  161  160  157  158  159  160  161  162  162  166  162  159  156  154  153  152  152  151   3738
               810   150  150  149  148  148  148  149  151  153  155  157  159  161  161  158  156  153  152  151  149  150  153  153  152   3666
               811   150  150  153  148  148  147  148  151  154  156  160  162  165  166  169  169  169  167  164  160  155  155  159  157   3782
               812   156  159  158  155  150  147  148  151  150  152  161  160  163  160  157  155  155  154  153  151  151  149  148  149   3692
               813   150  147  146  146  149  149  148  146  149  150  154  156  156  156  157  159  160  157  155  154  153  152  156  155   3660
               814   152  150  149  149  149  150  155  156  158  159  159  164  165  166  170  169  159  154  152  152  151  150  149  149   3736
               815   147  146  146  146  146  145  146  149  153  155  162  166  161  158  158  158  158  155  156  156  155  153  157  159   3691
               816   155  151  154  149  151  149  151  151  155  155  159  161  163  166  161  161  156  155  154  153  154  155  156  151   3726
               817   151  151  152  150  148  148  148  149  151  152  155  159  163  162  161  158  157  156  154  152  151  150  151  151   3680
               818   151  152  152  151  152  151  152  154  157  160  160  164  163  162  159  158  157  156  154  155  157  155  154  155   3741
               819   154  156  159  156  157  160  161  160  157  155  154  153  150  152  152  152  152  151  150  149  149  147  145  147   3678
               820   148  148  148  148  148  148  148  149  149  150  150  152  152  152  153  153  152  151  150  150  150  150  149  149   3597
               821   150  150  150  151  150  150  150  150  149  149  148  147  147  147  148  148  148  148  148  148  148  148  148  148   3568
               822   148  148  148  148  148  148  148  148  149  149  150  151  151  152  152  152  153  152  152  152  151  151  152  152   3605
               823   152  152  152  152  152  152  153  153  155  156  158  158  159  158  156  150  149  148  144  145  146  145  141  139   3625
               824   138  140  140  139  147  144  147  149  154  161  160  161  161  161  156  155  157  158  159  155  151  148  151  150   3642
               825   153  156  155  156  156  157  155  157  158  160  158  159  158  157  156  155  155  155  154  152  150  148  150  152   3722
               826   153  149  145  148  147  148  151  152  156  159  159  158  151  153  154  158  154  154  154  152  153  153  153  153   3667
               827   153  153  153  152  153  152  152  153  155  154  156  156  155  154  147  150  142  140  138  137  137  136  135  146   3559
               828   149  150  150  139  134  134  135  136  138  141  144  143  142  143  143  144  142  140  138  136  136  136  138  138   3369
               829   140  135  134  134  140  136  137  136  140  143  141  143  143  142  142  142  140  139  138  137  137  136  136  135   3326
               830   136  141  135  134  133  132  132  132  134  136  139  139  139  139  141  139  139  143  153  155  156  156  155  156   3394
               831   155  155  154  152  148  153  154  155  156  158  159  159  160  159  155  155  152  152  153  154  157  155  156  156   3722
              ------------------------------------------------------------------------------------------------------------------------------------
              TOTAL 4646 4646 4628 4590 4576 4565 4597 4641 4710 4769 4812 4847 4832 4835 4828 4812 4747 4723 4699 4666 4666 4635 4650 4660 112780
              MEAN   150  150  149  148  148  147  148  150  152  154  155  156  156  156  156  155  153  152  152  151  151  150  150  150   3638
              MAX    157  159  159  156  157  160  161  160  160  162  163  166  165  166  170  169  169  167  164  161  160  156  160  159   3782
                N     31   31   31   31   31   31   31   31   31   31   31   31   31   31   31   31   31   31   31   31   31   31   31   31     31
              NOTE                                                                                                                                
                                                                                                                                                  
                   *): WITH MISSING DATA; TOTAL,MEAN,MAXIMUM ESTIMATED                                                                            
                                                                                                                                                  
                                                                                                                                                  
