                                                                                                                                                  
                                                                                                                                                  
                                                                *******************************                                                   
                                                                  DOWNWARD LONGWAVE RADIATION                                                     
                                                                *******************************                                                   
                                                                                                                  COUNTRY = JAPAN                 
                                                                                                                                                  
                                                                                                                                                  
                                                                     UNIT  = 0.01 MJ/m**2                                                         
                        STATION    : Tateno                                                                                                       
                        STATION NO.: 47646                                                                                                        
                        LOCATION   : 140ﾟ08' E                                                                                                    
                                      36ﾟ03' N                                                                                                    
                        ALTITUDE   :   25.2  m                                                                                                    
                        YEAR/MONTH : 2011/09                                                                                                      
                                                                                                                                                  
              DATE   -01  -02  -03  -04  -05  -06  -07  -08  -09  -10  -11  -12  -13  -14  -15  -16  -17  -18  -19  -20  -21  -22  -23  -24  TOTAL
                                                                                                                                                  
               9 1   157  157  158  159  157  156  158  159  159  160  162  162  163  164  162  162  162  158  152  155  157  159  158  160   3816
               9 2   160  160  160  160  158  156  158  158  160  159  160  160  158  159  159  156  157  158  158  159  159  157  161  159   3809
               9 3   157  155  156  152  152  155  152  154  158  159  155  157  157  157  158  156  156  152  154  156  153  148  147  148   3704
               9 4   149  149  147  146  146  144  149  151  152  154  156  153  153  152  150  151  152  149  150  150  149  146  141  140   3579
               9 5   144  144  148  149  150  149  147  150  151  148  152  158  156  155  159  159  156  156  155  156  155  153  155  155   3660
               9 6   156  155  153  151  150  150  149  149  149  140  141  147  145  141  142  145  152  151  152  152  150  149  151  145   3565
               9 7   131  127  133  139  140  131  128  133  131  131  133  134  135  138  136  135  135  136  135  132  132  132  135  132   3204
               9 8   131  133  132  134  133  135  132  132  133  136  137  137  137  134  135  138  135  131  133  135  135  136  137  137   3228
               9 9   139  141  141  142  142  142  143  148  157  150  152  158  160  157  162  157  155  152  150  149  149  149  149  148   3592
               910   147  146  145  145  144  143  143  145  147  152  157  161  160  153  152  152  150  148  146  146  146  145  145  143   3561
               911   143  147  155  155  153  152  141  146  149  153  154  159  158  159  158  151  148  146  154  154  154  154  146  149   3638
               912   149  153  147  141  138  140  141  140  144  143  152  148  149  150  153  154  150  148  146  145  147  143  142  140   3503
               913   140  140  140  140  141  141  145  144  144  145  149  152  154  150  149  149  150  147  146  144  142  142  141  140   3475
               914   141  141  140  140  141  141  146  144  149  149  153  154  156  157  157  154  153  150  151  148  148  146  144  142   3545
               915   141  140  138  137  135  137  137  139  145  145  144  146  146  148  154  157  150  148  146  145  142  141  140  140   3441
               916   139  138  137  137  137  137  138  143  145  145  148  152  158  155  157  151  150  150  149  142  141  142  144  144   3479
               917   145  147  144  143  143  144  144  146  152  156  160  153  155  153  153  150  149  147  146  145  143  143  142  139   3542
               918   138  138  139  138  137  138  139  142  147  146  147  147  150  154  153  150  148  145  143  141  143  142  142  141   3448
               919   141  142  142  141  142  144  140  143  147  155  144  144  148  145  143  146  149  150  148  149  148  147  146  145   3489
               920   145  145  145  145  145  146  146  146  147  146  147  147  148  148  148  148  147  147  147  147  146  146  146  146   3514
               921   146  146  146  146  146  146  147  147  148  149  151  154  158  158  156  157  156  158  156  156  157  150  144  141   3619
               922   141  144  144  145  141  142  139  135  138  142  147  147  146  144  143  147  144  141  140  140  140  139  139  136   3404
               923   124  130  137  138  138  138  138  138  138  138  139  140  139  138  138  133  123  119  123  123  127  135  136  128   3198
               924   117  122  120  111  112  109  110  111  113  114  116  118  118  120  121  121  120  119  120  117  117  117  116  116   2795
               925   116  116  119  136  134  119  115  118  122  130  133  139  134  133  134  128  123  120  119  120  120  118  120  120   2986
               926   119  122  123  125  127  130  128  128  138  138  135  135  136  138  138  136  136  136  136  134  135  132  139  135   3179
               927   140  138  136  136  135  134  129  129  130  130  131  133  134  129  125  120  117  117  117  117  115  114  112  111   3029
               928   111  113  112  118  120  120  121  122  120  125  130  124  120  123  126  124  133  131  123  121  120  121  121  123   2922
               929   122  126  136  126  116  123  131  122  120  126  131  135  132  129  127  125  124  123  124  124  124  132  124  123   3025
               930   124  126  129  135  128  126  128  133  130  135  137  144  149  143  143  147  150  145  145  146  147  146  149  148   3333
              ------------------------------------------------------------------------------------------------------------------------------------
              TOTAL 4153 4181 4202 4210 4181 4168 4162 4195 4263 4299 4353 4398 4412 4384 4391 4359 4330 4278 4264 4248 4241 4224 4212 4174 102282
              MEAN   138  139  140  140  139  139  139  140  142  143  145  147  147  146  146  145  144  143  142  142  141  141  140  139   3409
              MAX    160  160  160  160  158  156  158  159  160  160  162  162  163  164  162  162  162  158  158  159  159  159  161  160   3816
                N     30   30   30   30   30   30   30   30   30   30   30   30   30   30   30   30   30   30   30   30   30   30   30   30     30
              NOTE                                                                                                                                
                                                                                                                                                  
                   *): WITH MISSING DATA; TOTAL,MEAN,MAXIMUM ESTIMATED                                                                            
                                                                                                                                                  
                                                                                                                                                  
                                                                                                                                                  
