                                                                                                                                                  
                                                                                                                                                  
                                                                *******************************                                                   
                                                                  DOWNWARD LONGWAVE RADIATION                                                     
                                                                *******************************                                                   
                                                                                                                  COUNTRY = JAPAN                 
                                                                                                                                                  
                                                                                                                                                  
                                                                     UNIT  = 0.01 MJ/m**2                                                         
                        STATION    : Tateno                                                                                                       
                        STATION NO.: 47646                                                                                                        
                        LOCATION   : 140ﾟ08' E                                                                                                    
                                      36ﾟ03' N                                                                                                    
                        ALTITUDE   :   25.2  m                                                                                                    
                        YEAR/MONTH : 2011/05                                                                                                      
                                                                                                                                                  
              DATE   -01  -02  -03  -04  -05  -06  -07  -08  -09  -10  -11  -12  -13  -14  -15  -16  -17  -18  -19  -20  -21  -22  -23  -24  TOTAL
                                                                                                                                                  
               5 1   130  132  131  130  131  132  135  136  136  137  138  132  131  129  134  134  138  140  140  140  140  140  138  133   3237
               5 2   122  111  109  108  105  109  110  112  112  115  118  122  124  122  126  124  122  121  118  116  114  112  111  110   2773
               5 3   113  112  110  109  109  127  115  129  132  135  137  135  133  136  137  138  138  136  131  132  132  131  132  133   3072
               5 4   132  132  131  128  123  108  106  107  110  112  114  116  119  123  124  138  128  121  122  121  116  115  115  117   2878
               5 5   121  122  118  114  116  125  130  123  125  128  130  126  126  124  123  124  121  110  121  129  130  129  127  120   2962
               5 6   123  128  128  128  128  128  128  130  131  131  130  126  134  136  133  120  121  121  123  124  123  122  124  131   3051
               5 7   131  127  126  128  132  136  136  138  138  138  138  139  140  141  141  141  141  139  140  141  136  121  116  116   3220
               5 8   118  131  134  135  134  127  129  118  118  121  124  126  128  129  128  129  128  127  129  116  111  108  105  104   2957
               5 9   102  102  105  105  105  105  112  114  115  116  118  117  128  123  130  131  127  124  121  121  122  125  123  122   2813
               510   125  131  135  134  133  133  133  135  134  141  149  147  148  150  151  150  146  146  146  146  146  144  143  141   3387
               511   139  137  135  136  136  136  135  135  136  136  137  137  137  138  138  137  137  136  136  135  135  135  136  135   3270
               512   135  134  133  134  129  131  133  138  138  139  140  140  141  141  141  141  140  141  140  141  141  142  143  143   3319
               513   143  142  141  141  142  141  141  143  144  146  145  145  145  145  136  130  129  140  138  143  141  135  131  126   3353
               514   133  118  107  105  106  106  109  112  115  120  121  124  120  119  120  121  125  130  125  123  128  121  116  110   2834
               515   105  105  104  103  102  101  103  105  107  109  111  114  119  119  117  119  119  124  122  121  118  113  113  118   2691
               516   117  114  114  114  115  115  116  121  124  124  124  127  124  125  127  128  130  131  130  128  127  127  125  124   2951
               517   124  120  124  127  128  127  132  131  134  136  137  141  138  133  138  134  132  129  128  128  129  128  122  116   3116
               518   118  121  119  119  115  115  112  115  116  117  119  123  122  124  124  122  120  118  117  117  116  114  113  112   2828
               519   111  111  110  109  108  110  112  115  117  119  121  121  120  119  119  117  118  117  116  117  120  123  121  115   2786
               520   115  115  116  116  115  115  117  119  122  125  128  129  129  128  126  126  126  124  123  122  121  120  120  121   2918
               521   121  120  120  120  119  120  122  124  125  128  130  131  131  130  131  130  128  127  127  125  125  127  130  129   3020
               522   128  126  125  126  127  127  129  139  137  143  139  148  149  141  137  136  136  136  137  137  137  136  136  135   3247
               523   134  134  133  132  132  131  132  134  134  133  133  133  132  132  131  132  131  131  131  131  131  132  131  130   3170
               524   131  131  130  130  130  129  129  130  132  132  133  133  131  126  127  116  114  113  113  113  108  106  109  106   2952
               525   108  112  113  113  109  106  107  111  114  115  117  120  121  121  122  123  123  124  122  119  118  123  122  122   2805
               526   120  123  120  120  119  132  136  136  130  127  135  134  130  136  138  134  133  135  134  133  134  135  139  138   3151
               527   137  135  134  134  131  129  132  137  139  139  142  143  143  142  142  143  142  141  142  140  141  141  142  141   3332
               528   141  142  143  143  143  144  144  145  146  146  147  147  148  148  147  147  147  146  145  145  145  145  144  145   3483
               529   144  144  145  145  145  145  146  146  147  146  146  145  145  144  145  145  145  144  143  143  143  142  142  142   3467
               530   142  141  140  142  142  142  142  142  142  142  141  141  142  143  136  128  129  132  132  133  134  133  132  132   3305
               531   133  133  129  126  131  131  123  131  130  127  119  112  118  119  122  117  118  121  121  118  119  121  123  126   2968
              ------------------------------------------------------------------------------------------------------------------------------------
              TOTAL 3896 3886 3862 3854 3840 3863 3886 3951 3980 4023 4061 4074 4096 4086 4091 4055 4032 4025 4013 3998 3981 3946 3924 3893  95316
              MEAN   126  125  125  124  124  125  125  127  128  130  131  131  132  132  132  131  130  130  129  129  128  127  127  126   3075
              MAX    144  144  145  145  145  145  146  146  147  146  149  148  149  150  151  150  147  146  146  146  146  145  144  145   3483
                N     31   31   31   31   31   31   31   31   31   31   31   31   31   31   31   31   31   31   31   31   31   31   31   31     31
              NOTE                                                                                                                                
                                                                                                                                                  
                   *): WITH MISSING DATA; TOTAL,MEAN,MAXIMUM ESTIMATED                                                                            
                                                                                                                                                  
                                                                                                                                                  
