                                                                                                                                                  
                                                                                                                                                  
                                                                *******************************                                                   
                                                                  DOWNWARD LONGWAVE RADIATION                                                     
                                                                *******************************                                                   
                                                                                                                  COUNTRY = JAPAN                 
                                                                                                                                                  
                                                                                                                                                  
                                                                     UNIT  = 0.01 MJ/m**2                                                         
                        STATION    : Tateno                                                                                                       
                        STATION NO.: 47646                                                                                                        
                        LOCATION   : 140ﾟ08' E                                                                                                    
                                      36ﾟ03' N                                                                                                    
                        ALTITUDE   :   25.2  m                                                                                                    
                        YEAR/MONTH : 2011/03                                                                                                      
                                                                                                                                                  
              DATE   -01  -02  -03  -04  -05  -06  -07  -08  -09  -10  -11  -12  -13  -14  -15  -16  -17  -18  -19  -20  -21  -22  -23  -24  TOTAL
                                                                                                                                                  
               3 1   116  116  115  116  116  116  116  116  116  112  111  120  121  121  121  121  121  120  119  119  119  119  120  119   2826
               3 2   119  118  114  115  115  114  113  113  105   92   99  105  111  111  112  104  104  110  100   89   81   80   80   79   2483
               3 3    80   79   79   78   78   77   77   77   78   79   80   81   82   84   92   94   99   91   80   81   99   96   81   78   2000
               3 4    77   77   77   77   77   77   77   78   79   84   99   97   95   93   96   84   82   81   80   80   80   80   80   80   1987
               3 5    80   80   80   80   80   79   80   80   82   83   84   86   88   89   90   90   90   94   96   96   95   93   92   95   2082
               3 6    95   92   90   92   87   86   84   85   88   91   95   94   97  103  106  105  117  114  101  101  101   96   95   95   2310
               3 7   107  114  116  118  120  119  119  118  116  114  114  114  114  115  115  114  111  113  111  113  113  112  108  109   2737
               3 8   111  105   96  105  110  104  105   96   97   98   93   93   95   95  100  103  100  106   98   91   91   91   91   91   2365
               3 9    90   88   87   86   85   84   83   84   86   87   90   94  106  106  115  112  105   96   92   89   88   89   96   90   2228
               310    82   80   80   79   78   78   78   79   80   82   84   84   84   85   89   91   94   92   85   85   84   83   84   84   2004
               311    84   84   84   82   80   80   79   80   82   85   86   88   89   90   97  XXX  XXX  XXX  XXX  XXX   83   82   81   81   XXXX
               312    81   82   82   82   82   82   82   83   84   85   86   90   90   90   91   93   96   95   96   96  110  112  118  109   2197
               313   107  116  103   93   90   88   87   88   91   93   95   96   96   97   98  100   98   96   95   98   98   98   98   97   2316
               314    96   94   93   92   91   90   90   92   95   99  104  110  117  118  119  120  121  120  118  120  112  109  112  114   2546
               315   116  113  123  104  102  100  101  113  121  121  124  124  124  124  123  118  119  124  124  124  123  121  123  123   2832
               316   123  122  122  122  121  119  117  112  104  102   98  100   99   97  106  100   94   86   83   83   82   78   79   79   2428
               317    79   77   77   77   77   77   76   78   79   80   81   85   88   88   84   83   81   80   79   79   79   79   79   78   1920
               318    78   77   77   77   77   77   77   79   80   81   83   85   86   87   87   89   90   89   88   91   92   97   99  101   2044
               319   104  108  108  110  110  109  109  109  102   91   93   96   99  102  103  105  105  105  102  101  101  100  100   99   2471
               320    99   97   96   97  100  100  108  109  102  105  106  118  120  125  117  112  109  108  114  115  113  120  132  132   2654
               321   132  129  129  131  132  131  130  128  127  126  126  127  127  126  125  125  124  123  122  122  123  124  122  120   3031
               322   121  121  120  120  120  119  119  120  119  121  122  122  122  122  123  122  120  120  120  121  122  121  120  120   2897
               323   121  121  120  120  118  115  111  101  111  104  108  111  105  114  104  102  114  115  117  114  111  109   97   90   2653
               324    93  106  104  105  104   93   92  102   96  106  110  110  111  110  105   92   89   93   97   93   92   87   86   86   2362
               325    85   85   84   83   83   83   83   85   88   90   92   95  101   98  108  109  118  117  113  118  119  116  117  117   2387
               326   120  120  119   98   89  100   88   89   91   94  102  111   98   98   95   90   86   85   83   82   81   81   81   81   2262
               327    80   81   80   80   79   79   80   81   83   85   87   88   92   97   94   97  103  102  112  110   97  101   97  107   2192
               328   109  112  112  111  105   91  105   94   88   88   90   92   92   92   92   93   94   94   93   92   92   92   92   92   2307
               329   100  101   92   91   89   88   87   88   90   92   94   96   97   98   98   98   97   98   98   98   98   97   96   96   2277
               330    96   96   94   95   92   92   93   94   98  100  104  106  108  109  106  105  103  102  107  107  114  114  117  121   2473
               331   120  115  107  100   91   89   90   91   93   95   96  101  100  104  101   98  100  102   93   93   92   90   89   89   2339
              ------------------------------------------------------------------------------------------------------------------------------------
              TOTAL 3101 3106 3060 3016 2978 2936 2936 2942 2951 2965 3036 3119 3154 3188 3212 3171 3187 3174 3116 3100 3085 3067 3062 3052  73997
              MEAN   100  100   99   97   96   95   95   95   95   96   98  101  102  103  104  102  103  102  101  100  100   99   99   98   2387
              MAX    132  129  129  131  132  131  130  128  127  126  126  127  127  126  125  125  124  124  124  124  123  124  132  132   3031
                N     31   31   31   31   31   31   31   31   31   31   31   31   31   31   31   30   30   30   30   30   31   31   31   31     30
              NOTE                                                                               *)   *)   *)   *)   *)                         *)
                                                                                                                                                  
                   *): WITH MISSING DATA; TOTAL,MEAN,MAXIMUM ESTIMATED                                                                            
                                                                                                                                                  
                                                                                                                                                  
