                                                                                                                                                  
                                                                                                                                                  
                                                                *******************************                                                   
                                                                  DOWNWARD LONGWAVE RADIATION                                                     
                                                                *******************************                                                   
                                                                                                                  COUNTRY = JAPAN                 
                                                                                                                                                  
                                                                                                                                                  
                                                                     UNIT  = 0.01 MJ/m**2                                                         
                        STATION    : Tateno                                                                                                       
                        STATION NO.: 47646                                                                                                        
                        LOCATION   : 140ﾟ08' E                                                                                                    
                                      36ﾟ03' N                                                                                                    
                        ALTITUDE   :   25.2  m                                                                                                    
                        YEAR/MONTH : 2012/08                                                                                                      
                                                                                                                                                  
              DATE   -01  -02  -03  -04  -05  -06  -07  -08  -09  -10  -11  -12  -13  -14  -15  -16  -17  -18  -19  -20  -21  -22  -23  -24  TOTAL
                                                                                                                                                  
               8 1   141  141  141  142  150  149  149  158  156  152  157  164  162  158  153  154  153  153  151  150  148  148  146  146   3622
               8 2   145  144  143  143  142  143  144  149  151  152  153  154  155  156  160  158  152  151  150  147  147  147  146  154   3586
               8 3   155  156  150  145  143  145  148  150  150  155  154  149  146  144  145  145  144  145  143  143  146  142  140  140   3523
               8 4   143  142  142  143  148  140  149  145  155  160  162  161  152  151  150  151  151  151  150  149  147  147  146  149   3584
               8 5   147  145  144  143  142  142  143  149  152  149  154  157  161  160  159  158  156  153  151  157  153  148  149  147   3619
               8 6   145  145  147  149  150  153  153  156  159  162  161  158  158  157  157  153  153  149  146  144  145  144  145  145   3634
               8 7   146  154  148  140  139  139  140  142  143  147  152  156  152  153  154  163  155  155  155  144  144  156  154  150   3581
               8 8   153  142  146  142  148  148  144  140  135  136  137  140  139  138  136  136  136  135  141  138  142  144  135  131   3362
               8 9   133  134  130  131  136  137  130  132  134  135  139  140  138  139  138  138  136  137  136  139  138  147  149  145   3291
               810   148  149  142  137  140  149  149  151  153  148  142  144  143  147  148  148  147  146  147  145  145  148  145  145   3506
               811   145  150  148  153  154  147  153  151  158  156  160  160  158  161  156  153  155  156  156  158  159  159  159  159   3724
               812   153  158  155  158  159  158  157  159  160  160  159  157  162  156  154  152  151  151  151  149  147  145  145  146   3702
               813   145  145  145  150  158  158  153  152  156  155  160  159  160  158  157  157  156  155  153  152  154  153  153  153   3697
               814   153  154  154  154  155  157  158  159  159  158  156  153  152  153  153  155  155  152  153  149  148  153  154  149   3696
               815   157  157  156  153  151  155  148  151  155  161  159  161  165  165  160  157  154  154  155  152  151  153  152  148   3730
               816   147  146  146  146  144  149  155  152  150  154  157  159  159  159  159  156  154  152  151  150  149  149  149  149   3641
               817   149  148  148  148  147  147  148  150  152  154  156  161  158  157  158  161  161  158  156  155  154  159  158  151   3694
               818   150  150  153  154  153  153  153  154  154  156  160  157  153  150  154  162  157  154  152  150  147  145  144  143   3658
               819   142  143  142  140  139  139  140  143  148  152  151  152  155  160  159  151  148  146  144  143  141  139  138  137   3492
               820   136  134  133  132  132  131  133  136  139  143  143  147  153  152  155  153  150  149  146  145  143  141  142  141   3409
               821   141  140  139  139  140  140  141  145  147  148  150  154  156  156  155  154  153  150  147  145  145  144  144  143   3516
               822   142  141  141  141  142  142  143  147  148  152  158  155  152  152  151  149  147  146  145  144  144  143  142  141   3508
               823   141  141  142  141  142  142  143  147  154  155  157  159  157  160  162  153  153  151  150  149  149  148  146  145   3587
               824   143  142  141  140  141  142  145  151  154  152  152  154  153  154  155  153  149  147  145  144  143  143  143  142   3528
               825   142  142  141  141  141  140  141  142  144  147  148  150  156  157  156  155  152  149  147  145  144  143  143  142   3508
               826   141  142  142  142  141  140  140  141  144  146  150  151  153  156  152  154  150  148  146  144  143  143  141  141   3491
               827   141  142  141  140  141  141  142  146  149  152  159  160  156  154  158  159  155  152  150  148  146  144  142  142   3560
               828   141  141  141  142  142  141  142  144  148  153  152  151  152  157  159  155  153  150  154  143  142  140  140  141   3524
               829   142  142  141  141  141  141  143  145  145  149  157  158  153  157  155  155  150  149  147  145  145  145  144  142   3532
               830   141  141  141  141  141  145  144  146  150  152  152  153  153  152  157  156  157  155  149  147  146  145  144  143   3551
               831   143  143  147  142  152  147  152  150  154  154  159  158  163  155  154  154  151  152  148  147  147  144  143  144   3603
              ------------------------------------------------------------------------------------------------------------------------------------
              TOTAL 4491 4494 4470 4453 4494 4500 4523 4583 4656 4705 4766 4792 4785 4784 4779 4758 4694 4651 4615 4560 4542 4549 4521 4494 110659
              MEAN   145  145  144  144  145  145  146  148  150  152  154  155  154  154  154  153  151  150  149  147  147  147  146  145   3570
              MAX    157  158  156  158  159  158  158  159  160  162  162  164  165  165  162  163  161  158  156  158  159  159  159  159   3730
                N     31   31   31   31   31   31   31   31   31   31   31   31   31   31   31   31   31   31   31   31   31   31   31   31     31
              NOTE                                                                                                                                
                                                                                                                                                  
                   *): WITH MISSING DATA; TOTAL,MEAN,MAXIMUM ESTIMATED                                                                            
                                                                                                                                                  
                                                                                                                                                  
