                                                                                                                                                  
                                                                                                                                                  
                                                                *******************************                                                   
                                                                  DOWNWARD LONGWAVE RADIATION                                                     
                                                                *******************************                                                   
                                                                                                                  COUNTRY = JAPAN                 
                                                                                                                                                  
                                                                                                                                                  
                                                                     UNIT  = 0.01 MJ/m**2                                                         
                        STATION    : Tateno                                                                                                       
                        STATION NO.: 47646                                                                                                        
                        LOCATION   : 140ﾟ08' E                                                                                                    
                                      36ﾟ03' N                                                                                                    
                        ALTITUDE   :   25.2  m                                                                                                    
                        YEAR/MONTH : 2012/12                                                                                                      
                                                                                                                                                  
              DATE   -01  -02  -03  -04  -05  -06  -07  -08  -09  -10  -11  -12  -13  -14  -15  -16  -17  -18  -19  -20  -21  -22  -23  -24  TOTAL
                                                                                                                                                  
              12 1   109  101   96   93   93  105  118  118  118  118  120  110  119  116  101   92   86   85   85   84   83   82   83   82   2397
              12 2    81   81   81   80   80   80   80   81   81   84   86   93  102  103  114  116  116  117  117  118  117  117  116  116   2357
              12 3   113  111  111  117  118  119  119  119  120  121  122  122  123  123  124  124  125  126  125  125  126  124  117  108   2882
              12 4   113  110  114  118  122  123  124  125  125  121  120  125  128  128  123  106  101   99   96   91   95  101   89   88   2685
              12 5    87   87   87   87   87   87   86   86   87   89   91   95   99   99   98  102  106  114  112  115  107  112  119  111   2350
              12 6    98   95   97   98  101  100  103  105  104   96   96   99   99   99   95   93   91   88   86   85   84   85   85   85   2267
              12 7    85   85   85   85   86   92  100   99   93   94   89   91   92   92   92   93   92   91   91   89   90   89   89   90   2174
              12 8    96   96   98  101   91   93   97   90   89   89   90   92   95   96   96   94   96   89   85   84   83   82   81   81   2184
              12 9    80   79   79   79   79   80   80   80   81   83   84   85   86   87   87   88   84   82   82   82   83   81   80   80   1971
              1210    79   79   78   80   78   78   80   78   79   81   81   83   84   84   84   84   83   82   81   82   82   82   82   83   1947
              1211    83   83   83   83   83   83   82   82   83   84   86   87   87   87   88   88   87   87   87   87   86   85   84   83   2038
              1212    82   82   81   81   81   80   80   81   82   83   85   86   87   88   88   88   88   87   85   84   84   84   84   83   2014
              1213    83   82   82   81   81   81   81   82   83   85   86   87   89   90   90   91   90   89   87   86   85   83   83   83   2040
              1214    83   83   83   82   83   83   82   83   84   86   90   92   95   98   97   94   93   92   98   95   92   96  109  113   2186
              1215   116  116  117  118  114  112  114  118  106  117  123  125  127  127  126  126  127  128  128  126  119  118  120  120   2888
              1216   121  122  122  114  105   96   94   93   94   97  101  102  101  100  100   98   96   96   95   94   91   89   89   92   2402
              1217    93   94   93   98  104  120  121  121  120  122  124  122  123  123  122  121  120  123  121  120  115  115  115  117   2767
              1218   102  116  122  123  124  125  126  122  124  112  114  108  109  113  113  118  123  122  121  119  118  116  114  113   2817
              1219   112  111  110  101   87   89   81   80   81   81   84   81   81   81   81   80   80   80   80   79   79   80   79   79   2057
              1220    79   79   79   79   79   79   79   79   80   81   83   84   85   85   86   87   86   87   96   93   85   84   84   83   2001
              1221    83   83   83   83   83   83   83   84   87   91   93   93  100  105  109  111  110  114  118  119  118  113  117  116   2379
              1222   114  112  114  115  117  117  118  119  119  119  119  119  120  122  124  124  105   98   97   96   96   93   93   97   2667
              1223   102  105  102   96   95   92   98  105  109  115  115  115  114   99   98  115  111  112  102   95   92   91   90   88   2456
              1224    86   84   84   83   83   81   80   79   80   81   82   83   83   84   87   85   82   81   81   80   80   79   79   80   1967
              1225    80   81   98  101   95   94   81   80   80   81   82   82   83   84   85   86   86   86   87   87   87   86   86   86   2064
              1226    86   86   85   83   82   81   80   79   79   79   79   79   79   79   79   79   79   79   78   77   77   76   75   74   1909
              1227    75   75   75   73   73   73   73   73   74   76   76   78   79   81   83   83   83   83   83   84   85   84   81   81   1884
              1228    83   83   81   82   82   82   85   93  101  105  108  109  110  114  117  117  118  118  117  116  118  118  118  118   2493
              1229   118  118  118  118  119  118  113   99  102   94   94   95   99  116  113   99  105  115  119  109  102  100  113  121   2617
              1230   122  123  122  123  123  123  123  120  123  125  125  125  124  125  124  126  126  127  126  126  122  125  126  126   2980
              1231   124  123  122  110  116  118  118  118  118  119  118  117  117  115  117  100   92   93   93   84   83   82   82   83   2562
              ------------------------------------------------------------------------------------------------------------------------------------
              TOTAL 2968 2965 2982 2965 2944 2967 2979 2971 2986 3009 3046 3064 3119 3143 3141 3108 3067 3070 3059 3011 2964 2952 2962 2960  72402
              MEAN    96   96   96   96   95   96   96   96   96   97   98   99  101  101  101  100   99   99   99   97   96   95   96   95   2336
              MAX    124  123  122  123  124  125  126  125  125  125  125  125  128  128  126  126  127  128  128  126  126  125  126  126   2980
                N     31   31   31   31   31   31   31   31   31   31   31   31   31   31   31   31   31   31   31   31   31   31   31   31     31
              NOTE                                                                                                                                
                                                                                                                                                  
                   *): WITH MISSING DATA; TOTAL,MEAN,MAXIMUM ESTIMATED                                                                            
                                                                                                                                                  
                                                                                                                                                  
