                                                                                                                                                  
                                                                                                                                                  
                                                                *******************************                                                   
                                                                  DOWNWARD LONGWAVE RADIATION                                                     
                                                                *******************************                                                   
                                                                                                                  COUNTRY = JAPAN                 
                                                                                                                                                  
                                                                                                                                                  
                                                                     UNIT  = 0.01 MJ/m**2                                                         
                        STATION    : Tateno                                                                                                       
                        STATION NO.: 47646                                                                                                        
                        LOCATION   : 140ﾟ08' E                                                                                                    
                                      36ﾟ03' N                                                                                                    
                        ALTITUDE   :   25.2  m                                                                                                    
                        YEAR/MONTH : 2012/09                                                                                                      
                                                                                                                                                  
              DATE   -01  -02  -03  -04  -05  -06  -07  -08  -09  -10  -11  -12  -13  -14  -15  -16  -17  -18  -19  -20  -21  -22  -23  -24  TOTAL
                                                                                                                                                  
               9 1   146  146  142  141  140  139  140  147  154  157  152  154  149  151  157  151  151  149  146  144  149  152  153  146   3556
               9 2   146  145  148  154  151  150  148  149  150  154  155  157  152  143  143  153  156  153  153  151  154  143  139  139   3586
               9 3   145  142  137  140  145  143  143  145  146  156  150  150  153  159  152  151  152  149  149  148  145  146  149  152   3547
               9 4   155  153  152  153  151  151  147  151  151  154  153  154  159  155  156  158  156  151  158  153  150  149  147  147   3664
               9 5   141  143  139  138  139  138  138  139  140  141  143  145  147  151  152  153  154  153  152  148  147  145  144  142   3472
               9 6   142  142  142  146  146  157  158  155  150  156  156  160  160  160  160  156  150  150  149  147  145  144  144  146   3621
               9 7   143  139  136  135  135  134  139  146  137  140  147  149  150  143  142  143  142  142  142  141  140  140  140  140   3385
               9 8   140  140  140  141  141  142  140  142  150  149  150  156  158  160  152  150  153  146  145  144  143  143  141  141   3507
               9 9   140  139  138  138  139  138  140  143  145  149  151  150  148  151  154  155  149  145  144  144  141  138  137  138   3454
               910   138  139  138  138  137  137  138  140  142  146  148  150  149  148  147  153  151  146  143  143  143  144  145  143   3446
               911   140  138  137  138  138  138  138  144  151  152  150  154  152  150  148  147  146  146  145  144  143  142  139  138   3458
               912   146  152  147  148  150  148  144  144  149  141  144  143  142  144  143  143  141  140  139  137  137  138  138  138   3436
               913   137  136  136  136  136  134  135  137  140  142  145  146  147  148  149  149  151  150  149  146  148  151  149  144   3441
               914   141  138  138  138  137  139  138  143  153  149  149  149  152  157  157  157  159  153  143  141  140  139  140  140   3490
               915   141  141  141  143  144  141  140  141  150  152  154  155  155  154  154  152  147  143  143  142  141  141  142  141   3498
               916   140  139  139  138  139  139  139  145  151  153  160  159  161  158  158  157  152  152  147  147  148  150  149  156   3576
               917   157  157  154  142  140  139  138  143  153  158  153  156  159  160  156  153  153  146  149  143  142  147  149  142   3589
               918   138  140  141  142  143  146  149  144  150  155  156  147  154  157  150  153  151  149  146  144  143  145  145  149   3537
               919   149  154  150  148  151  151  155  154  157  157  159  155  155  156  157  159  153  152  156  155  156  157  152  151   3699
               920   147  147  150  151  156  157  156  156  157  156  147  153  150  156  149  144  144  146  145  144  148  150  140  137   3586
               921   136  138  140  143  145  147  146  151  151  151  150  152  152  153  153  150  142  144  144  145  140  143  146  149   3511
               922   146  143  144  146  145  147  147  147  147  146  146  145  147  147  145  137  140  141  141  142  141  142  142  144   3458
               923   144  145  146  145  146  147  147  148  147  147  148  147  147  147  147  146  143  141  141  141  142  143  143  143   3481
               924   144  139  125  133  136  129  131  127  128  130  137  140  140  144  143  141  138  138  146  138  136  139  138  140   3280
               925   145  142  140  140  141  143  143  141  140  143  144  145  143  138  145  138  135  132  129  130  131  132  128  134   3322
               926   134  130  124  123  123  123  123  122  123  124  127  133  137  131  128  128  126  124  121  118  116  118  121  120   2997
               927   120  120  125  124  129  128  132  134  140  138  132  138  135  135  132  136  136  132  131  140  144  144  144  143   3212
               928   143  143  143  142  142  143  145  146  147  149  151  152  152  152  151  147  152  152  145  143  140  143  136  137   3496
               929   139  146  150  149  143  149  146  137  137  148  153  152  151  156  145  139  137  138  149  152  152  149  140  137   3494
               930   143  141  144  136  137  132  130  132  135  139  144  149  150  147  151  147  150  156  157  158  157  156  154  154   3499
              ------------------------------------------------------------------------------------------------------------------------------------
              TOTAL 4266 4257 4226 4229 4245 4249 4253 4293 4371 4432 4454 4495 4506 4511 4476 4446 4410 4359 4347 4313 4302 4313 4274 4271 104298
              MEAN   142  142  141  141  142  142  142  143  146  148  148  150  150  150  149  148  147  145  145  144  143  144  142  142   3477
              MAX    157  157  154  154  156  157  158  156  157  158  160  160  161  160  160  159  159  156  158  158  157  157  154  156   3699
                N     30   30   30   30   30   30   30   30   30   30   30   30   30   30   30   30   30   30   30   30   30   30   30   30     30
              NOTE                                                                                                                                
                                                                                                                                                  
                   *): WITH MISSING DATA; TOTAL,MEAN,MAXIMUM ESTIMATED                                                                            
                                                                                                                                                  
                                                                                                                                                  
                                                                                                                                                  
