                                                                                                                                                  
                                                                                                                                                  
                                                                *******************************                                                   
                                                                  DOWNWARD LONGWAVE RADIATION                                                     
                                                                *******************************                                                   
                                                                                                                  COUNTRY = JAPAN                 
                                                                                                                                                  
                                                                                                                                                  
                                                                     UNIT  = 0.01 MJ/m**2                                                         
                        STATION    : Tateno                                                                                                       
                        STATION NO.: 47646                                                                                                        
                        LOCATION   : 140ﾟ08' E                                                                                                    
                                      36ﾟ03' N                                                                                                    
                        ALTITUDE   :   25.2  m                                                                                                    
                        YEAR/MONTH : 2012/10                                                                                                      
                                                                                                                                                  
              DATE   -01  -02  -03  -04  -05  -06  -07  -08  -09  -10  -11  -12  -13  -14  -15  -16  -17  -18  -19  -20  -21  -22  -23  -24  TOTAL
                                                                                                                                                  
              10 1   145  140  136  136  135  134  133  135  137  139  140  141  141  142  142  141  140  138  136  136  135  134  134  145   3315
              10 2   145  142  141  144  141  133  142  137  147  148  146  143  135  138  139  139  147  147  139  133  137  146  147  145   3401
              10 3   143  145  144  142  139  142  146  143  141  142  145  147  145  148  149  146  148  148  147  146  145  146  144  143   3474
              10 4   144  144  142  142  145  143  143  143  141  142  137  133  136  131  136  132  132  130  132  140  142  145  145  140   3340
              10 5   142  141  144  141  140  136  127  127  134  139  141  135  136  136  136  133  131  131  134  135  139  140  139  141   3278
              10 6   136  134  143  135  133  139  143  139  133  135  142  144  145  151  152  148  140  144  141  138  141  150  148  149   3403
              10 7   145  144  143  142  141  140  139  139  139  140  140  140  140  138  130  121  123  131  136  132  137  123  120  118   3241
              10 8   115  114  113  115  117  117  113  111  113  124  125  124  134  124  122  121  118  119  119  119  120  122  127  123   2869
              10 9   120  123  126  124  127  130  129  128  130  128  123  134  133  127  123  125  125  122  115  114  112  112  112  113   2955
              1010   112  112  111  112  121  127  118  115  121  129  138  131  133  136  136  136  123  137  140  141  141  142  143  143   3098
              1011   143  142  141  142  140  141  140  139  138  124  132  140  142  134  134  140  134  130  128  128  125  127  138  140   3262
              1012   142  136  134  134  118  112  112  113  114  114  116  119  118  123  126  126  134  137  134  134  136  127  129  127   3015
              1013   118  110  107  104  103  103  103  105  109  111  112  118  122  122  121  121  123  126  127  128  127  129  122  120   2791
              1014   117  113  112  111  126  113  116  121  128  123  140  141  141  141  141  142  140  139  138  136  139  139  142  142   3141
              1015   142  138  139  125  119  118  116  115  117  118  119  121  123  127  128  124  129  127  123  121  126  118  125  115   2973
              1016   125  117  112  116  111  110  109  109  110  110  110  111  112  111  111  110  109  109  108  108  107  107  106  105   2653
              1017   104  109  116  120  125  128  132  129  132  133  123  130  137  146  147  147  146  145  144  142  142  142  142  141   3202
              1018   141  141  139  138  135  137  138  142  144  144  144  144  144  145  141  143  141  139  137  137  136  135  133  132   3350
              1019   133  134  133  131  127  122  118  116  114  105  106  107  108  109  110  111  110  108  107  106  104  102  102  103   2726
              1020   104  107  107  102  101  101  100  102  105  108  111  114  124  124  132  136  127  119  117  121  116  116  116  113   2723
              1021   112  109  109  108  107  106  104  105  106  108  110  113  116  119  121  121  119  119  118  117  116  115  114  113   2705
              1022   112  112  111  111  111  111  111  112  116  121  125  135  136  124  129  132  125  121  120  119  117  121  124  130   2886
              1023   132  137  136  139  142  142  145  145  138  139  146  143  147  143  144  144  142  139  137  135  134  128  112  109   3298
              1024   104  101   97   97   98   98   98   99  101  103  103  105  106  108  110  107  117  125  117  106  113  129  129  128   2599
              1025   127  124  126  123  127  127  127  126  125  132  128  129  135  135  124  121  118  115  114  123  131  135  132  134   3038
              1026   124  111  109  108  107  106  105  106  108  111  114  116  118  119  117  117  119  117  118  122  130  134  134  132   2802
              1027   121  123  128  130  121  112  111  112  113  114  122  124  124  128  118  110  110  110  112  115  123  118  133  131   2863
              1028   126  117  128  130  124  124  130  130  130  133  134  135  133  135  135  135  135  135  137  137  137  138  138  140   3176
              1029   140  139  138  138  137  129  139  139  138  136  124  123  119  118  125  113  112  110  108  106  105  104  103  102   2945
              1030   100   99  100  100  103  102  105  106  109  116  122  120  127  130  120  115  111  112  131  123  112  110  107  106   2686
              1031   105  103  103  102  102  102  109  113  114  122  123  128  128  124  129  124  125  114  108  112  115  105  104  103   2717
              ------------------------------------------------------------------------------------------------------------------------------------
              TOTAL 3919 3861 3868 3842 3823 3785 3801 3801 3845 3891 3941 3988 4038 4036 4028 3981 3953 3943 3922 3910 3940 3939 3944 3926  93925
              MEAN   126  125  125  124  123  122  123  123  124  126  127  129  130  130  130  128  128  127  127  126  127  127  127  127   3030
              MAX    145  145  144  144  145  143  146  145  147  148  146  147  147  151  152  148  148  148  147  146  145  150  148  149   3474
                N     31   31   31   31   31   31   31   31   31   31   31   31   31   31   31   31   31   31   31   31   31   31   31   31     31
              NOTE                                                                                                                                
                                                                                                                                                  
                   *): WITH MISSING DATA; TOTAL,MEAN,MAXIMUM ESTIMATED                                                                            
                                                                                                                                                  
                                                                                                                                                  
