                                                                                                                                                  
                                                                                                                                                  
                                                                *******************************                                                   
                                                                  DOWNWARD LONGWAVE RADIATION                                                     
                                                                *******************************                                                   
                                                                                                                  COUNTRY = JAPAN                 
                                                                                                                                                  
                                                                                                                                                  
                                                                     UNIT  = 0.01 MJ/m**2                                                         
                        STATION    : Tateno                                                                                                       
                        STATION NO.: 47646                                                                                                        
                        LOCATION   : 140ﾟ08' E                                                                                                    
                                      36ﾟ03' N                                                                                                    
                        ALTITUDE   :   25.2  m                                                                                                    
                        YEAR/MONTH : 2012/03                                                                                                      
                                                                                                                                                  
              DATE   -01  -02  -03  -04  -05  -06  -07  -08  -09  -10  -11  -12  -13  -14  -15  -16  -17  -18  -19  -20  -21  -22  -23  -24  TOTAL
                                                                                                                                                  
               3 1   117  117  115  103   94  105  104  115  118  121  111  119  119  122  124  122  128  128  125  125  124  116  101  100   2773
               3 2   108  124  124  124  123  123  118  122  122  122  122  123  123  122  121  121  121  120  120  119  119  119  119  118   2897
               3 3   117  116  116  113  108   99  107  108  103   99  101  105  113  118  106   96   98   96  106  106  114  113  109   93   2560
               3 4   110  112  112  113  113  111  109  111  113  113  114  114  110  113  115  114  116  116  116  116  116  116  116  116   2725
               3 5   117  116  116  116  117  117  117  118  120  121  123  124  126  128  130  132  128  127  127  126  121  112  111  116   2906
               3 6   117  122  126  128  128  127  127  127  128  128  129  130  130  128  125  119  128  130  131  132  131  132  131  132   3066
               3 7   121  129  130  126  123  121  125  115  111  112  117  115  116  117  121  126  125  124  124  123  121  119  123  124   2908
               3 8   124  123  122  122  121  120  120  120  120  121  120  121  121  123  123  122  123  122  122  122  124  124  124  125   2929
               3 9   125  124  124  124  124  124  124  124  124  124  124  124  124  125  124  124  123  123  122  122  121  121  121  120   2959
               310   120  119  119  118  118  117  117  117  117  118  118  118  119  120  118  116  117  113  113  106   98   95   97   95   2723
               311    94  100  111  107  106  108  105  107  105  104  111  109  100  102  105  105  112  111  117  117  117  113   97   91   2554
               312    95   96   90   97   82   78   79   80   82   84   86   89   88   89   90   89   86   85   84   83   83   83   82   82   2062
               313    81   81   80   79   78   78   78   79   80   82   84   85   89   89   87   89   90   89  103   91   88   87   87   98   2052
               314    95   93   86   85   94   86   84   90   86   86   88   99   96   93   91   90   91   91   91   90   90   97   93   90   2175
               315    89   88   87   86   85   87   87   89   89   90   92   92   91   91   96   92   89   87   86   84   83   82   82   82   2106
               316    81   81   81   81   80   80   80   82   84   85   86   90   94  100  101   98   97  101   95  102  116  118  117  115   2245
               317   119  115  121  120  121  122  123  123  124  124  124  124  124  124  125  125  126  126  126  127  127  127  127  128   2972
               318   118  123  125  123  121  120  121  126  125  124  125  126  125  125  126  127  127  127  127  127  127  125  124  125   2989
               319   125  114  126  125  123  105   92   87   87   86   87   87   86   87  101  114  115  114  115  115  114  114  110  113   2542
               320   112  109  109  111  114  109  112  107  104  103   95   94   93   95   95   97   99   99   97   96   95   93   94   93   2425
               321    90   86   84   82   81   88   84   81   83   84   88   93   88   90   88   88   87   87   86   85   85   86   87   86   2067
               322    86   85   84   84   84   85   86   89   94   98  106  110  107  113  115  113  109  110  106  105  104   99   99  102   2373
               323   102  102  102  115  117  117  117  119  120  122  124  127  127  126  126  126  126  126  126  126  126  126  126  126   2897
               324   125  125  124  123  122  122  122  122  123  124  123  124  123  121  120  110   99   97   93   92   91   91   90   93   2699
               325    98  101  104  105  100   94  100   90   92   92   93  100  102   94   91   91   93   91   88   87   85   85   85   84   2245
               326    84   83   82   82   81   81   81   82   85   86   88   89   91   92   97   91   93   94   86   88   92   88   85   85   2086
               327    85   84   83   82   81   81   82   83   86   87   88   89   90   92   93   93   94   96   96   95   95   94   94   93   2136
               328    94   93   91   91   89   88   88   90   92   96  106  101  102  102  109  124  121  113   98   95   93   91   89   88   2344
               329    87   86   85   85   84   83   84   85   87   89   90   91   93   95   96   97   96   96   95   97  103  106  104  103   2217
               330    99   98  101  105  104  110  112  113  116  117  119  118  111  109  111  113  113  113  109  111  116  116  116  121   2671
               331   121  124  125  125  125  118  116  123  122  133  137  138  139  138  138  129  128  127  125  120  118  115  113  113   3010
              ------------------------------------------------------------------------------------------------------------------------------------
              TOTAL 3256 3269 3285 3280 3241 3204 3201 3224 3242 3275 3319 3368 3360 3383 3408 3393 3398 3379 3355 3330 3337 3303 3253 3250  79313
              MEAN   105  105  106  106  105  103  103  104  105  106  107  109  108  109  110  109  110  109  108  107  108  107  105  105   2558
              MAX    125  129  130  128  128  127  127  127  128  133  137  138  139  138  138  132  128  130  131  132  131  132  131  132   3066
                N     31   31   31   31   31   31   31   31   31   31   31   31   31   31   31   31   31   31   31   31   31   31   31   31     31
              NOTE                                                                                                                                
                                                                                                                                                  
                   *): WITH MISSING DATA; TOTAL,MEAN,MAXIMUM ESTIMATED                                                                            
                                                                                                                                                  
                                                                                                                                                  
