                                                                                                                                                  
                                                                                                                                                  
                                                                *******************************                                                   
                                                                  DOWNWARD LONGWAVE RADIATION                                                     
                                                                *******************************                                                   
                                                                                                                  COUNTRY = JAPAN                 
                                                                                                                                                  
                                                                                                                                                  
                                                                     UNIT  = 0.01 MJ/m**2                                                         
                        STATION    : Tateno                                                                                                       
                        STATION NO.: 47646                                                                                                        
                        LOCATION   : 140ﾟ08' E                                                                                                    
                                      36ﾟ03' N                                                                                                    
                        ALTITUDE   :   25.2  m                                                                                                    
                        YEAR/MONTH : 2012/11                                                                                                      
                                                                                                                                                  
              DATE   -01  -02  -03  -04  -05  -06  -07  -08  -09  -10  -11  -12  -13  -14  -15  -16  -17  -18  -19  -20  -21  -22  -23  -24  TOTAL
                                                                                                                                                  
              11 1   102  108  115  118  110  107  104  102  103  105  108  109  110  116  117  115  113  111  108  107  107  103  102  100   2600
              11 2    99   99  100  100   99   98   97   97   99  100  101  103  108  104  104  107  106  111  115  113  105  110  113  113   2501
              11 3   116  112  120  120  119  114  113  118  118  113  100  100  102  103  103  103  103  102  100  100   99   98   96   96   2568
              11 4    95   94   93   93   94   93   93   93   95   97   99  100  101  102  103  104  103  103  102  102  104  108  102  105   2378
              11 5   101  101  100  101  103  106  115  114  124  128  127  130  132  131  131  126  128  133  134  136  135  135  135  134   2940
              11 6   133  134  135  136  135  136  137  138  136  136  139  138  136  137  138  135  140  140  140  140  139  139  139  139   3295
              11 7   138  138  138  137  135  128  135  134  131  133  132  136  114  110  111  111  108  104  103  102  102  102  103  111   2896
              11 8   105  101  100   99   98   97   97   98  100  103  105  107  109  113  115  112  109  112  112  115  121  120  119  119   2586
              11 9   113  112  112  108  104  104  105  107  107  107  108  107  108  109  108  108  110  122  113  105  102  101   99   98   2577
              1110    97   97   96   97   97   97   97   98   99  101  103  104  106  107  114  123  111  110  110  120  113  108  105  105   2515
              1111   104  103  104  104  105  107  110  108  111  116  118  120  124  128  128  128  132  133  132  132  132  133  134  134   2880
              1112   135  136  136  134  133  133  136  135  137  140  141  140  140  137  133  131  116  115  117  126  123  111  121  118   3124
              1113   107  108  107  113  116  120  127  126  117  117  131  131  127  126  127  110  107  106  106  105  106  114  116  120   2790
              1114   115  108  100   98   97   96   95   95   96   98  100  101  101  102  102  103  100   97   97   94   94   93   92   92   2366
              1115    92   92   92   91   90   90   90   91   99  106  100  100  105  106  105  100   97   96   96   98  100   94   92   92   2314
              1116    93   92   92   92   91   91   92   92   94   97   98   99  100  101  101  101  101  100  100  100  100  100  101  101   2329
              1117   102  103  105  107  113  119  118  117  118  121  126  129  134  134  136  137  138  139  140  133  130  128  122  111   2960
              1118   104  100   99  100  100   99   99   98   98   99   99  100   99   98   98   96   95   95   93   92   93   97  104   99   2354
              1119   109  120  118  118  114  119  120  120  121  121  121  122  122  123  121  117  109  113  106   97   96   95   95   94   2711
              1120    94   94   94   93   93   92   91   92   93   96   99  100  101  102  102  102  101   99   99  106  103   99  103  104   2352
              1121   103  104   93   90   89   88   89   89   90   90   92   92   93   94   94   94   93   93   93  100  102  105  112  117   2299
              1122   122  120  121  121  121  118  118  111  109  110  115  115  117  112  103  103  101  101  100   99   99   99   99   99   2633
              1123   104  106  105  102  104  109  116  120  123  123  124  126  128  127  128  128  126  127  123  120  121  117  114  106   2827
              1124   120  122  116  121  120  119  119  119  118  117  114  110  107  102   97   97   97   97  108  106   99   93   91   89   2598
              1125    89   89   88   88   87   86   86   86   88   89   90   92   92   93   94  100   97   93   93  102  117  109  116  105   2269
              1126   108  109  120  122  118  116  117  118  120  122  124  126  124  128  128  127  126  125  124  122  121  123  120  122   2910
              1127   113  115   98   95   92   91   91   91   92   92   93   92   92   92   91   90   88   88   87   87   86   86   87   88   2217
              1128    88  103  107   98  111  107  103  103  113  113  116  118  121  121  122  122  122  112  115  116  116   99   92   91   2629
              1129    91   90   90   89   89   88   88   90   93   96  105  109  111  111  114  113  116  119  120  122  126  126  121  121   2538
              1130   123  120  107  117  121  122  121  117  112  112  122  125  127  126  118  118  115  115  113  114  114  110  113  112   2814
              ------------------------------------------------------------------------------------------------------------------------------------
              TOTAL 3215 3230 3201 3202 3198 3190 3219 3217 3254 3298 3350 3381 3391 3395 3386 3361 3308 3311 3299 3311 3305 3255 3258 3235  78770
              MEAN   107  108  107  107  107  106  107  107  108  110  112  113  113  113  113  112  110  110  110  110  110  109  109  108   2626
              MAX    138  138  138  137  135  136  137  138  137  140  141  140  140  137  138  137  140  140  140  140  139  139  139  139   3295
                N     30   30   30   30   30   30   30   30   30   30   30   30   30   30   30   30   30   30   30   30   30   30   30   30     30
              NOTE                                                                                                                                
                                                                                                                                                  
                   *): WITH MISSING DATA; TOTAL,MEAN,MAXIMUM ESTIMATED                                                                            
                                                                                                                                                  
                                                                                                                                                  
                                                                                                                                                  
