                                                                                                                                                  
                                                                                                                                                  
                                                                *******************************                                                   
                                                                  DOWNWARD LONGWAVE RADIATION                                                     
                                                                *******************************                                                   
                                                                                                                  COUNTRY = JAPAN                 
                                                                                                                                                  
                                                                                                                                                  
                                                                     UNIT  = 0.01 MJ/m**2                                                         
                        STATION    : Tateno                                                                                                       
                        STATION NO.: 47646                                                                                                        
                        LOCATION   : 140ﾟ08' E                                                                                                    
                                      36ﾟ03' N                                                                                                    
                        ALTITUDE   :   25.2  m                                                                                                    
                        YEAR/MONTH : 2012/05                                                                                                      
                                                                                                                                                  
              DATE   -01  -02  -03  -04  -05  -06  -07  -08  -09  -10  -11  -12  -13  -14  -15  -16  -17  -18  -19  -20  -21  -22  -23  -24  TOTAL
                                                                                                                                                  
               5 1   126  135  127  131  122  129  134  127  131  136  142  145  145  142  143  142  140  140  137  134  138  136  139  141   3262
               5 2   141  139  138  139  134  135  141  143  143  142  141  142  142  141  140  140  140  139  140  141  142  142  142  141   3368
               5 3   141  140  140  141  142  142  143  144  146  147  148  148  149  150  150  151  149  147  147  146  146  145  145  145   3492
               5 4   145  145  145  145  144  143  142  142  142  143  143  141  137  138  137  136  132  123  120  121  132  139  138  132   3305
               5 5   120  116  113  124  127  114  113  114  117  120  119  120  122  125  125  124  126  123  123  125  123  120  118  117   2888
               5 6   116  115  115  115  115  117  120  120  121  139  138  134  136  136  138  140  135  131  118  109  108  116  106  106   2944
               5 7   106  106  105  105  104  121  120  109  110  112  116  116  118  117  117  118  117  117  119  117  115  115  115  119   2734
               5 8   118  121  127  129  132  122  117  118  119  120  124  131  130  135  136  138  137  137  136  136  134  134  134  134   3099
               5 9   132  133  133  125  128  140  134  131  134  135  137  137  138  138  139  140  140  141  142  143  138  137  135  134   3264
               510   134  131  126  118  113  127  119  123  126  116  122  125  131  129  133  133  127  124  113  116  117  115  122  110   2950
               511   105  104  105  103  102  103  104  106  108  112  119  126  130  130  126  134  134  131  130  129  127  126  117  113   2824
               512   108  116  106  104  101  100  101  103  113  114  112  108  107  116  116  115  126  114  106  103  103  101  101  100   2594
               513   100  100   99   98   98   98   98  100  102  104  105  108  114  112  116  121  124  129  130  117  111  111  111  111   2617
               514   111  111  112  110  109  112  114  115  119  121  126  128  126  131  136  138  140  141  128  121  121  123  124  118   2935
               515   118  121  133  134  135  136  138  139  141  140  141  143  143  142  142  143  145  145  146  145  145  145  145  145   3350
               516   144  142  139  136  135  128  125  126  128  139  138  132  127  120  123  127  139  124  122  124  125  123  124  123   3113
               517   123  122  123  127  124  125  129  133  132  134  139  144  145  145  138  133  138  128  126  128  132  145  145  144   3202
               518   142  135  135  135  135  136  135  133  125  121  115  119  132  122  118  126  133  136  130  115  113  109  108  107   3015
               519   106  104  103  103  103  103  104  107  109  112  114  117  118  120  122  122  122  123  124  124  124  124  123  122   2753
               520   123  122  122  122  123  122  123  125  126  123  124  128  131  139  137  135  134  133  131  130  129  130  130  131   3073
               521   131  131  130  129  128  120  127  121  119  124  128  129  125  122  121  119  115  115  116  116  119  124  122  117   2948
               522   112  115  125  120  115  131  133  134  135  135  135  136  137  137  137  137  138  137  134  133  133  134  134  135   3152
               523   135  135  134  134  134  134  128  122  122  130  128  133  131  122  123  121  123  123  124  126  129  136  137  138   3102
               524   138  126  137  119  124  122  118  122  119  119  123  127  130  133  132  135  132  133  137  137  134  133  131  134   3095
               525   134  135  132  123  125  130  127  133  137  141  140  140  141  140  141  140  139  139  142  139  139  140  138  137   3272
               526   134  121  117  120  129  131  119  119  121  124  123  124  129  136  136  135  128  132  132  131  131  130  130  127   3059
               527   125  118  117  117  116  115  115  117  119  122  125  128  131  132  130  127  125  123  122  129  134  137  137  136   2997
               528   136  136  135  132  138  137  127  121  130  131  125  125  126  128  141  140  133  133  132  127  130  133  126  126   3148
               529   121  121  127  131  123  123  122  120  122  124  131  128  134  135  129  131  135  134  138  142  142  139  138  138   3128
               530   136  138  137  138  130  124  118  119  121  124  127  138  132  128  124  121  122  121  123  133  127  128  129  134   3072
               531   133  134  134  127  124  124  126  128  124  122  128  138  139  133  134  131  128  136  136  138  140  136  136  133   3162
              ------------------------------------------------------------------------------------------------------------------------------------
              TOTAL 3894 3868 3871 3834 3812 3844 3814 3814 3861 3926 3976 4038 4076 4074 4080 4093 4096 4052 4004 3975 3981 4006 3980 3948  94917
              MEAN   126  125  125  124  123  124  123  123  125  127  128  130  131  131  132  132  132  131  129  128  128  129  128  127   3062
              MAX    145  145  145  145  144  143  143  144  146  147  148  148  149  150  150  151  149  147  147  146  146  145  145  145   3492
                N     31   31   31   31   31   31   31   31   31   31   31   31   31   31   31   31   31   31   31   31   31   31   31   31     31
              NOTE                                                                                                                                
                                                                                                                                                  
                   *): WITH MISSING DATA; TOTAL,MEAN,MAXIMUM ESTIMATED                                                                            
                                                                                                                                                  
                                                                                                                                                  
