                                                                                                                                                  
                                                                                                                                                  
                                                                *******************************                                                   
                                                                  DOWNWARD LONGWAVE RADIATION                                                     
                                                                *******************************                                                   
                                                                                                                  COUNTRY = JAPAN                 
                                                                                                                                                  
                                                                                                                                                  
                                                                     UNIT  = 0.01 MJ/m**2                                                         
                        STATION    : Tateno                                                                                                       
                        STATION NO.: 47646                                                                                                        
                        LOCATION   : 140ﾟ08' E                                                                                                    
                                      36ﾟ03' N                                                                                                    
                        ALTITUDE   :   25.2  m                                                                                                    
                        YEAR/MONTH : 2012/04                                                                                                      
                                                                                                                                                  
              DATE   -01  -02  -03  -04  -05  -06  -07  -08  -09  -10  -11  -12  -13  -14  -15  -16  -17  -18  -19  -20  -21  -22  -23  -24  TOTAL
                                                                                                                                                  
               4 1   109   91   83   83   83   83   83   84   99  101   93   93   96   97  105  107  116  116  105   95   93   91   92   89   2287
               4 2    88   87   86   86   86   86   87   89   92   95   97   98   99  101  101  105  103  101  107  113  107  120  117  107   2358
               4 3   107  110  102  100  101  102  103  111  110  115  126  124  132  134  136  136  135  136  136  137  127  120  123  122   2885
               4 4    94   92   91   89   89   88   88   88   88   89   90   91   92   94   93   93   93   91   91   91   91   91   90   91   2178
               4 5    91   92   94   95   95   96   97   96   98  101  104  105  107  111  115  109  114  119  105  110  113  118  114  117   2516
               4 6   120  118  103   95  102  111  112  113  109  122  100  100  109  116  103  103  108  114  113  112  105   98   85   85   2556
               4 7    86   86   87   91  100  108   89   90   89   88   92   92  101  111  114  116  117  109   99  108  100  101   92   83   2349
               4 8    83   84   94   90   84   83   83   84   86   88   90   91   92   93   94   96   96   96   96   97   97   99  101  102   2199
               4 9   101  100  100   98   96   96   95   96   99  101  104  106  109  112  114  116  114  112  110  108  106  104  103  102   2502
               410   101   99   98   97   97   97   97   98  101  103  105  109  112  110  114  120  116  114  115  115  109  110  109  110   2556
               411   113  111  114  119  124  128  131  129  130  131  133  133  133  133  131  134  131  134  134  135  134  136  136  134   3101
               412   132  129  112  107  108  110  107  104  104  104  107  107  105  108  112  117  115  120  126  118  126  128  130  132   2768
               413   114  108  107  126  108  105  105  109  113  114  114  118  124  128  130  132  130  129  133  133  129  127  128  128   2892
               414   128  126  127  126  128  127  127  128  129  130  130  129  128  127  126  125  125  124  124  123  121  117  112  101   2988
               415    99   99   96   95   95   94   94   96  105  116  113  106  109  109  108  109  111  108  105  103  102  101  104  100   2477
               416   106   97   96  100   97   96   98  100  107  113  114  118  123  121  125  123  120  126  129  128  124  116  121  125   2723
               417   130  130  128  129  126  123  129  129  127  129  122  128  124  118  118  121  132  129  129  122  110  104  104  104   2945
               418   104  103  102  102  102  101  102  104  109  117  118  119  110  110  109  108  107  105  104  111  121  120  125  125   2638
               419   125  125  124  126  125  118  120  119  116  127  120  123  123  124  128  130  127  121  109  107  108  116  124  123   2908
               420   123  123  123  122  122  118  124  124  126  128  129  130  130  130  129  129  128  127  126  126  126  126  125  125   3019
               421   125  126  126  125  123  124  125  125  126  127  127  125  118  119  108  102  107  119  111  106  106  104  105  105   2814
               422   108  115  116  114  115  117  122  123  123  123  128  129  129  129  129  128  127  127  128  129  129  130  130  130   2978
               423   131  132  132  133  134  134  135  135  135  137  139  139  140  141  140  140  140  140  140  140  141  141  140  140   3299
               424   141  139  138  139  139  138  124  113  116  117  118  125  127  124  121  118  119  116  130  131  123  127  132  133   3048
               425   132  131  116  122  126  118  127  134  134  120  119  136  133  127  121  120  123  131  127  136  135  136  131  135   3070
               426   133  129  127  128  127  130  134  135  138  141  142  141  141  141  141  139  140  138  137  136  137  138  137  137   3267
               427   138  139  139  140  140  141  141  141  142  143  143  143  143  144  144  144  143  140  139  139  139  139  139  139   3382
               428   139  139  138  137  137  136  136  136  137  137  135  117  114  111  110  111  110  109  109  108  108  109  109  110   2942
               429   109  108  107  106  106  105  108  110  112  114  117  119  126  132  132  133  132  128  126  125  125  125  123  120   2848
               430   123  138  135  130  140  136  125  131  133  136  134  136  139  141  142  140  133  136  133  128  125  126  129  127   3196
              ------------------------------------------------------------------------------------------------------------------------------------
              TOTAL 3433 3406 3341 3350 3355 3349 3348 3374 3433 3507 3503 3530 3568 3596 3593 3604 3612 3615 3576 3570 3517 3518 3510 3481  83689
              MEAN   114  114  111  112  112  112  112  112  114  117  117  118  119  120  120  120  120  121  119  119  117  117  117  116   2790
              MAX    141  139  139  140  140  141  141  141  142  143  143  143  143  144  144  144  143  140  140  140  141  141  140  140   3382
                N     30   30   30   30   30   30   30   30   30   30   30   30   30   30   30   30   30   30   30   30   30   30   30   30     30
              NOTE                                                                                                                                
                                                                                                                                                  
                   *): WITH MISSING DATA; TOTAL,MEAN,MAXIMUM ESTIMATED                                                                            
                                                                                                                                                  
                                                                                                                                                  
                                                                                                                                                  
