                                                                                                                                                  
                                                                                                                                                  
                                                                *******************************                                                   
                                                                  DOWNWARD LONGWAVE RADIATION                                                     
                                                                *******************************                                                   
                                                                                                                  COUNTRY = JAPAN                 
                                                                                                                                                  
                                                                                                                                                  
                                                                     UNIT  = 0.01 MJ/m**2                                                         
                        STATION    : Tateno                                                                                                       
                        STATION NO.: 47646                                                                                                        
                        LOCATION   : 140ﾟ08' E                                                                                                    
                                      36ﾟ03' N                                                                                                    
                        ALTITUDE   :   25.2  m                                                                                                    
                        YEAR/MONTH : 2012/01                                                                                                      
                                                                                                                                                  
              DATE   -01  -02  -03  -04  -05  -06  -07  -08  -09  -10  -11  -12  -13  -14  -15  -16  -17  -18  -19  -20  -21  -22  -23  -24  TOTAL
                                                                                                                                                  
               1 1    92  109  109   95  103  112  111  111  102   99  111  104  105  107  107  108  105  101  101   93  103   96   90   90   2464
               1 2    89   89   87   92  101  101  108  111  111  112  108  102   96  104   96   99   94   88   85   84   83   82   82   82   2286
               1 3    82   81   81   81   81   81   80   81   82   85   85   88   88   97  100   94   95  103  105  105  102   97   90  101   2165
               1 4   109  102   91   85   83   83   84   83   84   86   86   87   87   89   90   94   95  108  103   88   83   81   81   81   2143
               1 5    80   80   79   78   78   78   78   79   81   82   82   84   85   85   84   83   83   82   82   82   81   81   81   80   1948
               1 6    80   80   80   79   79   80   80   81   81   83   88   92   89   89   89   88   88   88   88   95  100   97   91   86   2071
               1 7    84   83   82   81   79   80   80   80   80   81   83   84   86   88   94   88   84   82   81   80   80   81   80   81   1982
               1 8    80   80   79   79   79   79   79   79   79   81   82   84   86   87   87   87   87   86   86   85   95  101  106  109   2062
               1 9   111  108  105  101   99   86   84   83   85   87   88   90   92   92   92   92   92   91   90   90   90   90   89   88   2215
               110    87   86   85   83   83   83   82   82   82   84   87   91   98  103  100  106  106  102  102  111  117  117  109  113   2299
               111   102  100   97   91   94   95  108   97  108  109   94  103  108  102  101  113  115  108   82   80   78   77   75   75   2312
               112    74   74   74   74   75   75   75   75   76   76   77   78   79   81   82   85   83   82   81   81   82   81   82   82   1884
               113    81   81   81   80   80   80   79   82   80   81   82   84   86   88   89   90   89   88   88   88   88   86   85   84   2020
               114    83   82   81   80   80   79   79   78   78   79   80   81   82   83   84   84   84   83   84   84   82   83   83   83   1959
               115    85   81   85   85   83   83   83   83   83   87   89   88   90   92   94   97   97   98   98   98   98   99   97   97   2170
               116    97   97   94   92   94   95   91   97  100   98  103  104  105  105  106  106  106  108  107  106  106  106  106  107   2436
               117   105  104  105  104  104  103  104  100   93   82   82   83   84   85   87   86   86   87   90   86   85   85   84   84   2198
               118    84   83   82   82   81   81   80   80   81   83   85   87   89   91   92   92   90   90   91   91   90   90   90   90   2075
               119    89   87   86   85   84   84   85   86   89   92   96   98  103  107  114  114  112  110  110  112  112  113  114  115   2397
               120   115  116  115  114  115  116  116  116  115  115  116  116  116  116  116  115  115  115  115  115  114  113  111  112   2758
               121   113  112  110  114  114  114  114  115  115  116  115  117  117  117  117  118  118  118  116  116  116  116  117  117   2772
               122   117  117  117  117  116  118  118  119  119  120  120  120  121  122  121  121  119  101   95   92   92   91   91   90   2674
               123    89   91   93   90   95  113  112  111  115  114  115  114  117  118  118  118  114  113  117  116  114  113  113  113   2636
               124   111  107  101   89   91   83   78   77   77   77   78   79   81   84   87   84   91   96   87   93   95  105  102   84   2137
               125    84   84   83   88   93   84   81   81   79   79   80   81   82   83   84   85   86   97  106  103   86   82   81   81   2053
               126    80   79   79   79   78   76   75   75   76   77   77   78   79   82   79   79   79   79   78   77   77   77   76   77   1868
               127    77   76   77   77   77   77   76   76   77   78   81   83   84   84   85   85   87   89   85   82   81   80   80   80   1934
               128    80   80   79   80   81   96   85   80   78   79   79   79   80   81   82   81   81   79   78   79   78   76   76   78   1925
               129    81   84   88   84   81   77   77   78   76   77   78   79   79   79   78   77   77   76   76   77   76   76   76   76   1883
               130    76   75   75   75   75   75   75   75   75   77   78   81   85   80   79   78   79   79   79   79   79   80   79   79   1867
               131    77   77   76   75   75   76   75   74   75   77   79   80   82   83   84   84   86   84   81   81   81   81   79   79   1901
              ------------------------------------------------------------------------------------------------------------------------------------
              TOTAL 2794 2785 2756 2709 2731 2743 2732 2725 2732 2753 2784 2819 2861 2904 2918 2931 2923 2911 2867 2849 2844 2833 2796 2794  67494
              MEAN    90   90   89   87   88   88   88   88   88   89   90   91   92   94   94   95   94   94   92   92   92   91   90   90   2177
              MAX    117  117  117  117  116  118  118  119  119  120  120  120  121  122  121  121  119  118  117  116  117  117  117  117   2772
                N     31   31   31   31   31   31   31   31   31   31   31   31   31   31   31   31   31   31   31   31   31   31   31   31     31
              NOTE                                                                                                                                
                                                                                                                                                  
                   *): WITH MISSING DATA; TOTAL,MEAN,MAXIMUM ESTIMATED                                                                            
                                                                                                                                                  
                                                                                                                                                  
