                                                                                                                                                  
                                                                                                                                                  
                                                                *******************************                                                   
                                                                  DOWNWARD LONGWAVE RADIATION                                                     
                                                                *******************************                                                   
                                                                                                                  COUNTRY = JAPAN                 
                                                                                                                                                  
                                                                                                                                                  
                                                                     UNIT  = 0.01 MJ/m**2                                                         
                        STATION    : Tateno                                                                                                       
                        STATION NO.: 47646                                                                                                        
                        LOCATION   : 140ﾟ08' E                                                                                                    
                                      36ﾟ03' N                                                                                                    
                        ALTITUDE   :   25.2  m                                                                                                    
                        YEAR/MONTH : 2012/06                                                                                                      
                                                                                                                                                  
              DATE   -01  -02  -03  -04  -05  -06  -07  -08  -09  -10  -11  -12  -13  -14  -15  -16  -17  -18  -19  -20  -21  -22  -23  -24  TOTAL
                                                                                                                                                  
               6 1   131  129  131  129  132  130  134  135  138  141  140  138  136  130  131  137  147  142  138  137  132  131  120  120   3209
               6 2   120  120  119  119  118  117  119  122  125  127  129  131  131  132  129  127  130  130  130  129  128  129  137  138   3036
               6 3   137  136  138  137  139  137  134  137  134  132  129  128  131  133  133  127  123  122  119  128  128  132  132  125   3151
               6 4   129  126  136  135  123  115  121  119  121  124  127  129  129  128  136  134  135  134  130  129  131  131  131  130   3083
               6 5   126  129  128  130  130  128  131  133  135  137  138  138  138  137  138  136  136  136  135  134  134  136  139  139   3221
               6 6   139  139  143  144  143  142  140  140  140  141  142  141  140  139  136  139  138  139  136  130  129  118  118  116   3272
               6 7   115  116  116  117  116  119  133  125  121  126  128  132  130  129  131  130  131  130  131  133  133  131  131  127   3031
               6 8   139  144  146  138  127  125  131  141  147  146  142  136  137  142  139  136  138  140  139  137  139  140  143  144   3336
               6 9   144  143  142  141  142  141  143  142  144  144  143  144  145  146  146  145  144  144  144  144  144  144  144  144   3447
               610   143  143  143  141  139  130  126  127  130  143  138  139  146  146  141  145  144  144  143  143  143  143  143  142   3365
               611   142  141  141  141  142  141  143  140  140  144  144  143  134  126  124  124  129  131  131  130  131  130  136  134   3262
               612   133  132  132  135  132  134  132  137  136  138  139  139  139  139  139  139  139  137  136  137  138  139  138  139   3278
               613   138  138  137  137  135  136  137  137  137  138  137  136  130  128  129  128  127  125  121  119  119  119  121  131   3140
               614   136  136  135  133  135  135  135  136  136  135  135  140  137  125  122  121  121  120  119  118  117  116  116  116   3075
               615   116  116  123  132  133  135  137  124  121  124  126  129  140  130  128  127  129  129  129  130  130  131  133  137   3089
               616   137  133  135  136  136  137  139  142  143  145  146  147  147  147  147  148  149  149  149  149  148  148  148  148   3453
               617   147  148  148  148  148  148  148  149  149  149  147  145  140  139  138  139  141  140  139  139  138  137  135  132   3431
               618   133  129  128  136  132  134  131  139  142  142  149  152  151  143  137  135  138  141  139  142  139  139  144  143   3338
               619   142  143  141  150  150  149  149  150  152  152  151  152  153  153  152  153  154  155  155  154  153  153  154  155   3625
               620   156  151  149  144  140  140  141  142  145  149  147  151  154  153  153  152  150  143  140  135  133  133  131  129   3461
               621   140  138  138  137  137  138  142  143  144  148  149  150  152  151  150  149  147  146  145  144  144  144  146  144   3466
               622   147  145  143  145  146  144  143  143  144  144  145  145  145  144  145  144  139  140  137  133  144  142  141  144   3432
               623   142  145  144  144  143  143  142  141  134  140  143  138  145  145  138  135  135  131  131  130  129  129  130  132   3309
               624   132  133  142  144  131  131  144  136  131  131  129  129  128  127  128  128  129  132  130  132  138  141  142  141   3209
               625   141  140  140  139  139  139  139  139  139  140  139  139  139  139  139  132  135  138  138  138  138  137  124  123   3293
               626   114  113  110  108  106  106  108  110  112  115  118  119  119  120  119  119  118  118  117  116  116  126  126  115   2768
               627   115  115  115  115  116  119  118  129  132  122  124  125  125  126  125  125  122  121  122  123  120  119  119  119   2911
               628   119  120  119  123  127  131  130  140  137  130  132  138  141  140  139  140  141  141  133  137  135  135  137  133   3198
               629   130  134  136  138  136  129  126  130  145  145  142  138  130  134  139  135  132  128  127  126  130  127  126  125   3188
               630   125  124  125  124  124  123  129  128  135  137  136  134  130  131  133  131  127  127  126  126  128  131  133  134   3101
              ------------------------------------------------------------------------------------------------------------------------------------
              TOTAL 4008 3999 4023 4040 3997 3976 4025 4056 4089 4129 4134 4145 4142 4102 4084 4060 4068 4053 4009 4002 4009 4011 4018 3999  97178
              MEAN   134  133  134  135  133  133  134  135  136  138  138  138  138  137  136  135  136  135  134  133  134  134  134  133   3239
              MAX    156  151  149  150  150  149  149  150  152  152  151  152  154  153  153  153  154  155  155  154  153  153  154  155   3625
                N     30   30   30   30   30   30   30   30   30   30   30   30   30   30   30   30   30   30   30   30   30   30   30   30     30
              NOTE                                                                                                                                
                                                                                                                                                  
                   *): WITH MISSING DATA; TOTAL,MEAN,MAXIMUM ESTIMATED                                                                            
                                                                                                                                                  
                                                                                                                                                  
                                                                                                                                                  
