                                                                                                                                                  
                                                                                                                                                  
                                                                *******************************                                                   
                                                                  DOWNWARD LONGWAVE RADIATION                                                     
                                                                *******************************                                                   
                                                                                                                  COUNTRY = JAPAN                 
                                                                                                                                                  
                                                                                                                                                  
                                                                     UNIT  = 0.01 MJ/m**2                                                         
                        STATION    : Tateno                                                                                                       
                        STATION NO.: 47646                                                                                                        
                        LOCATION   : 140ﾟ08' E                                                                                                    
                                      36ﾟ03' N                                                                                                    
                        ALTITUDE   :   25.2  m                                                                                                    
                        YEAR/MONTH : 2012/02                                                                                                      
                                                                                                                                                  
              DATE   -01  -02  -03  -04  -05  -06  -07  -08  -09  -10  -11  -12  -13  -14  -15  -16  -17  -18  -19  -20  -21  -22  -23  -24  TOTAL
                                                                                                                                                  
               2 1    80   79   79   88   81   79   77   77   80   82   84   87   94  103   97  102   92   88   86   80   79   78   77   77   2026
               2 2    76   76   75   75   74   73   73   74   74   74   75   76   76   76   76   78   76   75   75   75   75   75   75   75   1802
               2 3    75   74   74   74   74   74   74   74   74   75   77   77   77   78   78   79   79   80   80   80   81   81   81   81   1851
               2 4    81   80   80   79   78   78   77   76   77   79   81   83   84   86   87   87   88   87   86   85   85   84   84   84   1976
               2 5    83   83   82   82   81   80   80   80   82   85  105  106  100  110  114  113  110  110  113  103   95   97  101   92   2287
               2 6    94   91   93   90   90   91   92   90  111   98  112  120  121  121  121  121  121  121  121  122  121  121  120  120   2623
               2 7   120  120  121  121  121  121  121  123  123  124  124  125  127  126  126  127  127  126  126  126  125  125  125  124   2974
               2 8   122  116  113  107  110  114  113  111  111  111  110  110  111  111  111  110  112  112  111  110  106  102   92   77   2613
               2 9    75   76   75   75   75   75   75   76   77   78   79   80   81   83   84   92   89   97   85   82   81   81   82   87   1940
               210    92   90   91   93   87   91   85   88   85   83   85   87   89   89   89   90   90   89   89   88   87   87   86   85   2115
               211    83   83   82   81   79   79   78   79   80   81   82   88   86   84   85   86   86  105  100  107  107  100   96   91   2108
               212    84   82   80   78   79   78   78   79   81   82   84   84   83   83   82   82   81   80   80   80   80   80   80   80   1940
               213    80   83   83   89   99  103   95  105  106  103  107  107  111  113  112  105   99  107  106  110  115  116  114  114   2482
               214   106  103  118  114  118  120  120  119  119  119  119  119  120  120  120  120  120  118  118  118  119  118  119  119   2823
               215   119  119  119  119  119  119  118  115  111  113  113  114  114  115  116  116  115  114  113  108  101  110  102  105   2727
               216   109  110  111  110  110  109  108  105  109  109  109  109  109  108  108  108  108  107  105  107  108  112  112  113   2613
               217   112  111  111  102  105   92   97  109   85   84   85   86   93   99   99  101  100  107  110  110  111  104   88   97   2398
               218   106  106  107  108  101   89   76   75   74   75   78   80   78   78   79   84   82   78   77   75   74   74   72   72   1998
               219    72   72   72   72   72   72   72   72   73   75   76   78   80   81   81   81   82   81   80   80   80   82   82   82   1850
               220    81   81   80   79   77   77   77   77   78   80   82   83   84   85   86   87   88   89   88   87   87   88   88   88   1997
               221    87   85   84   82   81   80   79   79   81   83   85   89   91   92   93   94   94   98  107  110  113  112  112  110   2221
               222   111  105   97   90   95  106   94   98  112   98   93   92  105  103  100  108   97   98  116  118  119  119  120  120   2514
               223   121  122  121  121  121  120  121  121  120  121  122  122  122  123  122  120  104  102  101  101  101   98   95   92   2734
               224    93   98   94   93   92   92   92   92   92   92   93   94   96   96   96   96   97   97   97   98  112  119  120  120   2361
               225   120  121  120  120  119  118  119  120  119  118  118  119  119  119  120  119  120  118  116  116  115  114  113  112   2832
               226   111  108  103  102  102   99  104   95  100  101  103  106  108  110  110  110  112  112  112  112  112  110  109  108   2559
               227   108  108  108  105  104   99   97   86   80   83   87   87   84   81   82   83   87  100   84   80   79   78   80   83   2153
               228    83   93   85   85   97   92   84   84   83   79   81   84   89   97   98   95   90   87   88  102  110  111  112  112   2221
               229   112  113  114  114  114  113  114  114  114  114  114  114  114  115  116  115  115  116  117  117  116  116  116  116   2753
              ------------------------------------------------------------------------------------------------------------------------------------
              TOTAL 2796 2788 2772 2748 2755 2733 2690 2693 2711 2699 2763 2806 2846 2885 2888 2909 2861 2899 2887 2887 2894 2892 2853 2836  67491
              MEAN    96   96   96   95   95   94   93   93   93   93   95   97   98   99  100  100   99  100  100  100  100  100   98   98   2327
              MAX    122  122  121  121  121  121  121  123  123  124  124  125  127  126  126  127  127  126  126  126  125  125  125  124   2974
                N     29   29   29   29   29   29   29   29   29   29   29   29   29   29   29   29   29   29   29   29   29   29   29   29     29
              NOTE                                                                                                                                
                                                                                                                                                  
                   *): WITH MISSING DATA; TOTAL,MEAN,MAXIMUM ESTIMATED                                                                            
                                                                                                                                                  
                                                                                                                                                  
                                                                                                                                                  
                                                                                                                                                  
