                                                                                                                                                  
                                                                                                                                                  
                                                                *******************************                                                   
                                                                  DOWNWARD LONGWAVE RADIATION                                                     
                                                                *******************************                                                   
                                                                                                                  COUNTRY = JAPAN                 
                                                                                                                                                  
                                                                                                                                                  
                                                                     UNIT  = 0.01 MJ/m**2                                                         
                        STATION    : Tateno                                                                                                       
                        STATION NO.: 47646                                                                                                        
                        LOCATION   : 140ﾟ08' E                                                                                                    
                                      36ﾟ03' N                                                                                                    
                        ALTITUDE   :   25.2  m                                                                                                    
                        YEAR/MONTH : 2012/07                                                                                                      
                                                                                                                                                  
              DATE   -01  -02  -03  -04  -05  -06  -07  -08  -09  -10  -11  -12  -13  -14  -15  -16  -17  -18  -19  -20  -21  -22  -23  -24  TOTAL
                                                                                                                                                  
               7 1   137  133  131  132  130  131  131  132  139  137  140  144  147  148  150  151  150  148  148  147  147  147  147  146   3393
               7 2   146  146  146  146  147  147  148  148  149  150  149  150  151  151  142  137  134  134  132  132  139  147  148  148   3467
               7 3   146  146  142  138  136  140  146  147  144  147  147  150  154  155  155  156  153  154  152  151  151  151  151  150   3562
               7 4   150  150  150  150  148  147  139  134  143  145  148  148  151  146  141  143  144  141  139  141  145  147  148  148   3486
               7 5   147  150  150  146  151  153  153  154  155  153  153  148  150  151  152  152  152  150  146  145  145  146  147  151   3600
               7 6   149  147  147  147  148  148  150  149  141  144  151  151  152  154  155  155  156  153  151  153  152  151  153  154   3611
               7 7   155  155  155  155  155  154  154  154  153  154  154  155  154  152  151  150  149  149  149  149  147  148  149  148   3648
               7 8   149  149  148  148  149  148  148  148  148  148  148  147  145  141  144  140  134  132  131  138  138  137  137  135   3430
               7 9   142  143  136  127  131  141  129  129  131  133  135  136  142  146  147  146  144  140  138  138  138  141  140  140   3313
               710   137  135  135  136  134  134  138  142  139  144  145  147  148  149  149  156  150  145  141  140  140  138  136  134   3392
               711   133  133  132  132  135  133  134  143  142  141  143  141  141  143  146  146  146  145  143  144  145  145  154  150   3390
               712   155  158  158  158  157  156  156  157  158  158  157  156  156  157  155  155  155  155  154  154  155  157  159  157   3753
               713   158  157  158  158  158  155  153  156  156  158  157  157  155  157  157  155  154  153  153  153  153  153  152  155   3731
               714   159  157  158  159  159  159  159  160  159  159  158  157  156  154  158  155  156  158  156  154  148  153  153  154   3758
               715   152  149  152  153  149  146  149  150  156  154  156  159  158  155  154  152  151  150  149  149  146  145  145  144   3623
               716   143  144  144  144  143  143  144  146  148  149  150  151  151  152  151  151  154  156  156  155  155  155  149  148   3582
               717   148  147  146  147  146  144  145  146  148  150  152  153  155  155  155  155  159  156  157  155  152  149  148  153   3621
               718   147  146  144  143  142  142  144  147  149  150  152  153  152  152  152  152  154  155  155  156  155  154  154  153   3603
               719   150  149  144  143  151  150  149  147  149  155  156  153  147  146  147  146  147  144  146  148  147  146  145  145   3550
               720   144  144  144  144  143  144  144  144  145  145  144  144  144  145  145  144  144  144  144  143  143  142  142  141   3450
               721   141  141  141  141  141  141  141  141  143  145  145  145  145  146  147  147  147  147  145  142  137  142  144  143   3438
               722   143  143  143  143  144  143  144  145  145  146  147  147  147  148  148  149  149  149  148  147  148  147  148  148   3509
               723   148  148  148  148  148  147  148  146  146  148  148  145  155  158  156  146  144  143  148  154  144  150  154  146   3566
               724   141  140  141  139  138  144  146  147  147  151  151  155  157  158  158  158  157  156  150  153  152  146  145  151   3581
               725   151  148  144  143  143  144  144  147  149  150  153  157  160  162  163  163  160  160  160  159  157  159  159  157   3692
               726   153  153  152  150  147  147  151  152  151  154  158  159  157  157  158  158  157  155  156  160  157  151  149  148   3690
               727   147  146  154  155  152  148  148  148  150  151  153  155  157  158  159  163  163  157  155  152  150  149  147  148   3665
               728   149  147  146  146  145  145  147  149  151  154  159  160  162  161  162  159  156  154  154  155  156  154  155  151   3677
               729   158  160  153  156  151  152  148  149  152  156  159  161  162  159  157  156  154  152  152  153  152  150  147  148   3697
               730   148  149  156  161  148  147  148  150  154  154  154  154  154  153  153  153  152  152  151  149  146  142  140  138   3606
               731   137  140  137  134  136  155  150  143  144  141  141  142  145  146  145  143  143  142  140  139  139  140  139  140   3401
              ------------------------------------------------------------------------------------------------------------------------------------
              TOTAL 4563 4553 4535 4522 4505 4528 4528 4550 4584 4624 4663 4680 4710 4715 4712 4692 4668 4629 4599 4608 4579 4582 4584 4572 110485
              MEAN   147  147  146  146  145  146  146  147  148  149  150  151  152  152  152  151  151  149  148  149  148  148  148  147   3564
              MAX    159  160  158  161  159  159  159  160  159  159  159  161  162  162  163  163  163  160  160  160  157  159  159  157   3758
                N     31   31   31   31   31   31   31   31   31   31   31   31   31   31   31   31   31   31   31   31   31   31   31   31     31
              NOTE                                                                                                                                
                                                                                                                                                  
                   *): WITH MISSING DATA; TOTAL,MEAN,MAXIMUM ESTIMATED                                                                            
                                                                                                                                                  
                                                                                                                                                  
