                                                                                                                                                  
                                                                                                                                                  
                                                                *******************************                                                   
                                                                  DOWNWARD LONGWAVE RADIATION                                                     
                                                                *******************************                                                   
                                                                                                                  COUNTRY = JAPAN                 
                                                                                                                                                  
                                                                                                                                                  
                                                                     UNIT  = 0.01 MJ/m**2                                                         
                        STATION    : Tateno                                                                                                       
                        STATION NO.: 47646                                                                                                        
                        LOCATION   : 140ﾟ08' E                                                                                                    
                                      36ﾟ03' N                                                                                                    
                        ALTITUDE   :   25.2  m                                                                                                    
                        YEAR/MONTH : 2013/05                                                                                                      
                                                                                                                                                  
              DATE   -01  -02  -03  -04  -05  -06  -07  -08  -09  -10  -11  -12  -13  -14  -15  -16  -17  -18  -19  -20  -21  -22  -23  -24  TOTAL
                                                                                                                                                  
               5 1   134  133  132  131  128  128  125  124  121  118  115  112  111  122  116  109  123  124  124  112  106  122  125  126   2921
               5 2   127  124  126  128  127  126  125  122  116  121  108  104  104  104  106  106  108  112  120  118  102  100   98   97   2729
               5 3    99  109  115  112  114  111  115  115  110  109  102  103  104  105  107  111  108  108  107  106  106  106  114  116   2612
               5 4   104  102  102  101  101  104  105  105  108  111  111  120  119  117  118  122  118  114  112  110  109  115  109  109   2646
               5 5   106  105  103  102  100  100  101  103  105  106  108  109  110  111  112  112  114  112  113  121  118  118  113  113   2615
               5 6   109  108  108  108  107  107  108  110  112  116  117  117  118  118  122  123  122  136  122  115  113  110  108  106   2740
               5 7   104  103  102  101  100   99   99   99  101  108  121  113  116  123  125  124  124  119  108   96   95   94   95   94   2563
               5 8    93   92   92   91   91   91   92   95   96   98  102  104  106  108  109  109  110  110  108  107  106  105  105  104   2424
               5 9   103  103  103  102  102  102  103  105  108  110  112  113  116  118  117  118  119  119  118  117  116  115  115  114   2668
               510   114  112  111  110  111  111  111  115  119  119  121  120  124  125  124  129  130  133  131  132  134  134  135  136   2941
               511   136  136  134  131  133  132  131  136  140  140  140  140  140  140  140  140  140  140  139  138  138  139  140  138   3301
               512   137  137  138  138  138  136  133  126  118  120  125  132  133  134  130  120  129  135  135  134  134  134  134  134   3164
               513   133  133  133  133  133  133  133  134  135  136  136  131  130  131  135  128  126  127  142  144  143  143  137  123   3212
               514   121  120  119  118  118  117  117  118  119  122  125  127  125  126  130  132  134  127  121  118  131  142  143  142   3012
               515   139  136  136  137  137  133  136  137  133  122  128  129  134  134  135  137  126  124  121  119  119  120  119  119   3110
               516   120  121  124  120  122  121  124  137  132  123  126  124  124  124  125  133  138  138  136  133  130  131  130  128   3064
               517   128  129  124  109  120  119  104  105  105  108  110  112  111  111  111  110  110  109  108  108  107  107  107  107   2679
               518   106  106  126  132  129  134  137  129  126  128  131  131  126  123  120  120  119  120  123  124  125  124  124  125   2988
               519   121  116  117  119  118  115  118  121  125  121  118  124  132  132  133  134  137  140  138  139  139  140  142  141   3080
               520   142  140  140  140  140  140  142  144  145  146  148  149  148  148  148  149  150  150  150  149  149  149  149  150   3505
               521   149  149  149  149  148  146  142  133  135  138  136  136  135  130  127  128  128  128  127  125  127  139  133  140   3277
               522   135  129  131  138  124  122  137  125  127  122  125  127  128  130  133  133  137  130  128  128  129  129  129  129   3105
               523   129  127  126  132  126  116  130  119  120  119  120  119  119  119  119  118  118  125  129  132  130  133  133  132   2990
               524   125  115  113  114  110  108  110  111  113  116  117  119  121  122  124  126  130  123  121  116  113  112  111  111   2801
               525   109  108  108  107  107  123  131  122  118  114  126  124  117  117  117  117  117  117  124  132  124  125  128  136   2868
               526   132  136  133  135  134  134  132  135  142  138  145  144  145  142  143  146  136  137  136  130  126  124  123  122   3250
               527   122  123  122  122  123  138  140  129  134  139  138  138  142  142  137  140  137  135  134  131  132  130  130  127   3185
               528   131  133  139  136  136  127  127  133  134  136  140  143  146  143  143  144  139  140  142  137  138  140  140  140   3307
               529   140  139  142  143  143  142  142  142  143  140  145  145  148  147  146  145  145  144  144  143  142  140  144  144   3438
               530   142  144  145  147  147  147  147  149  149  150  150  150  151  151  151  151  151  151  151  151  151  152  151  151   3580
               531   151  146  143  140  138  130  118  117  118  120  121  123  122  122  122  122  122  121  121  121  120  117  113  112   3000
              ------------------------------------------------------------------------------------------------------------------------------------
              TOTAL 3841 3814 3836 3826 3805 3792 3815 3795 3807 3814 3867 3882 3905 3919 3925 3936 3945 3948 3933 3886 3852 3889 3877 3866  92775
              MEAN   124  123  124  123  123  122  123  122  123  123  125  125  126  126  127  127  127  127  127  125  124  125  125  125   2993
              MAX    151  149  149  149  148  147  147  149  149  150  150  150  151  151  151  151  151  151  151  151  151  152  151  151   3580
                N     31   31   31   31   31   31   31   31   31   31   31   31   31   31   31   31   31   31   31   31   31   31   31   31     31
              NOTE                                                                                                                                
                                                                                                                                                  
                   *): WITH MISSING DATA; TOTAL,MEAN,MAXIMUM ESTIMATED                                                                            
                                                                                                                                                  
                                                                                                                                                  
