                                                                                                                                                  
                                                                                                                                                  
                                                                *******************************                                                   
                                                                  DOWNWARD LONGWAVE RADIATION                                                     
                                                                *******************************                                                   
                                                                                                                  COUNTRY = JAPAN                 
                                                                                                                                                  
                                                                                                                                                  
                                                                     UNIT  = 0.01 MJ/m**2                                                         
                        STATION    : Tateno                                                                                                       
                        STATION NO.: 47646                                                                                                        
                        LOCATION   : 140ﾟ08' E                                                                                                    
                                      36ﾟ03' N                                                                                                    
                        ALTITUDE   :   25.2  m                                                                                                    
                        YEAR/MONTH : 2013/11                                                                                                      
                                                                                                                                                  
              DATE   -01  -02  -03  -04  -05  -06  -07  -08  -09  -10  -11  -12  -13  -14  -15  -16  -17  -18  -19  -20  -21  -22  -23  -24  TOTAL
                                                                                                                                                  
              11 1   108  106  105  103  103  101  102  103  104  106  109  113  113  113  117  111  111  109  109  108  108  108  108  108   2586
              11 2   108  111  110  120  112  126  128  127  130  119  132  134  138  138  138  137  138  137  137  136  138  138  138  138   3108
              11 3   138  130  124  122  121  121  120  117  118  119  122  124  125  126  128  128  130  133  136  138  135  137  136  134   3062
              11 4   129  133  136  137  137  136  136  137  137  135  136  137  135  131  135  135  133  125  113  114  107  105  104  103   3066
              11 5   102  102  101  100  100  100   99   99  100  101  103  105  107  107  106  107  106  105  105  104  104  104  104  103   2474
              11 6   103  102  101  101  101  100   99  100  102  109  107  109  110  110  110  110  109  109  109  115  115  116  119  120   2586
              11 7   122  123  122  126  128  130  131  131  131  132  133  133  131  137  139  132  123  126  116  110  109  113  127  119   3024
              11 8   104  103  102  101   99   98   97   98  100  102  104  105  107  109  111  111  110  109  107  106  105  105  107  105   2505
              11 9   105  104  103  113  117  118  124  123  128  128  128  124  131  132  131  131  132  132  133  133  133  126  132  132   2993
              1110   133  132  132  133  132  132  131  131  133  127  127  129  134  137  136  143  140  140  140  139  135  122  134  133   3205
              1111   130  128  126  127  121  124  124  121  122  124  123  113  118  117  130  126   99   94  102   89   88   87   87   87   2707
              1112    86   86   86   93   91   99  108   98   91   90   97  106  100   95  100  106   97   94   94   95   95   94   94   93   2288
              1113    91   88   87   87   87   86   86   87   88   89   90   92   94   94   99  100   93   91   91   90   90   89   89   88   2166
              1114    88   88   87   87   87   86   86   86   89   91   93   95   97   99  103  117  124  116  121  126  123  122  123  115   2449
              1115   112  118  118  115  120  116  116  116  117  122  123  123  124  125  126  126  123  121  114  109  107  105  102   98   2796
              1116    97   96   96   96   95   95   94   95   97   99  101  102  103  103  104  104  103  103  103  104  106  102  101  100   2399
              1117    99  100  100   99   97   97   97   96   97  101  103  104  106  108  109  115  111  109  108  110  111  111  109  107   2504
              1118   124  124  119  111  104  101  100  108  111  105  105  107  108  110  108  107  106  104  103  103  101  101  102  108   2580
              1119   113   99   95   94   92   91   90   91   91   97  104   97   97   97   97   98   98   96   94   91   91   91   89   89   2282
              1120    88   88   88   89   89   88   88   88   89   92   93   94   95   97   98  100  100   99   98   96   94   94   92   92   2229
              1121    93   93   92   92   91   92   91   91   93   94   96   97   98   98   99   99   99   98   98   98   97   96   96   95   2286
              1122    94   93   92   91   90   90   90   90   92   94   97   99  100  101  101  101  101  101  100  103  108  109  117  114   2368
              1123   100   96   94   92   91   91   91   90   92   94   95   96   97   98   98   97   98   98   98   99  100  104  100   99   2308
              1124    97   96   95   95   94   93   92   93   94   99   97   99  100  102  103  104  103  102  101   99   98   97   99   98   2350
              1125   101  106  114  122  122  121  123  122  122  129  124  122  125  124  126  129  132  134  137  138  140  142  142  141   3038
              1126   138  125  127  110  103  128  131  129  122  103  105  105  106  108  106  109  117  102  101   96   93   91   90   91   2636
              1127    93  104   99  104  106  109  117  108  106  110  110  106  101  103  101  101  103  108  102  101  102  105  110  114   2523
              1128   120  125  124  120  107  109  107  119  121  122  121  109  112  114  118  109   99   98   97   97   97   93   89   89   2616
              1129    88   87  102   99   95   93   88   87   86   87   89   90   91   92   91   93   94   92   91   90   89   89   89   89   2181
              1130    88   87   87   86   86   86   86   86   87   88   90   91   93   94   94   95   94   94   93   93   93   93   94   93   2171
              ------------------------------------------------------------------------------------------------------------------------------------
              TOTAL 3192 3173 3164 3165 3118 3157 3172 3167 3190 3208 3257 3260 3296 3319 3362 3381 3326 3279 3251 3230 3212 3189 3223 3195  77486
              MEAN   106  106  105  106  104  105  106  106  106  107  109  109  110  111  112  113  111  109  108  108  107  106  107  107   2583
              MAX    138  133  136  137  137  136  136  137  137  135  136  137  138  138  139  143  140  140  140  139  140  142  142  141   3205
                N     30   30   30   30   30   30   30   30   30   30   30   30   30   30   30   30   30   30   30   30   30   30   30   30     30
              NOTE                                                                                                                                
                                                                                                                                                  
                   *): WITH MISSING DATA; TOTAL,MEAN,MAXIMUM ESTIMATED                                                                            
                                                                                                                                                  
                                                                                                                                                  
                                                                                                                                                  
