                                                                                                                                                  
                                                                                                                                                  
                                                                *******************************                                                   
                                                                  DOWNWARD LONGWAVE RADIATION                                                     
                                                                *******************************                                                   
                                                                                                                  COUNTRY = JAPAN                 
                                                                                                                                                  
                                                                                                                                                  
                                                                     UNIT  = 0.01 MJ/m**2                                                         
                        STATION    : Tateno                                                                                                       
                        STATION NO.: 47646                                                                                                        
                        LOCATION   : 140ﾟ08' E                                                                                                    
                                      36ﾟ03' N                                                                                                    
                        ALTITUDE   :   25.2  m                                                                                                    
                        YEAR/MONTH : 2013/04                                                                                                      
                                                                                                                                                  
              DATE   -01  -02  -03  -04  -05  -06  -07  -08  -09  -10  -11  -12  -13  -14  -15  -16  -17  -18  -19  -20  -21  -22  -23  -24  TOTAL
                                                                                                                                                  
               4 1   117  111  117  108  114   92   91   92   94   96   97   99  103  103  103  105  117  112  121  124  125  125  125  121   2612
               4 2   126  127  127  127  126  127  127  128  130  131  133  133  133  133  134  133  133  134  134  134  135  136  137  137   3155
               4 3   136  136  137  137  137  136  135  136  135  134  131  130  130  129  129  124  122  120  113  109  106  105  105  105   3017
               4 4   103  103  102  102  101  100  100  101  104  105  108  108  110  111  115  128  124  119  114  114  116  116  119  122   2645
               4 5   122  118  111  117  120  114  125  113  126  119  121  118  115  116  116  116  113  111  111  113  113  112  111  112   2783
               4 6   112  112  112  113  126  126  118  123  131  128  131  133  133  135  135  136  136  136  138  138  138  138  140  143   3111
               4 7   144  143  141  139  141  142  142  139  130  123  120  118  117  115  117  134  128  122  117  109  106   99   95   95   2976
               4 8    95   95   94   93   91   88   89   90   91   92   92   93   95   96   98   98   98   98   98   98   97   97   97   97   2270
               4 9    97  100  100   96   96  104  103  108  112  114  121  123  125  119  112  112  112  111  111  111  112  112  111  110   2632
               410   107  105  103  105  121  107  103  102  107  110  109  114  120  119  118  113  122  123  123  123  125  126  121  108   2734
               411   114  110  117  118  119  118  116  117   92   92   94   95   98  117  121  111  100   96  101   96   94   96   95   92   2519
               412    90   88   87   87   86   85   86   88   90   92   93   95  100  105  116  114  107  100  113  123  115   98   97  101   2356
               413    94   90   89   88   87   87   88   90   91   93   95   96   97   99  100  100  101  101  101  100  100  101  100   99   2287
               414    99   98   98   97   99   97  100  104  108  109  112  114  116  122  124  124  123  122  120  120  119  113  110  113   2661
               415   114  120  124  122  115  111  111  110  114  111  110  111  111  112  111  111  114  118  115  106  109  104  102  100   2686
               416    99   99  106  112  123  102  100  103  105  106  113  120  132  131  132  129  130  128  118  121  122  119  117  117   2784
               417   117  120  117  121  121  121  122  123  123  131  133  131  131  131  131  130  129  127  125  118  116  115  115  115   2963
               418   115  115  115  114  114  112  111  112  117  128  133  135  124  120  120  118  118  118  119  129  133  132  122  121   2895
               419   121  121  124  135  133  131  129  126  125  119  124  113  109  120  123  121  120  120  119  118  118  117  117  117   2920
               420   117  117  117  117  117  117  117  118  118  118  119  120  121  121  122  121  121  121  121  120  120  120  120  120   2860
               421   120  120  120  120  120  120  120  121  120  120  121  121  122  123  122  122  120  111  106  111  112  110  110  100   2812
               422   100   93   90   86   86   86   87   88   90   91   93   95   97  101  105  102   99  107  113  108  101  100  101   92   2311
               423    92   91   90   90   89   89   90   92   95  100  107  116  118  121  122  113  119  112  115  120  125  124  121  118   2569
               424   123  117  118  123  127  127  129  130  133  136  134  135  136  136  136  136  137  137  137  138  138  138  140  141   3182
               425   141  141  138  136  125  117  112  110  111  114  115  117  118  121  119  117  115  113  123  127  131  130  129  128   2948
               426   120  118  122  125  132  123  123  122  120  117  115  114  116  119  116  115  121  130  126  124  122  115  110  104   2869
               427    98   97   96   96   96   96   97   98   99  101  103  103  104  104  104  104  101  102  100  101   98   95   95   95   2383
               428    96   95   95   96   96   96   97   98  100  102  104  107  105  105  104  104  104  104  104  103  101  100   98   98   2412
               429    98   97   95   95   95   95   97  100   98  102  112  114  113  119  118  116  116  116  116  118  121  123  124  126   2624
               430   127  126  123  121  122  121  125  133  136  139  136  135  135  136  135  135  135  134  135  138  136  136  135  134   3168
              ------------------------------------------------------------------------------------------------------------------------------------
              TOTAL 3354 3323 3325 3336 3375 3287 3290 3315 3345 3373 3429 3456 3484 3539 3558 3542 3535 3503 3507 3512 3504 3452 3419 3381  82144
              MEAN   112  111  111  111  113  110  110  111  112  112  114  115  116  118  119  118  118  117  117  117  117  115  114  113   2738
              MAX    144  143  141  139  141  142  142  139  136  139  136  135  136  136  136  136  137  137  138  138  138  138  140  143   3182
                N     30   30   30   30   30   30   30   30   30   30   30   30   30   30   30   30   30   30   30   30   30   30   30   30     30
              NOTE                                                                                                                                
                                                                                                                                                  
                   *): WITH MISSING DATA; TOTAL,MEAN,MAXIMUM ESTIMATED                                                                            
                                                                                                                                                  
                                                                                                                                                  
                                                                                                                                                  
