                                                                                                                                                  
                                                                                                                                                  
                                                                *******************************                                                   
                                                                  DOWNWARD LONGWAVE RADIATION                                                     
                                                                *******************************                                                   
                                                                                                                  COUNTRY = JAPAN                 
                                                                                                                                                  
                                                                                                                                                  
                                                                     UNIT  = 0.01 MJ/m**2                                                         
                        STATION    : Tateno                                                                                                       
                        STATION NO.: 47646                                                                                                        
                        LOCATION   : 140ﾟ08' E                                                                                                    
                                      36ﾟ03' N                                                                                                    
                        ALTITUDE   :   25.2  m                                                                                                    
                        YEAR/MONTH : 2013/10                                                                                                      
                                                                                                                                                  
              DATE   -01  -02  -03  -04  -05  -06  -07  -08  -09  -10  -11  -12  -13  -14  -15  -16  -17  -18  -19  -20  -21  -22  -23  -24  TOTAL
                                                                                                                                                  
              10 1   149  147  145  148  149  149  148  148  147  149  151  153  153  154  153  152  149  148  153  153  153  152  151  152   3606
              10 2   150  151  151  152  153  151  152  152  152  153  153  154  155  155  155  153  151  151  141  142  148  146  143  138   3602
              10 3   139  132  131  135  137  137  147  150  133  133  135  141  140  144  137  136  138  140  135  133  137  144  144  144   3322
              10 4   143  142  142  140  139  139  139  137  138  139  139  140  140  140  140  141  141  141  140  141  141  141  141  142   3366
              10 5   142  141  142  141  141  143  143  143  143  143  143  145  147  147  147  148  148  147  147  147  146  146  146  146   3472
              10 6   146  146  146  147  147  147  147  148  149  149  151  151  152  153  153  152  151  150  150  150  150  150  150  149   3584
              10 7   149  150  150  150  149  150  149  150  149  141  139  145  137  139  137  136  135  134  132  133  146  146  140  142   3428
              10 8   148  145  144  142  143  140  139  143  151  139  141  145  141  136  135  139  140  140  139  140  136  137  141  138   3382
              10 9   137  133  134  138  138  138  136  137  141  141  143  144  142  143  144  143  143  143  142  143  141  140  139  138   3361
              1010   138  137  137  136  136  136  142  152  149  148  149  148  150  147  138  139  145  137  137  141  149  150  148  144   3433
              1011   148  146  150  148  151  151  150  149  150  149  140  140  139  138  137  135  134  133  132  130  130  131  133  136   3380
              1012   137  137  136  135  134  133  133  134  135  135  134  135  135  135  140  140  136  134  143  132  122  116  114  113   3178
              1013   110  108  107  106  105  106  107  108  109  112  114  116  117  119  120  119  118  118  116  113  113  113  113  113   2700
              1014   111  110  110  111  109  109  110  113  122  131  121  122  126  128  130  127  128  125  122  122  125  127  132  124   2895
              1015   135  128  135  141  142  142  140  137  134  135  138  140  142  143  145  145  143  143  143  142  143  143  143  143   3365
              1016   143  143  143  144  143  143  143  140  140  136  144  143  143  137  136  132  136  129  133  125  125  122  113  111   3247
              1017   106  105  106  105  105  105  103  104  109  116  117  113  122  117  117  118  117  126  129  132  133  131  130  130   2796
              1018   129  120  117  114  115  114  114  114  115  115  112  111  113  117  118  122  126  124  126  126  123  123  126  125   2859
              1019   126  127  127  130  122  124  123  126  128  131  128  129  130  138  139  138  138  139  138  137  138  138  138  139   3171
              1020   137  133  124  131  136  138  139  140  139  139  139  139  138  137  138  138  139  139  139  139  140  140  140  140   3301
              1021   140  139  139  136  119  124  137  135  140  131  131  141  138  132  135  136  141  137  142  140  142  141  141  141   3278
              1022   140  140  139  139  138  138  135  133  130  138  140  139  140  140  139  138  138  136  136  136  136  136  135  132   3291
              1023   133  133  131  128  118  124  119  134  136  135  132  135  133  130  136  132  131  132  131  130  129  133  134  131   3140
              1024   130  129  128  127  127  132  136  136  138  139  139  139  139  141  141  142  141  141  140  136  138  138  132  141   3270
              1025   142  140  142  141  144  144  144  144  146  147  149  150  151  152  153  151  152  152  151  150  150  150  149  145   3539
              1026   144  142  141  141  140  139  138  137  135  135  135  135  134  134  132  131  125  123  114  117  119  109  105  105   3110
              1027   107  102  101  101  101  101  100  101  102  104  106  108  108  110  109  109  108  106  105  105  104  103  102  102   2505
              1028   101  101  101  100  100   99   99  100  103  106  106  107  108  109  109  109  108  108  108  108  108  109  112  117   2536
              1029   116  112  113  111  110  108  116  129  131  135  136  137  137  134  135  135  134  134  134  134  134  133  133  135   3066
              1030   130  133  134  136  136  135  134  116  115  116  117  121  132  128  123  123  121  135  137  138  134  119  114  110   3037
              1031   110  108  108  106  105  105  104  104  107  110  112  113  115  119  118  119  121  121  123  119  113  112  111  113   2696
              ------------------------------------------------------------------------------------------------------------------------------------
              TOTAL 4116 4060 4054 4060 4032 4044 4066 4094 4116 4130 4134 4179 4197 4196 4189 4178 4176 4166 4158 4134 4146 4119 4093 4079  98916
              MEAN   133  131  131  131  130  130  131  132  133  133  133  135  135  135  135  135  135  134  134  133  134  133  132  132   3191
              MAX    150  151  151  152  153  151  152  152  152  153  153  154  155  155  155  153  152  152  153  153  153  152  151  152   3606
                N     31   31   31   31   31   31   31   31   31   31   31   31   31   31   31   31   31   31   31   31   31   31   31   31     31
              NOTE                                                                                                                                
                                                                                                                                                  
                   *): WITH MISSING DATA; TOTAL,MEAN,MAXIMUM ESTIMATED                                                                            
                                                                                                                                                  
                                                                                                                                                  
