                                                                                                                                                  
                                                                                                                                                  
                                                                *******************************                                                   
                                                                  DOWNWARD LONGWAVE RADIATION                                                     
                                                                *******************************                                                   
                                                                                                                  COUNTRY = JAPAN                 
                                                                                                                                                  
                                                                                                                                                  
                                                                     UNIT  = 0.01 MJ/m**2                                                         
                        STATION    : Tateno                                                                                                       
                        STATION NO.: 47646                                                                                                        
                        LOCATION   : 140ﾟ08' E                                                                                                    
                                      36ﾟ03' N                                                                                                    
                        ALTITUDE   :   25.2  m                                                                                                    
                        YEAR/MONTH : 2013/02                                                                                                      
                                                                                                                                                  
              DATE   -01  -02  -03  -04  -05  -06  -07  -08  -09  -10  -11  -12  -13  -14  -15  -16  -17  -18  -19  -20  -21  -22  -23  -24  TOTAL
                                                                                                                                                  
               2 1    85   85   85   84   83   83   83   83   85   88   90   93   94   95   99  104  123  125  126  126  126  127  128  128   2428
               2 2   126  122  122  124  121  111  124  128  130  130  132  134  135  122  115  116  120  122  112  111  107  102   99   97   2862
               2 3    95   93   91   89   87   85   84   83   83   84   85   86   89   97  117  111   94   94   92   94  117  116  115  119   2300
               2 4   118  119  120  119  120  119  117  117  112  101   98  101  102  108  127  130  129  128  127  115  100   97   95   94   2713
               2 5    92   91   89   87   85   84   83   83   85   86   86   90   90   93   99  106  112  116  118  118  117  116  116  115   2357
               2 6   116  115  117  116  116  116  116  115  115  117  117  115  115  116  115  115  115  114  113  107  112  109   90   86   2698
               2 7    93  110  110  110  112  111  112  113   98   91   91   93   95   97   99  105  110  106   97   95   96   94   94  101   2433
               2 8    96   97  104  110  109  108  107   98   90  102  102   99   82   78   78   78   78   78   78   78   78   78   78   78   2162
               2 9    77   77   79   79   80   82   82   83   80   83   83   84   89   89   86   86   86   89   86   85   87   86   94   87   2019
               210    98  105   96   96  105   99   86   82   82   83   84   85   86   87   88   88   88   88   88   87   88   88   87   86   2150
               211    84   83   82   82   81   80   80   80   81   83   84   89   88   88   94  102   94   82   79   78   77   76   76   75   1998
               212    75   76   75   75   76   75   75   76   79   90  105  108  110  103  110  114  115  114  114  112  114  114  111  110   2326
               213   112  115  116  114  115  116  114  112  111   88   88   90   86   86   87   88   90   89   88   87   86   86   85   84   2333
               214    83   84   84   83   87  102  111  111  113  113  114  115  116  118  111  100  115  117  117  120  120  120  120  119   2593
               215   118  113  118  114  111  114  113  113  114  115  116  119  121  120  119  117  116  115  106  105   99   90   89   88   2663
               216    84   84   85   80   79   77   75   75   76   76   77   76   76   77   76   75   75   75   74   74   75   74   74   74   1843
               217    74   74   74   73   73   73   73   73   75   76   82   87   84   81   86   86   85   83   83   85  105  103  109  111   2008
               218   104   94   99   95   99  101   90   93  109  114  117  120  120  121  120  119  120  120  120  120  120  120  120  120   2675
               219   119  118  119  119  118  118  117  116  115  115  116  115  115  114  113  111  110  109  108  105  106  108  108  108   2720
               220   107  107  105   92   84   86   76   75   76   77   80   81   83   84   84   86   93   92   99   87   84   80   78   77   2073
               221    76   75   75   75   75   75   76   76   77   79   80   81   81   82   83   83   85   90   81   80   79   79   79   78   1900
               222    78   79   78   75   76   76   78   78   81   86   91   96   91   88   86   86   85   86   86   86   86   86   85   86   2009
               223    85   84   84   83   81   80   78   78   78   79   81   82   82   82   83   84   84   84   85   84   86   89   85   83   1984
               224    81   80   80   79   79   78   79   79   80   82   84   86   81   82   81   80   78   76   75   75   75   74   74   74   1892
               225    73   73   73   73   73   73   72   73   75   76   82   84   85   86   80   79   78   77   77   76   76   76   76   76   1842
               226    76   76   75   75   75   75   76   75   76   77   79   80   81   82   84   85   87   91   99  107  108   96  107  107   2049
               227   113  115  117  117  116  116  117  118  118  119  120  121  123  122  122  123  123  100   96   98   94   94   93   92   2687
               228    92   95   97  103  113  101  105  109  108  108  106   94   95   96   97   97   96   98   97   97   97   97   98  106   2402
              ------------------------------------------------------------------------------------------------------------------------------------
              TOTAL 2630 2639 2649 2621 2629 2614 2599 2595 2602 2618 2670 2704 2695 2694 2739 2754 2784 2758 2721 2692 2715 2675 2663 2659  64119
              MEAN    94   94   95   94   94   93   93   93   93   94   95   97   96   96   98   98   99   99   97   96   97   96   95   95   2290
              MAX    126  122  122  124  121  119  124  128  130  130  132  134  135  122  127  130  129  128  127  126  126  127  128  128   2862
                N     28   28   28   28   28   28   28   28   28   28   28   28   28   28   28   28   28   28   28   28   28   28   28   28     28
              NOTE                                                                                                                                
                                                                                                                                                  
                   *): WITH MISSING DATA; TOTAL,MEAN,MAXIMUM ESTIMATED                                                                            
                                                                                                                                                  
                                                                                                                                                  
                                                                                                                                                  
                                                                                                                                                  
                                                                                                                                                  
