                                                                                                                                                  
                                                                                                                                                  
                                                                *******************************                                                   
                                                                  DOWNWARD LONGWAVE RADIATION                                                     
                                                                *******************************                                                   
                                                                                                                  COUNTRY = JAPAN                 
                                                                                                                                                  
                                                                                                                                                  
                                                                     UNIT  = 0.01 MJ/m**2                                                         
                        STATION    : Tateno                                                                                                       
                        STATION NO.: 47646                                                                                                        
                        LOCATION   : 140ﾟ08' E                                                                                                    
                                      36ﾟ03' N                                                                                                    
                        ALTITUDE   :   25.2  m                                                                                                    
                        YEAR/MONTH : 2013/08                                                                                                      
                                                                                                                                                  
              DATE   -01  -02  -03  -04  -05  -06  -07  -08  -09  -10  -11  -12  -13  -14  -15  -16  -17  -18  -19  -20  -21  -22  -23  -24  TOTAL
                                                                                                                                                  
               8 1   151  147  153  156  156  155  153  154  152  156  160  163  164  162  159  159  153  156  154  143  141  147  151  148   3693
               8 2   150  145  148  148  149  149  149  149  149  148  152  154  151  150  146  154  147  140  147  149  145  139  145  149   3552
               8 3   149  148  140  142  147  134  134  136  141  141  146  155  155  149  151  152  154  147  148  157  150  150  153  153   3532
               8 4   153  151  153  154  154  153  151  153  149  156  159  160  157  157  156  163  158  155  154  154  153  152  153  145   3703
               8 5   144  146  146  145  148  146  150  148  152  154  159  158  159  156  154  159  156  155  153  152  151  149  148  149   3637
               8 6   159  157  150  147  148  147  150  153  160  157  159  162  159  157  159  159  159  159  160  158  155  154  157  154   3739
               8 7   151  150  155  154  145  152  157  157  143  146  149  152  152  152  152  160  160  160  158  157  148  146  146  145   3647
               8 8   145  144  144  144  143  142  143  144  147  152  156  161  161  161  161  158  157  155  155  157  155  155  151  150   3641
               8 9   150  151  150  149  148  147  147  150  154  159  160  161  163  161  161  160  158  158  157  155  155  154  154  154   3716
               810   155  153  152  151  152  151  152  155  157  164  163  164  170  168  166  167  164  164  164  162  162  163  161  161   3841
               811   157  157  156  157  154  154  154  155  158  161  163  169  170  170  168  169  163  160  157  158  157  154  153  153   3827
               812   152  150  148  147  158  154  149  150  152  154  156  156  156  154  153  153  152  152  152  151  155  157  160  159   3680
               813   157  157  156  154  150  147  146  150  157  150  154  154  156  153  150  147  148  153  155  154  153  149  155  155   3660
               814   145  143  142  143  142  140  142  144  147  145  146  148  150  151  151  150  150  148  147  145  144  144  143  142   3492
               815   141  141  140  140  141  140  142  144  146  148  150  152  153  151  152  158  154  151  149  148  148  149  148  148   3534
               816   149  147  145  144  143  143  143  146  157  155  156  154  151  151  152  154  154  151  148  145  146  146  146  145   3571
               817   143  142  141  142  141  141  142  147  149  150  150  152  153  152  150  149  147  146  145  144  144  144  144  143   3501
               818   144  143  144  143  143  143  144  147  151  157  158  156  154  153  152  151  150  149  148  148  149  147  147  147   3568
               819   147  147  146  146  146  146  147  149  157  157  157  164  164  161  157  154  153  151  148  148  149  148  147  147   3636
               820   146  146  146  147  147  146  149  150  151  154  158  157  159  162  160  158  155  155  159  159  162  163  161  161   3711
               821   158  159  157  155  159  159  159  158  155  155  162  163  161  161  158  159  156  158  153  155  156  158  158  157   3789
               822   156  155  151  157  157  156  157  157  153  159  160  161  160  150  151  153  154  155  154  154  155  153  151  149   3718
               823   149  157  156  154  156  149  158  160  158  164  164  160  160  165  161  163  161  161  159  157  158  156  156  154   3796
               824   156  155  156  152  150  147  150  150  151  150  151  154  151  156  158  160  157  153  157  153  150  157  155  147   3676
               825   152  150  155  152  151  153  154  154  155  153  153  153  154  155  156  155  155  150  147  140  138  136  135  135   3591
               826   136  133  133  131  130  128  128  131  133  137  139  148  148  144  142  145  143  145  144  144  146  147  149  152   3356
               827   152  146  145  145  148  146  145  133  134  134  143  142  144  148  143  140  142  141  136  136  136  137  140  137   3393
               828   137  135  134  132  130  128  129  131  133  136  138  139  141  142  145  147  144  143  142  142  144  143  149  151   3335
               829   139  137  139  136  135  135  140  139  145  147  146  149  152  149  150  147  145  144  143  144  144  147  146  149   3447
               830   148  144  145  144  144  147  147  147  148  150  153  156  158  159  160  161  160  162  166  159  157  153  150  151   3669
               831   155  153  150  149  148  145  146  151  153  162  157  158  163  162  160  159  156  153  152  150  149  149  150  151   3681
              ------------------------------------------------------------------------------------------------------------------------------------
              TOTAL 4626 4589 4576 4560 4563 4523 4557 4592 4647 4711 4777 4835 4849 4822 4794 4823 4765 4730 4711 4678 4655 4646 4662 4641 112332
              MEAN   149  148  148  147  147  146  147  148  150  152  154  156  156  156  155  156  154  153  152  151  150  150  150  150   3624
              MAX    159  159  157  157  159  159  159  160  160  164  164  169  170  170  168  169  164  164  166  162  162  163  161  161   3841
                N     31   31   31   31   31   31   31   31   31   31   31   31   31   31   31   31   31   31   31   31   31   31   31   31     31
              NOTE                                                                                                                                
                                                                                                                                                  
                   *): WITH MISSING DATA; TOTAL,MEAN,MAXIMUM ESTIMATED                                                                            
                                                                                                                                                  
                                                                                                                                                  
