                                                                                                                                                  
                                                                                                                                                  
                                                                *******************************                                                   
                                                                  DOWNWARD LONGWAVE RADIATION                                                     
                                                                *******************************                                                   
                                                                                                                  COUNTRY = JAPAN                 
                                                                                                                                                  
                                                                                                                                                  
                                                                     UNIT  = 0.01 MJ/m**2                                                         
                        STATION    : Tateno                                                                                                       
                        STATION NO.: 47646                                                                                                        
                        LOCATION   : 140ﾟ08' E                                                                                                    
                                      36ﾟ03' N                                                                                                    
                        ALTITUDE   :   25.2  m                                                                                                    
                        YEAR/MONTH : 2013/06                                                                                                      
                                                                                                                                                  
              DATE   -01  -02  -03  -04  -05  -06  -07  -08  -09  -10  -11  -12  -13  -14  -15  -16  -17  -18  -19  -20  -21  -22  -23  -24  TOTAL
                                                                                                                                                  
               6 1   111  111  111  110  108  108  109  110  112  117  121  124  124  127  123  131  130  135  134  138  130  130  139  138   2931
               6 2   136  139  139  138  136  131  128  128  129  125  124  123  118  116  116  118  116  117  122  124  130  133  133  131   3050
               6 3   127  121  114  117  116  119  120  120  122  121  122  122  125  126  129  129  130  127  125  124  122  121  119  116   2934
               6 4   115  114  114  114  114  126  137  123  119  122  125  129  129  130  130  130  131  129  128  124  123  123  122  122   2973
               6 5   121  121  121  121  120  126  127  134  136  136  138  135  135  132  132  130  129  127  127  126  126  126  127  125   3078
               6 6   130  126  125  127  127  126  128  129  130  134  135  138  141  142  142  141  140  138  138  140  136  136  136  138   3223
               6 7   141  136  137  137  139  137  140  141  140  138  140  140  141  138  130  132  126  125  134  138  134  136  137  137   3274
               6 8   138  138  140  140  138  136  134  137  139  138  127  130  126  127  128  132  131  130  125  125  123  122  121  121   3146
               6 9   120  120  120  120  120  119  119  122  123  126  130  137  135  131  133  135  137  137  137  136  137  137  136  136   3103
               610   136  137  141  138  138  136  138  137  141  142  140  146  148  148  147  146  145  144  145  146  146  144  144  141   3414
               611   142  138  142  142  139  138  143  146  146  148  148  148  148  148  147  148  148  147  146  145  146  145  146  146   3480
               612   145  146  146  146  146  147  147  147  148  149  149  149  150  151  152  152  151  151  151  150  150  149  149  149   3570
               613   150  150  150  150  150  150  150  150  151  151  151  152  151  151  151  151  151  150  150  149  149  149  149  149   3605
               614   150  150  150  150  150  150  151  151  152  153  154  155  153  152  153  153  147  150  150  151  154  153  149  150   3631
               615   150  152  154  148  149  140  143  153  155  157  158  159  158  158  156  152  150  156  152  155  156  155  155  153   3674
               616   153  153  151  151  151  151  151  151  152  152  152  151  152  152  150  153  152  143  139  136  137  143  148  147   3571
               617   148  148  149  146  137  146  149  150  151  145  150  149  142  140  140  143  144  140  145  139  138  147  151  144   3481
               618   140  151  152  151  152  152  148  146  148  145  146  150  155  160  157  157  157  153  152  150  149  147  148  148   3614
               619   147  149  148  148  150  153  155  155  154  154  153  153  154  155  155  157  156  155  155  153  152  152  152  150   3665
               620   150  149  147  149  149  146  149  147  149  151  151  151  147  148  149  149  151  149  150  149  145  147  146  145   3563
               621   148  148  148  149  148  143  143  148  148  145  143  143  143  144  144  144  146  144  144  143  144  145  144  144   3483
               622   141  132  129  136  142  145  145  141  136  141  137  141  142  147  148  146  146  142  144  137  135  132  129  126   3340
               623   125  127  125  127  130  132  134  129  135  139  139  134  137  135  136  136  138  139  138  142  142  143  145  144   3251
               624   142  146  146  147  148  148  147  147  148  148  148  147  150  149  141  144  139  138  139  134  137  138  142  144   3457
               625   144  142  137  145  139  144  147  136  144  143  142  137  136  136  137  146  149  138  137  138  135  135  136  137   3360
               626   141  142  140  145  139  140  140  142  144  147  150  150  150  150  150  148  146  146  147  147  146  147  146  147   3490
               627   146  144  142  143  142  142  141  137  140  137  131  133  132  128  128  128  127  126  130  129  139  143  128  127   3243
               628   130  134  130  137  137  136  133  138  142  140  139  141  146  144  141  140  140  141  142  139  136  136  137  135   3314
               629   137  136  136  138  138  137  134  142  145  146  147  144  134  133  132  131  133  132  132  135  135  142  143  141   3303
               630   140  143  141  146  145  146  146  147  148  147  146  152  148  146  148  149  140  137  137  141  138  140  141  135   3447
              ------------------------------------------------------------------------------------------------------------------------------------
              TOTAL 4144 4143 4125 4156 4137 4150 4176 4184 4227 4237 4236 4263 4250 4244 4225 4251 4226 4186 4195 4183 4170 4196 4198 4166 100668
              MEAN   138  138  138  139  138  138  139  139  141  141  141  142  142  141  141  142  141  140  140  139  139  140  140  139   3356
              MAX    153  153  154  151  152  153  155  155  155  157  158  159  158  160  157  157  157  156  155  155  156  155  155  153   3674
                N     30   30   30   30   30   30   30   30   30   30   30   30   30   30   30   30   30   30   30   30   30   30   30   30     30
              NOTE                                                                                                                                
                                                                                                                                                  
                   *): WITH MISSING DATA; TOTAL,MEAN,MAXIMUM ESTIMATED                                                                            
                                                                                                                                                  
                                                                                                                                                  
                                                                                                                                                  
