                                                                                                                                                  
                                                                                                                                                  
                                                                *******************************                                                   
                                                                  DOWNWARD LONGWAVE RADIATION                                                     
                                                                *******************************                                                   
                                                                                                                  COUNTRY = JAPAN                 
                                                                                                                                                  
                                                                                                                                                  
                                                                     UNIT  = 0.01 MJ/m**2                                                         
                        STATION    : Tateno                                                                                                       
                        STATION NO.: 47646                                                                                                        
                        LOCATION   : 140ﾟ08' E                                                                                                    
                                      36ﾟ03' N                                                                                                    
                        ALTITUDE   :   25.2  m                                                                                                    
                        YEAR/MONTH : 2013/07                                                                                                      
                                                                                                                                                  
              DATE   -01  -02  -03  -04  -05  -06  -07  -08  -09  -10  -11  -12  -13  -14  -15  -16  -17  -18  -19  -20  -21  -22  -23  -24  TOTAL
                                                                                                                                                  
               7 1   135  143  140  133  138  144  139  139  140  141  141  143  146  151  149  149  147  143  135  134  134  130  129  129   3352
               7 2   134  144  144  143  131  124  131  130  130  133  141  141  139  144  143  142  133  132  131  130  131  130  133  137   3251
               7 3   136  131  132  138  139  141  142  142  145  147  147  148  146  150  152  151  151  150  152  152  152  152  146  144   3486
               7 4   152  153  154  154  154  154  153  154  154  157  158  158  158  158  158  155  151  150  150  148  155  155  154  154   3701
               7 5   154  152  153  153  156  157  159  156  155  157  157  157  157  155  155  152  151  148  146  144  142  142  141  142   3641
               7 6   141  142  144  144  144  144  145  146  148  151  152  152  152  151  152  152  152  149  147  145  146  146  145  145   3535
               7 7   147  145  144  144  143  143  143  146  149  152  156  160  162  165  165  164  162  159  154  147  149  151  148  150   3648
               7 8   149  148  149  146  145  145  146  149  151  152  155  157  157  157  156  155  154  157  155  153  147  148  144  143   3618
               7 9   143  142  142  141  141  140  142  144  146  148  150  152  153  153  153  154  155  153  155  152  152  152  148  149   3560
               710   148  146  147  146  144  144  145  148  151  154  156  158  160  160  160  163  161  162  160  153  152  155  150  149   3672
               711   151  149  148  147  146  146  146  148  150  152  153  156  158  160  162  164  160  158  158  160  156  153  151  150   3682
               712   150  150  148  148  146  144  144  145  147  148  150  151  155  155  155  153  153  153  150  148  154  148  144  144   3583
               713   143  143  143  140  139  139  147  149  155  158  159  162  163  161  162  161  159  158  159  157  155  155  154  154   3675
               714   151  153  153  148  151  148  148  154  150  155  157  154  152  156  157  155  150  150  149  147  148  156  152  149   3643
               715   150  149  152  152  151  149  146  148  145  145  146  151  154  155  153  147  145  141  135  142  136  135  135  134   3496
               716   133  132  135  139  137  133  130  137  137  144  148  146  141  137  137  144  148  141  137  139  140  134  134  136   3319
               717   140  143  143  142  141  141  142  142  148  147  146  149  148  146  146  147  148  148  147  146  147  150  150  148   3495
               718   148  150  152  153  154  154  154  155  155  155  154  150  148  150  155  155  154  155  158  149  146  152  142  146   3644
               719   141  137  137  133  128  127  129  130  133  137  143  143  143  139  134  135  144  141  135  130  129  129  131  134   3242
               720   132  131  128  134  131  127  130  134  136  140  142  142  143  142  141  134  130  129  129  129  138  145  142  132   3241
               721   134  141  141  140  141  136  133  138  142  143  142  146  146  146  145  141  144  138  135  133  135  138  137  135   3350
               722   148  148  149  149  149  144  141  144  140  141  149  147  150  157  160  153  152  156  157  156  147  146  148  146   3577
               723   143  148  150  151  147  147  149  149  148  153  155  157  154  153  145  145  146  154  150  151  153  147  149  150   3594
               724   152  152  152  152  152  152  151  153  153  154  154  154  156  155  155  154  154  153  153  153  152  152  151  151   3670
               725   150  150  151  151  152  152  152  153  154  155  156  156  156  157  154  157  155  157  152  148  151  152  154  157   3682
               726   157  157  153  144  150  153  148  150  156  159  157  157  155  161  155  157  157  154  154  151  150  156  154  152   3697
               727   154  149  147  151  152  152  157  158  160  155  158  152  156  153  155  155  148  152  155  157  151  149  147  147   3670
               728   146  146  147  142  141  137  143  141  141  148  146  145  147  150  153  148  148  145  146  153  149  151  151  149   3513
               729   149  143  145  148  150  152  152  154  155  156  156  156  158  157  158  158  156  157  157  155  153  154  154  155   3688
               730   156  154  154  153  153  155  150  154  157  153  153  156  156  156  153  150  149  149  147  149  153  154  156  155   3675
               731   156  156  155  154  150  149  152  155  156  156  157  159  158  157  151  153  153  148  148  154  154  154  155  155   3695
              ------------------------------------------------------------------------------------------------------------------------------------
              TOTAL 4523 4527 4532 4513 4496 4473 4489 4545 4587 4646 4694 4715 4727 4747 4729 4703 4670 4640 4596 4565 4557 4571 4529 4521 110295
              MEAN   146  146  146  146  145  144  145  147  148  150  151  152  152  153  153  152  151  150  148  147  147  147  146  146   3558
              MAX    157  157  155  154  156  157  159  158  160  159  159  162  163  165  165  164  162  162  160  160  156  156  156  157   3701
                N     31   31   31   31   31   31   31   31   31   31   31   31   31   31   31   31   31   31   31   31   31   31   31   31     31
              NOTE                                                                                                                                
                                                                                                                                                  
                   *): WITH MISSING DATA; TOTAL,MEAN,MAXIMUM ESTIMATED                                                                            
                                                                                                                                                  
                                                                                                                                                  
