                                                                                                                                                  
                                                                                                                                                  
                                                                *******************************                                                   
                                                                  DOWNWARD LONGWAVE RADIATION                                                     
                                                                *******************************                                                   
                                                                                                                  COUNTRY = JAPAN                 
                                                                                                                                                  
                                                                                                                                                  
                                                                     UNIT  = 0.01 MJ/m**2                                                         
                        STATION    : Tateno                                                                                                       
                        STATION NO.: 47646                                                                                                        
                        LOCATION   : 140ﾟ08' E                                                                                                    
                                      36ﾟ03' N                                                                                                    
                        ALTITUDE   :   25.2  m                                                                                                    
                        YEAR/MONTH : 2013/01                                                                                                      
                                                                                                                                                  
              DATE   -01  -02  -03  -04  -05  -06  -07  -08  -09  -10  -11  -12  -13  -14  -15  -16  -17  -18  -19  -20  -21  -22  -23  -24  TOTAL
                                                                                                                                                  
               1 1    82   82   82   81   81   80   80   80   80   82   84   85   86   87   87   88   87   87   87   87   86   86   87   85   2019
               1 2    85   85   84   85   86   85   85   85   87   88   91   93   95   96   97   97   96   94   93   94   94   93   93   93   2174
               1 3    92   90   88   86   85   94   99   98   97   86   81   82   83   82   85   95   96   92   80   77   77   76   76   77   2074
               1 4    77   77   76   75   75   75   75   75   75   76   77   78   78   79   79   78   78   76   76   76   77   77   77   77   1839
               1 5    76   76   76   75   75   75   75   75   78   84   89   93  104  108  104  105   96   93   88   87   84   84   85   86   2071
               1 6    84   81   79   77   77   77   77   77   78   80   82   89   95   99   97   99   97   95   94   88   86   84   83   82   2057
               1 7    81   81   80   80   89   83   83   95   94   97   85   85   87   88   95   96   91   92   89   89   90  102  101   93   2146
               1 8   107  100  111  101  108   98   98  105  101   98   92   92   93   97   98   95   94   92   91   91   91   91   90   96   2330
               1 9    96  107  113  114  114  114  115  112  113  101  102  113  100   95  100  103  104  100  103  110  111  107   91  105   2543
               110   105  101  106  107  104   95   90   82   83   85   84   83   83   84   84   84   84   84   83   81   81   81   83   88   2125
               111    80   78   78   78   78   78   77   77   78   79   81   82   83   83   83   83   82   82   82   82   82   82   82   83   1933
               112    89  109  104  102  104  101  104   86   96   96  100   97   91   86   87   87   87   87   87   85   85   85   85   85   2225
               113    84   84   83   83   83   83   84   83   84   85   87   90   98   97   96   97  100  107  105  106  111  110  111  114   2265
               114   115  116  120  122  121  122  121  120  119  117  116  115  114  114  114  114  114  115  115  115  113  109   97   85   2743
               115    87   85   85   84   83   82   82   82   83   83   83   85   84   84   84   84   88   93   96   90   93   89   95   87   2071
               116    84   87  105  108  109  109  109  109  109  108  101  107  106   91   88   88   87   87   86   86   86   86   86   85   2307
               117    85   84   83   83   82   82   81   80   81   83   84   88   90   90   90   88   86   84   84   90   90   88   92   80   2048
               118    80   78   76   76   75   75   75   75   75   77   78   79   78   79   78   78   78   78   78   78   78   78   78   78   1856
               119    78   78   78   78   79   79   78   79   80   82   83   84   85   86   86   87   89   93   97  108  101   97   90   85   2060
               120    84   83   83   82   82   81   81   81   82   83   84   85   87   88   89   91   92   86   85   84   92   97   92   95   2069
               121    92   85   89   81   91   94   93   98   92   91   89   87   87   91   99   96   92   92  101  113  118  119  120  120   2330
               122   120  120  120  119  118  118  118  118  119  119  119  119  120  120  107  114  101   95   93   92   92   92   98   91   2642
               123    87   86   85   84   84   83   85   86   87   88   89   93   99  103  104  102  101   99  103  100  111  113  115  117   2304
               124   116  115  115  115  115  114  114  114  114  109  115  113  103  100  118  120  111   94   94   98   93   91   91   91   2573
               125    90   89   89   90  107  109  100   97  102  100   87   94   99   97   89   86   83   82   81   80   78   78   78   78   2163
               126    77   76   76   76   76   76   76   76   77   79   80   83   94   89   87   87   81   79   78   78   76   75   75   75   1902
               127    76   76   77   77   78   78   78   78   78   80   82   83   84   84   85   84   84   83   83   83   82   82   82  100   1957
               128   104  102  104  106  109  110  109  107  105  101   92   84   83   85   86   87   84   83   83   83   84   84   83   83   2241
               129    83   82   82   82   81   81   81   81   82   84   86   87   88   88   88   88   87   86   86   85   85   85   85   94   2037
               130    84   86   86   85   84   84   83   84   85   86   89   91   92   93   94   94   92   94  114  103   85   83   81   79   2131
               131    78   79   78   78   77   77   77   79   84   84   84   83   85   88   90   86   86   86   86   85   85   85   85   86   1991
              ------------------------------------------------------------------------------------------------------------------------------------
              TOTAL 2758 2758 2791 2770 2810 2792 2783 2774 2798 2791 2776 2822 2854 2851 2868 2881 2828 2790 2801 2804 2797 2789 2767 2773  67226
              MEAN    89   89   90   89   91   90   90   89   90   90   90   91   92   92   93   93   91   90   90   90   90   90   89   89   2169
              MAX    120  120  120  122  121  122  121  120  119  119  119  119  120  120  118  120  114  115  115  115  118  119  120  120   2743
                N     31   31   31   31   31   31   31   31   31   31   31   31   31   31   31   31   31   31   31   31   31   31   31   31     31
              NOTE                                                                                                                                
                                                                                                                                                  
                   *): WITH MISSING DATA; TOTAL,MEAN,MAXIMUM ESTIMATED                                                                            
                                                                                                                                                  
                                                                                                                                                  
