                                                                                                                                                  
                                                                                                                                                  
                                                                *******************************                                                   
                                                                  DOWNWARD LONGWAVE RADIATION                                                     
                                                                *******************************                                                   
                                                                                                                  COUNTRY = JAPAN                 
                                                                                                                                                  
                                                                                                                                                  
                                                                     UNIT  = 0.01 MJ/m**2                                                         
                        STATION    : Tateno                                                                                                       
                        STATION NO.: 47646                                                                                                        
                        LOCATION   : 140ﾟ08' E                                                                                                    
                                      36ﾟ03' N                                                                                                    
                        ALTITUDE   :   25.2  m                                                                                                    
                        YEAR/MONTH : 2013/12                                                                                                      
                                                                                                                                                  
              DATE   -01  -02  -03  -04  -05  -06  -07  -08  -09  -10  -11  -12  -13  -14  -15  -16  -17  -18  -19  -20  -21  -22  -23  -24  TOTAL
                                                                                                                                                  
              12 1    92   91   90   89   88   88   89   89   90   92   93   95   96   97   98   99   99   98   98   98   97   99   98   98   2261
              12 2    96   94   94   93   92   91   90   91   93   95   97   98  100  100  101  100  100  100  100   99   99   98   98   96   2315
              12 3    95   95   94   94   93   92   91   91   91   93   96   98   99  100  101  102  102  101  103  101  101  101  106  114   2354
              12 4   105  107  108  103  103  102  105   99  100  104  117  122  109  115  115  112  103  110  111  102  101  100   98   97   2548
              12 5    96   95   94   93   93   92   92   92   93   95   97   98   99  100  100  100  100   99   99   99   99  101  100   98   2324
              12 6   104  102  101  102  104  104   99  102   99  103   96   97  100  101  102  103  103  102  101  101  100  100   98   97   2421
              12 7    96   94   97  113  114  112  112  111  113   98   95   97   98   99   99  101  112  107   96   94   94   95   92   97   2436
              12 8    90   89   89   98  101   91   90   91   91   92   93   98   95  101   97   94  104  109  102   95   92   91   90   89   2272
              12 9    87   87   87   87   86   86   86   89  104  110  107  109  115  121  120  121  107  108  110  112  115  121  115  112   2502
              1210   112  113  114  112  114  105  108  117  120  129  126  124  125  106  102  103  115   97   94   93   93   92   91   90   2595
              1211    90   89   88   87   86   86   86   86  104  115  117  118  114  103  115  102   98   95   94   94   92   91   90   88   2328
              1212    88   88   88   87   87   86   86   87   87   88   89   90   92   98   96   92   91   90   89   88   87   86   85   86   2131
              1213    92   94   95   94   88   85   84   83   85   87   91   94   95   97   97   97   96   96   95   92   92   89   86   85   2189
              1214    84   84   83   82   82   82   81   81   82   84   85   86   87   89   89   89   89   90   89   88   87   87   86   85   2051
              1215    85   85   84   84   84   84   84   85   87   87   88   88   88   89   89   88   87   86   85   85   84   84   83   83   2056
              1216    83   82   82   83   82   83   83   83   85   87   88   90   91   91   91   91   92   94   91   93  102  101  103  100   2151
              1217   101   99  102  102  101   99   94   91   92   90   94   97   99   99   98   96   94  106  109   99   96   97   96   99   2350
              1218    98   98  102  109  106  107  109  110  112  113  114  115  115  116  116  116  118  118  118  118  117  117  117  117   2696
              1219   118  118  119  119  119  119  119  120  121  122  122  123  124  125  124  125  124  124  124  124  123  122  122  122   2922
              1220   121  121  121  122  120  119  117  120  121  121  121  119  123  121  120  117  113  112  111  108  106  108   89   85   2756
              1221    86   86   86   95   95  105  106  108  105   91   90   92   93   94   94   94   95   94   97   99   97   99   92   92   2285
              1222    91   91   96   87   86   86   86   85   85   86   88   88   89   89   89   88   87   86   85   86   86   85   84   84   2093
              1223    83   82   82   82   81   81   82   82   84   91  107  104  109  103  103  105  106  106  113  113  113  111  109  101   2333
              1224   104  100   96   97   99   92   83   82   83   85   87   89   90   91   92   89   87   85   83   83   84   84   84   83   2132
              1225    82   82   81   81   80   80   80   79   80   81   83   84   85   86   86   86   86   85   85   85   86   87   93   91   2014
              1226    93   94   95   96  100   97   96  102  100   99  117  111  111  108  115  113  119  122  123  125  124  124  122  123   2629
              1227   121  121  121  121  120  119  119  120  119  118  117  116  116  116  118  120  116  111  111  107   95   85   81   80   2688
              1228    79   79   78   79   79   79   79   79   79   80   80   81   82   81   82   82   81   80   80   79   79   79   79   79   1914
              1229    78   77   77   77   77   78   78   78   79   80   81   80   80   81   81   82   83   83   84   85   85   84   83   82   1933
              1230    81   81   80   80   79   79   79   79   80   81   83   85   87   88   89   92   89   88   87   87   86   87   86   86   2019
              1231    86   85   84   84   84   84   83   84   85   86   87   89   91   92   93   93   93   92   91   91   91   91   91   90   2120
              ------------------------------------------------------------------------------------------------------------------------------------
              TOTAL 2917 2903 2908 2932 2923 2893 2876 2896 2949 2983 3046 3075 3097 3097 3112 3092 3089 3074 3058 3023 3003 2996 2947 2929  71818
              MEAN    94   94   94   95   94   93   93   93   95   96   98   99  100  100  100  100  100   99   99   98   97   97   95   94   2317
              MAX    121  121  121  122  120  119  119  120  121  129  126  124  125  125  124  125  124  124  124  125  124  124  122  123   2922
                N     31   31   31   31   31   31   31   31   31   31   31   31   31   31   31   31   31   31   31   31   31   31   31   31     31
              NOTE                                                                                                                                
                                                                                                                                                  
                   *): WITH MISSING DATA; TOTAL,MEAN,MAXIMUM ESTIMATED                                                                            
                                                                                                                                                  
                                                                                                                                                  
