                                                                                                                                                  
                                                                                                                                                  
                                                                *******************************                                                   
                                                                  DOWNWARD LONGWAVE RADIATION                                                     
                                                                *******************************                                                   
                                                                                                                  COUNTRY = JAPAN                 
                                                                                                                                                  
                                                                                                                                                  
                                                                     UNIT  = 0.01 MJ/m**2                                                         
                        STATION    : Tateno                                                                                                       
                        STATION NO.: 47646                                                                                                        
                        LOCATION   : 140ﾟ08' E                                                                                                    
                                      36ﾟ03' N                                                                                                    
                        ALTITUDE   :   25.2  m                                                                                                    
                        YEAR/MONTH : 2013/03                                                                                                      
                                                                                                                                                  
              DATE   -01  -02  -03  -04  -05  -06  -07  -08  -09  -10  -11  -12  -13  -14  -15  -16  -17  -18  -19  -20  -21  -22  -23  -24  TOTAL
                                                                                                                                                  
               3 1   116  123  126  126  120  109  109  107  108  105  112  117  119  118  123  127  128  129  133  134  137  133  128  124   2911
               3 2   123  123  118  108  117  117  115  100   84   84   84   86   88   89   89   88   86   84   83   82   82   82   81   80   2273
               3 3    80   80   80   81   81   81   80   84   85   86   86   92  100  110  112  109   91   91  101  113  112  108   96   99   2238
               3 4   109  113  113  114  114  114  113  113  112  114  112  114  115   99   94  110   97  100  102  112  114  114  115  116   2643
               3 5   117  101  102   97   85   85   84   85   86   88   89   91   93   94   94   94   92   91   90   90   90   89   89   92   2208
               3 6   101   91   89   88   88   86   85   85   86   88   89   91   93   95   97   99  100  100  101  100   98   97   96   96   2239
               3 7    95   95   93   93   93   94   97  109   99  107  115  122  110  112  109  108  109  109  109  110  111  109  110  107   2525
               3 8   102  102  105  101   98   98   97   99  102  106  107  110  113  116  120  124  125  125  114  106  107  106  106  108   2597
               3 9   110  105  104  103  101   99   97   97   99  101  104  107  109  111  113  113  112  109  106  104  103  103  103  103   2516
               310   104  103  107  116  108  109  110  109  112  115  112  120  126  131  136  131  125  107   94   88   82   80   79   79   2583
               311    79   79   78   79   79   80   80   80   81   82   83   84   86   86   86   86   88   88   88   89   89   89  106  116   2061
               312   106   91   90   89   91   97   96   96   90   93   94   98   98   99   99   99  100   99   99  102   98   98   98   99   2319
               313    98  101  106  102  100  101   99  102  108  114  120  124  123  123  122  122  120  117  118  125  133  140  141  141   2800
               314   135  132  130  127  124  122  120  119  112  115  115  117  116  108  104  109   92   92  102  101   86   85   85   85   2633
               315    88  106  100  109  107  105  105   88   87   89   91   93   94   96   96   97   98   98  100  102  117  113  120  101   2400
               316   100   97   95   93   93   94   94   93   92   94   96   98   98   99  101  102  104  103  100   99   99   96   93   91   2324
               317    90   89   89   89   88   87   87   88   90   91   93  101  108  114  106  106  114  112  109  107  104  109  109  105   2385
               318   118  123  119  113  115  118  115  120  119  124  123  124  123  123  126  128  134  134  140  142  144  143  145  145   3058
               319   146  145  137  119  117  118  117  120  115  116  116  117  118  119  118  116  116  116  116  117  119  119  133  127   2917
               320   128  126  125  116  126  118  121  133  134  134  119  124  124  129  130  134  135  136  133  135  133  131  117  113   3054
               321   110  112  101   94   88   84   83   83   85   87   88   91   94   95   96   96   95   95   95   95   96   98  100   97   2258
               322   103  103  115  118  121  122  122  123  111  113  109  106  110  108  105  105  107  111  114  119  122  124  126  127   2744
               323   124  121  105  106  103  102  100  101  102  104  107  115  120  122  125  120  114  116  123  122  123  122  126  125   2748
               324   124  122  121  123  124  123  123  123  123  123  124  124  124  123  110  113  112  115  125  125  126  126  126  125   2927
               325   125  125  124  124  124  124  123  123  122  121  122  122  121  123  122  123  123  123  122  122  122  121  120  120   2941
               326   117  114   97   95  101   86   85   84   84   86   89   90   93   97  100  103  105  107  108  107  105  105  103  114   2375
               327   105  110  113  114  118  119  119  121  122  123  124  125  126  126  127  129  129  128  128  128  127  125  128  128   2942
               328   128  127  127  128  127  127  128  124  119  118  114  119  128  122  121  121  128  137  126  120  140  140  139  129   3037
               329   122  136  135  134  133  137  134  135  137  135  131  127  121  123  125  125  122  123  130  129  129  128  127  125   3103
               330   125  124  123  122  121  121  121  121  120  120  120  121  121  121  121  121  121  121  121  122  122  122  123  122   2917
               331   122  121  121  121  121  120  121  121  121  121  121  120  120  120  121  121  121  121  120  120  120  120  120  113   2888
              ------------------------------------------------------------------------------------------------------------------------------------
              TOTAL 3450 3440 3388 3342 3326 3297 3280 3286 3247 3297 3309 3390 3432 3451 3448 3479 3443 3437 3450 3467 3490 3475 3488 3452  81564
              MEAN   111  111  109  108  107  106  106  106  105  106  107  109  111  111  111  112  111  111  111  112  113  112  113  111   2631
              MAX    146  145  137  134  133  137  134  135  137  135  131  127  128  131  136  134  135  137  140  142  144  143  145  145   3103
                N     31   31   31   31   31   31   31   31   31   31   31   31   31   31   31   31   31   31   31   31   31   31   31   31     31
              NOTE                                                                                                                                
                                                                                                                                                  
                   *): WITH MISSING DATA; TOTAL,MEAN,MAXIMUM ESTIMATED                                                                            
                                                                                                                                                  
                                                                                                                                                  
