                                                                                                                                                  
                                                                                                                                                  
                                                                *******************************                                                   
                                                                  DOWNWARD LONGWAVE RADIATION                                                     
                                                                *******************************                                                   
                                                                                                                  COUNTRY = JAPAN                 
                                                                                                                                                  
                                                                                                                                                  
                                                                     UNIT  = 0.01 MJ/m**2                                                         
                        STATION    : Tateno                                                                                                       
                        STATION NO.: 47646                                                                                                        
                        LOCATION   : 140ﾟ08' E                                                                                                    
                                      36ﾟ03' N                                                                                                    
                        ALTITUDE   :   25.2  m                                                                                                    
                        YEAR/MONTH : 2013/09                                                                                                      
                                                                                                                                                  
              DATE   -01  -02  -03  -04  -05  -06  -07  -08  -09  -10  -11  -12  -13  -14  -15  -16  -17  -18  -19  -20  -21  -22  -23  -24  TOTAL
                                                                                                                                                  
               9 1   151  151  150  150  149  148  150  151  157  155  157  162  166  162  158  158  163  154  150  148  142  152  155  147   3686
               9 2   148  156  156  157  155  156  151  155  157  158  154  153  158  155  156  157  153  151  150  151  155  150  148  148   3688
               9 3   145  146  147  148  148  144  144  149  153  150  151  159  153  151  155  161  158  151  150  144  144  151  147  145   3594
               9 4   138  144  156  157  157  157  157  155  151  158  156  160  159  163  153  159  160  156  157  148  152  148  147  147   3695
               9 5   148  150  152  153  156  157  156  158  158  157  158  158  156  158  157  150  154  148  144  143  144  147  144  144   3650
               9 6   145  158  158  157  154  149  151  149  152  155  155  155  154  153  155  154  153  152  144  135  135  144  150  148   3615
               9 7   151  150  152  143  151  152  152  152  151  152  146  150  154  155  151  150  146  145  144  143  147  153  150  153   3593
               9 8   149  146  152  151  155  152  156  157  158  160  160  157  158  158  156  154  153  152  151  149  148  148  148  147   3675
               9 9   147  144  145  144  141  141  138  138  138  140  141  138  136  134  131  132  131  129  132  130  130  133  135  136   3284
               910   137  133  130  130  135  138  136  131  135  134  139  139  142  145  145  147  148  139  146  145  142  140  148  149   3353
               911   149  148  150  149  149  151  150  150  149  144  142  146  157  156  156  154  155  154  153  153  143  149  152  151   3610
               912   152  152  153  145  136  136  136  138  140  143  145  147  151  155  152  151  150  147  146  147  153  152  148  152   3527
               913   152  149  144  142  140  140  140  141  144  154  157  156  153  151  149  148  146  145  143  142  142  142  141  141   3502
               914   143  141  141  140  140  141  147  144  144  150  150  150  153  155  157  154  153  152  147  148  151  151  153  151   3556
               915   148  150  152  153  156  158  158  159  159  161  159  157  154  158  149  152  157  150  148  147  147  147  151  149   3679
               916   149  150  149  152  159  158  161  161  162  161  161  160  157  155  153  149  153  149  138  143  131  124  122  119   3576
               917   118  116  115  115  115  114  115  116  118  120  122  123  125  126  126  125  124  124  123  122  122  121  121  119   2885
               918   119  118  117  116  116  115  115  116  119  122  124  125  127  125  124  124  123  122  120  121  121  120  119  118   2886
               919   117  117  116  114  113  113  113  115  118  121  124  128  131  128  127  126  124  122  120  118  120  121  121  121   2888
               920   121  121  121  120  120  121  124  127  126  128  130  133  134  132  132  139  142  134  132  130  129  129  129  130   3084
               921   130  131  130  129  128  127  128  129  129  131  134  136  137  138  138  137  136  135  135  135  135  135  135  134   3192
               922   135  133  132  130  130  129  136  131  133  136  140  144  146  147  143  142  139  139  144  141  143  142  142  139   3316
               923   133  129  128  130  131  134  131  130  127  134  144  146  145  142  134  140  141  136  141  138  145  145  146  144   3294
               924   144  144  144  141  144  144  140  145  146  143  132  149  150  146  146  143  140  138  135  139  139  147  143  134   3416
               925   139  140  144  146  151  152  150  151  153  156  156  156  157  159  158  158  157  158  157  156  156  154  152  146   3662
               926   146  144  146  150  147  148  149  151  149  147  145  144  141  142  145  144  143  140  136  127  131  116  111  107   3349
               927   106  107  105  106  106  106  106  108  109  112  117  134  119  119  118  118  115  114  113  113  112  112  112  111   2698
               928   115  111  109  109  107  106  106  110  114  116  119  120  126  142  143  143  143  142  140  140  138  129  135  134   2997
               929   139  141  140  140  140  140  140  139  137  127  124  124  127  135  130  125  124  122  121  120  120  120  120  120   3115
               930   130  124  120  117  117  116  117  118  119  126  144  144  145  148  140  148  143  142  146  146  148  148  148  149   3243
              ------------------------------------------------------------------------------------------------------------------------------------
              TOTAL 4144 4144 4154 4134 4146 4143 4153 4174 4205 4251 4286 4353 4371 4393 4337 4342 4327 4242 4206 4162 4165 4170 4173 4133 101308
              MEAN   138  138  138  138  138  138  138  139  140  142  143  145  146  146  145  145  144  141  140  139  139  139  139  138   3377
              MAX    152  158  158  157  159  158  161  161  162  161  161  162  166  163  158  161  163  158  157  156  156  154  155  153   3695
                N     30   30   30   30   30   30   30   30   30   30   30   30   30   30   30   30   30   30   30   30   30   30   30   30     30
              NOTE                                                                                                                                
                                                                                                                                                  
                   *): WITH MISSING DATA; TOTAL,MEAN,MAXIMUM ESTIMATED                                                                            
                                                                                                                                                  
                                                                                                                                                  
                                                                                                                                                  
