                                                                                                                                                  
                                                                                                                                                  
                                                                *******************************                                                   
                                                                  DOWNWARD LONGWAVE RADIATION                                                     
                                                                *******************************                                                   
                                                                                                                  COUNTRY = JAPAN                 
                                                                                                                                                  
                                                                                                                                                  
                                                                     UNIT  = 0.01 MJ/m**2                                                         
                        STATION    : Tateno                                                                                                       
                        STATION NO.: 47646                                                                                                        
                        LOCATION   : 140ﾟ08' E                                                                                                    
                                      36ﾟ03' N                                                                                                    
                        ALTITUDE   :   25.2  m                                                                                                    
                        YEAR/MONTH : 2014/01                                                                                                      
                                                                                                                                                  
              DATE   -01  -02  -03  -04  -05  -06  -07  -08  -09  -10  -11  -12  -13  -14  -15  -16  -17  -18  -19  -20  -21  -22  -23  -24  TOTAL
                                                                                                                                                  
               1 1    89   87   87   86   85   85   86   86   87   89   91   95   98   98   98   98   97   99  105   94   91   91   91   90   2203
               1 2    89   88   87   87   87   87   87   88   90   91   91   91   91   91   91   90   89   88   87   87   86   85   85   89   2122
               1 3    92   96  107   98   92   84   84   85   89  106  113  114  111  112  109  115  109   96   95   96  101  103  102  100   2409
               1 4    93   92   92   97   96   98   92   91   99  101   94   97   99   98  108   97   94   94   93   90   86   85   85   85   2256
               1 5    83   86   83   82   81  102   97   82   85   91   85   86   92  104  104  108  108  107  105  103  102  100  100  107   2283
               1 6   103   94   82   80   79   79   78   79   80   81   82   84   86   87   87   86   84   82   80   80   80   79   78   78   1988
               1 7    78   77   77   77   77   77   77   78   79   80   82   84   86   88   89  105  113  105  103   99   96   94  101   97   2119
               1 8   101  103   98   89   86   87   89   94   96   92   94   96  109  120  121  123  124  125  124  126  126  125  124  123   2595
               1 9   123  123  123  122  122  123  122  120  119  116  116  113  112  108  111  115  120  115  114  111  110  108  107  105   2778
               110    98   92   93   76   75   74   74   74   75   76   76   77   78   79   79   78   79   79   79   79   79   80   80   79   1908
               111    79   78   78   78   78   77   78   77   78   79   81   82   83   85   86   87   89   97  100   88   87   90   89   89   2013
               112    84   82   84   83   82   83   83   87   84   85   87   87   88   89   90   96   92   89   89   89   89   88   87   86   2083
               113    85   85   84   83   83   82   81   80   80   81   82   81   82   82   82   83   93   92   91   91   87   90   86   78   2024
               114    88   90  106  102   84   77   77   77   77   78   79   80   81   83   87   86   83   83   82   82   82   85   86   91   2026
               115    92  100  102  105  107  107  107  107  107  108  109  109  110  110  110  102   97   85   90   83   83   82   81   81   2374
               116    80   79   78   78   78   77   77   77   78   80   81   82   83   84   85   85   86   85   86   85   85   86   86   85   1966
               117    84   92  104  104  106  107  107  106   95   94   87   86   87   87   87   88   87   83   82   82   81   81   81   81   2179
               118    81   89   98   92  106  107  105  104   99   84   83   84   84   85   86   86   86   86   85   85   87   89  101  101   2193
               119   106  104  109  111  108   91   86   80   78   80   81   93  104  100   96   95   86   80   79   78   78   78   78   85   2164
               120    95   83   84   85   82   84   87   80   81   83   86  101   92   87   88   89   90   95  100   90   90   89   92   90   2123
               121    91   89   88   87   87   85   85   87   85   86   88   89   89   90   94  113  115  110  113  116  115  113  111  114   2340
               122   113  113  112  112  105   89   84   82   82   83   85   86   87   87   87   86   86   88   96  101   85   82   81   79   2191
               123    80   79   80   79   79   79   80   80   81   83   85   87   89   89   89   89   88   87   87   86   86   85   85   86   2018
               124    90   91  106  105  101  106  104   94   88   88   90   91   91   96  103   98   98   94   93   93   93   92   91   90   2286
               125    89   88   92   94   87   86   87   89   91   98  101  101  105  106  105  105  105  106  105  106  107  105  101  101   2360
               126   100  102  108  119  119  113  101  100   98   97  101  104  105  114  120  117  103   84   82   79   77   77   77   78   2375
               127    77   77   76   75   75   75   75   75   75   77   78   79   81   82   82   83   83   84   84   84   85   95  101  107   1965
               128   106   89   92   90   89   83   81   80   81   84   86   89   92   94   97  105  115  101   97   97   95   94   94   92   2223
               129    90   88   86   85   84   83   81   80   81   82   84   85   86   87   88   92   93   91   91   92   98  110  113  108   2158
               130    98  104  104  102  102  103  102  102  101  104  115  119  120  123  129  130  128  123  127  130  109   99   98   97   2669
               131    97   96   95   94   93   92   91   90   91   92   92   93   92   92   91   90   88   85   85   85   85   85   85   85   2164
              ------------------------------------------------------------------------------------------------------------------------------------
              TOTAL 2854 2836 2895 2857 2815 2782 2745 2711 2710 2749 2785 2845 2893 2937 2979 3020 3008 2918 2929 2887 2841 2845 2857 2857  68555
              MEAN    92   91   93   92   91   90   89   87   87   89   90   92   93   95   96   97   97   94   94   93   92   92   92   92   2211
              MAX    123  123  123  122  122  123  122  120  119  116  116  119  120  123  129  130  128  125  127  130  126  125  124  123   2778
                N     31   31   31   31   31   31   31   31   31   31   31   31   31   31   31   31   31   31   31   31   31   31   31   31     31
              NOTE                                                                                                                                
                                                                                                                                                  
                   *): WITH MISSING DATA; TOTAL,MEAN,MAXIMUM ESTIMATED                                                                            
                                                                                                                                                  
                                                                                                                                                  
