                                                                                                                                                  
                                                                                                                                                  
                                                                *******************************                                                   
                                                                  DOWNWARD LONGWAVE RADIATION                                                     
                                                                *******************************                                                   
                                                                                                                  COUNTRY = JAPAN                 
                                                                                                                                                  
                                                                                                                                                  
                                                                     UNIT  = 0.01 MJ/m**2                                                         
                        STATION    : Tateno                                                                                                       
                        STATION NO.: 47646                                                                                                        
                        LOCATION   : 140ﾟ08' E                                                                                                    
                                      36ﾟ03' N                                                                                                    
                        ALTITUDE   :   25.2  m                                                                                                    
                        YEAR/MONTH : 2014/12                                                                                                      
                                                                                                                                                  
              DATE   -01  -02  -03  -04  -05  -06  -07  -08  -09  -10  -11  -12  -13  -14  -15  -16  -17  -18  -19  -20  -21  -22  -23  -24  TOTAL
                                                                                                                                                  
              12 1   135  135  136  137  137  137  137  137  135  136  137  138  138  137  137  137  133  126  124  118  108  108  111  127   3141
              12 2   111  101   99   99   97   95   92   89   90   90   91   93   93   92   92   90   88   87   87   86   85   86   86   86   2205
              12 3    85   84   84   84   83   83   83   83   85   86   87   88   89   89   90   92   94   94   92   92   91   92   97   98   2125
              12 4    97  105   98   98  102  111  108  114  114  117  121  124  125  126  125  124  124  123  122  121  119  118  119  116   2771
              12 5   110   94   90   89   89   89   88   88   88   89   90   92   94   96   96   95   92   90   90   93   99   87   85   84   2197
              12 6    83   83   83   83   82   82   82   82   83   84   85   85   85   86   87   87   93   94   87   86   99   99   92   93   2085
              12 7    83   82   82   82   81   81   81   81   83   84   86   89   94   95   93   91   91   93   90   90   90   90  100  109   2121
              12 8   113  109  110  108  100   92   88   86   87   89   90   91   93   93   93   94   94   94   96   93   92   92   92   91   2280
              12 9    89   89   88   88   87   87   87   88   88   90   91   93   94   94   96   96   98   92   87   87   86   85   86   85   2151
              1210    84   84   84   83   83   83   82   83   89   89   90   93   97  106  100  102   97   96  104  121  122  122  123  118   2335
              1211   110  113  114  113  114  110  112  110  115  127  126  125  129  130  131  127  126  124  109  106  109  108  112  121   2821
              1212   121  119  120  119  119  118  117  116  116  107  109  117  118  119  119  119  116  119  119  119  120  117   95   91   2769
              1213    89   89   88   88   87   84   83   82   83   85   86   89   92   93   94   92   90   88   87   95   96   88   84   84   2116
              1214    90   84   89   93   82   80   80   80   81   83   84   85   85   86   88   89  101   88   85   84   83   83   82   82   2047
              1215    81   81   80   80   80   80   80   80   82   84   85   86   87   87   88   92   91   93   97  101  102  104  105  106   2132
              1216   112  112  112  113  113  114  112  108  108  114  118  118  119  118  119  121  121  119  120  119  116  100  100  109   2735
              1217    87   85   84   83   83   83   82   82   83   84   88  100   85   84   84   83   81   80   80   80   79   80   80   87   2007
              1218    80   79   78   77   77   77   77   77   78   79   80   81   82   82   84   84   84   83   82   82   81   82   82   82   1930
              1219    82   81   81   82   81   81   81   81   82   83   84   85   86   87   87   87   87   87   87   87   88   88   94  103   2052
              1220   109  115  116  116  111  109  109  109  111  116  116  115  116  118  122  125  125  124  123  124  122  122  121  111   2805
              1221   101   99   96   93   93   93   91   90   91   93  117  117  116  119  119  117  119  117  119  110  112  116  105   94   2537
              1222    96  105  114  113   95   84   81   80   81   82   84   84   85   86   87   87   86   85   84   84   84   83   83   84   2117
              1223    85   85   86   85   85   85   84   84   84   85   86   86   86   87   88   88   88   88   87   85   86   86   91   94   2074
              1224    91   90   85   84   86   96   96   96   97  100  105  107  104   98   90   90   91   90   89   89   89   89   89   89   2230
              1225    89   89   88   88   87   95   86   84   85   87   89   90   92  109  106  110  108   95   84   82   82   85   94   91   2195
              1226    83   81   80   80   79   79   79   79   80   82   83   83   85   85   84   84   83   83   83   83   81   81   82   81   1963
              1227    80   80   80   80   80   80   80   80   80   81   82   82   82   83   84   84   83   83   82   81   80   79   80   79   1945
              1228    80   79   80   80   81   81   81   81   83   96   92   93   96   98   94  101   97   98  102  107  110  105  113  116   2244
              1229   115  117  117  117  114  117  117  118  118  119  119  120  120  120  119  117  106  103  113  113  117  115   98   92   2741
              1230    90   90   89   86   86   87   86   86  100   97   93   93   94   95   95   95   95   94   93   91   91   91   91   90   2198
              1231    90   89   88   87   87   87   87   87   87   89   90   91   92   93   94   94   94   95  103  101   97  105  101  101   2229
              ------------------------------------------------------------------------------------------------------------------------------------
              TOTAL 2951 2928 2919 2908 2861 2860 2829 2821 2867 2927 2984 3033 3053 3091 3085 3094 3076 3025 3007 3010 3016 2986 2973 2994  71298
              MEAN    95   94   94   94   92   92   91   91   92   94   96   98   98  100  100  100   99   98   97   97   97   96   96   97   2300
              MAX    135  135  136  137  137  137  137  137  135  136  137  138  138  137  137  137  133  126  124  124  122  122  123  127   3141
                N     31   31   31   31   31   31   31   31   31   31   31   31   31   31   31   31   31   31   31   31   31   31   31   31     31
              NOTE                                                                                                                                
                                                                                                                                                  
                   *): WITH MISSING DATA; TOTAL,MEAN,MAXIMUM ESTIMATED                                                                            
                                                                                                                                                  
                                                                                                                                                  
