                                                                                                                                                  
                                                                                                                                                  
                                                                *******************************                                                   
                                                                  DOWNWARD LONGWAVE RADIATION                                                     
                                                                *******************************                                                   
                                                                                                                  COUNTRY = JAPAN                 
                                                                                                                                                  
                                                                                                                                                  
                                                                     UNIT  = 0.01 MJ/m**2                                                         
                        STATION    : Tateno                                                                                                       
                        STATION NO.: 47646                                                                                                        
                        LOCATION   : 140ﾟ08' E                                                                                                    
                                      36ﾟ03' N                                                                                                    
                        ALTITUDE   :   25.2  m                                                                                                    
                        YEAR/MONTH : 2014/05                                                                                                      
                                                                                                                                                  
              DATE   -01  -02  -03  -04  -05  -06  -07  -08  -09  -10  -11  -12  -13  -14  -15  -16  -17  -18  -19  -20  -21  -22  -23  -24  TOTAL
                                                                                                                                                  
               5 1   141  141  141  139  139  140  143  144  145  140  132  129  136  126  124  124  124  141  136  134  126  127  127  117   3216
               5 2   125  123  131  127  115  114  114  115  115  116  119  121  122  124  125  127  128  130  135  126  122  120  119  119   2932
               5 3   117  117  116  113  112  112  120  136  118  122  122  125  126  125  122  123  124  125  130  134  126  118  110  105   2898
               5 4   101   99   98   96   95   95   95   97   98  100  103  107  108  112  122  120  124  121  113  110  110  109  108  109   2550
               5 5   112  112  117  122  128  126  130  131  132  136  138  140  141  138  138  137  135  134  136  132  126  125  125  128   3119
               5 6   132  135  139  140  141  136  134  132  131  131  130  129  129  129  129  130  125  120  108  106  108  106  103  101   3004
               5 7   101  101  101  100   99   99  100  103  105  106  109  117  115  116  121  117  116  114  113  112  111  110  110  109   2605
               5 8   109  108  107  107  106  108  111  119  120  120  125  124  124  131  129  129  123  126  133  121  120  120  115  117   2852
               5 9   118  124  130  114  113  112  112  113  115  117  119  125  136  141  137  133  107  104  103  103  102  102  102  102   2784
               510   102  102  102  103  105  107  107  109  109  109  110  113  116  116  117  116  115  112  108  107  106  106  106  106   2609
               511   108  108  103  101  100  101  102  104  107  109  111  115  117  115  114  114  113  113  112  110  107  107  106  105   2602
               512   104  104  104  105  106  108  108  116  114  113  116  117  119  122  120  122  132  136  137  136  134  138  138  138   2887
               513   138  135  137  138  140  141  142  143  143  145  146  147  145  143  137  139  133  123  120  118  118  118  121  118   3228
               514   118  121  119  119  119  119  121  125  122  124  127  126  132  134  138  142  140  141  137  136  134  135  130  135   3094
               515   133  136  137  138  138  138  138  139  140  143  142  142  141  142  141  141  133  133  142  142  139  138  129  130   3315
               516   122  121  118  112  110  113  119  111  113  118  119  131  132  123  124  130  126  116  112  111  110  109  109  109   2818
               517   109  109  108  108  107  107  108  110  111  113  114  115  116  117  117  122  137  140  135  134  135  126  114  110   2822
               518   109  110  109  109  108  109  110  112  113  113  116  117  122  132  133  121  122  121  122  123  125  122  117  116   2811
               519   117  118  115  112  111  111  113  115  119  124  121  125  128  129  128  129  125  126  124  122  120  120  119  120   2891
               520   119  119  119  120  118  119  121  125  129  135  133  128  130  131  132  136  136  135  135  135  135  135  135  138   3098
               521   141  141  141  143  138  139  139  140  140  142  144  145  145  143  142  140  139  137  134  122  116  118  115  112   3256
               522   111  111  110  110  110  112  115  121  117  118  127  126  131  136  135  126  130  137  133  128  129  132  132  123   2960
               523   111  126  129  129  132  131  132  132  132  117  118  119  125  129  123  123  124  134  131  120  121  125  135  135   3033
               524   135  129  136  127  128  114  112  114  116  119  120  124  123  124  126  124  122  121  122  130  131  131  131  131   2990
               525   131  131  130  128  129  129  127  130  135  137  140  141  141  142  140  134  135  131  128  127  126  125  124  124   3165
               526   124  124  130  144  145  145  143  140  146  140  135  135  132  138  137  137  140  138  141  142  142  142  143  144   3327
               527   143  142  143  143  144  145  145  146  148  147  148  148  144  139  141  142  141  139  134  134  138  144  139  137   3414
               528   140  141  139  135  136  143  139  138  135  132  130  133  136  141  144  138  137  135  134  129  126  125  124  125   3235
               529   124  123  123  122  120  120  121  122  130  129  127  129  133  133  136  137  140  143  139  128  126  125  123  123   3076
               530   122  121  120  120  120  119  123  124  125  127  132  133  135  135  131  131  130  130  126  124  124  124  122  121   3019
               531   122  122  123  123  123  123  128  128  128  131  133  136  139  141  141  141  138  139  136  133  132  130  128  126   3144
              ------------------------------------------------------------------------------------------------------------------------------------
              TOTAL 3739 3754 3775 3747 3735 3735 3772 3834 3851 3873 3906 3962 4019 4047 4044 4025 3994 3995 3949 3869 3825 3812 3759 3733  92754
              MEAN   121  121  122  121  120  120  122  124  124  125  126  128  130  131  130  130  129  129  127  125  123  123  121  120   2992
              MAX    143  142  143  144  145  145  145  146  148  147  148  148  145  143  144  142  141  143  142  142  142  144  143  144   3414
                N     31   31   31   31   31   31   31   31   31   31   31   31   31   31   31   31   31   31   31   31   31   31   31   31     31
              NOTE                                                                                                                                
                                                                                                                                                  
                   *): WITH MISSING DATA; TOTAL,MEAN,MAXIMUM ESTIMATED                                                                            
                                                                                                                                                  
                                                                                                                                                  
