                                                                                                                                                  
                                                                                                                                                  
                                                                *******************************                                                   
                                                                  DOWNWARD LONGWAVE RADIATION                                                     
                                                                *******************************                                                   
                                                                                                                  COUNTRY = JAPAN                 
                                                                                                                                                  
                                                                                                                                                  
                                                                     UNIT  = 0.01 MJ/m**2                                                         
                        STATION    : Tateno                                                                                                       
                        STATION NO.: 47646                                                                                                        
                        LOCATION   : 140ﾟ08' E                                                                                                    
                                      36ﾟ03' N                                                                                                    
                        ALTITUDE   :   25.2  m                                                                                                    
                        YEAR/MONTH : 2014/07                                                                                                      
                                                                                                                                                  
              DATE   -01  -02  -03  -04  -05  -06  -07  -08  -09  -10  -11  -12  -13  -14  -15  -16  -17  -18  -19  -20  -21  -22  -23  -24  TOTAL
                                                                                                                                                  
               7 1   150  149  150  149  143  145  149  140  134  137  139  141  145  140  139  137  136  134  134  133  132  131  131  133   3351
               7 2   136  137  137  135  128  129  129  131  134  137  142  143  141  142  140  143  146  139  136  134  136  139  138  133   3285
               7 3   134  133  132  138  137  138  145  144  145  146  145  149  149  150  150  151  150  150  151  150  150  151  150  150   3488
               7 4   151  149  149  149  148  149  149  149  149  149  149  150  150  150  150  149  149  149  149  148  148  148  148  148   3576
               7 5   147  148  148  148  148  147  148  149  149  149  150  150  151  148  145  140  144  144  138  135  142  134  140  133   3475
               7 6   131  129  129  128  135  143  140  134  136  143  142  148  146  152  155  151  152  148  142  142  142  142  142  143   3395
               7 7   144  146  148  147  148  149  151  150  150  152  153  153  153  154  153  153  153  148  150  150  143  143  144  144   3579
               7 8   152  152  144  135  133  133  134  136  138  139  139  140  142  149  149  146  145  145  141  141  152  153  150  151   3439
               7 9   149  153  152  149  149  148  145  149  152  156  155  153  154  156  156  155  155  155  152  152  152  150  151  152   3650
               710   148  150  154  155  156  156  155  158  159  158  159  158  156  156  158  158  161  158  157  159  159  159  155  158   3760
               711   159  159  158  158  157  155  158  158  158  160  155  156  161  159  161  161  160  161  159  158  157  158  156  155   3797
               712   156  154  154  154  154  154  152  148  150  145  147  149  152  151  150  152  149  148  147  144  143  142  139  139   3573
               713   139  140  141  146  145  144  144  150  153  154  155  157  157  156  157  159  160  160  160  157  152  151  156  159   3652
               714   159  158  154  147  145  146  147  150  153  157  154  158  160  157  153  156  151  150  156  156  150  155  155  154   3681
               715   153  153  153  152  151  150  143  147  152  155  148  149  152  151  150  149  146  146  145  142  141  140  139  139   3546
               716   138  138  138  139  147  151  149  153  152  155  150  151  155  154  153  152  152  152  153  152  149  148  156  155   3592
               717   155  155  154  150  147  150  150  149  143  143  144  144  146  146  146  146  146  147  153  149  150  148  150  151   3562
               718   150  152  152  152  152  148  149  145  150  153  153  153  149  153  153  151  150  153  149  151  151  149  151  151   3620
               719   147  146  141  148  147  145  146  146  152  152  153  154  154  154  155  156  156  152  149  147  146  144  148  150   3588
               720   146  138  141  142  141  144  144  144  141  145  154  147  147  151  147  152  147  146  146  148  146  142  138  136   3473
               721   135  134  134  136  135  137  143  152  152  150  152  151  152  148  145  143  141  140  151  141  136  138  136  143   3425
               722   149  152  151  152  153  153  152  148  144  148  154  150  150  151  151  151  151  150  149  148  149  148  148  147   3599
               723   144  146  141  142  142  143  143  144  147  148  150  152  156  156  156  154  153  152  150  151  154  158  157  156   3595
               724   158  156  151  148  152  152  153  152  154  157  157  161  160  160  162  160  155  152  151  158  158  154  149  156   3726
               725   148  148  147  146  146  147  148  150  151  153  156  159  163  165  159  156  155  155  154  151  151  150  150  150   3658
               726   149  149  149  149  148  148  149  152  158  157  158  158  160  162  158  157  156  154  152  151  151  150  150  150   3675
               727   150  149  148  148  147  145  146  148  149  151  154  155  155  159  160  156  156  152  157  157  155  153  154  150   3654
               728   152  141  137  145  143  138  148  145  143  151  149  146  149  149  150  154  144  140  138  139  141  135  136  143   3456
               729   134  133  132  131  130  130  131  134  136  138  141  142  149  155  150  146  144  143  142  140  137  136  135  135   3324
               730   133  132  132  133  134  134  137  140  144  147  150  146  146  147  147  151  148  147  145  143  143  143  143  146   3411
               731   144  142  142  144  143  143  152  152  152  159  153  154  154  155  156  160  158  153  152  150  148  146  145  145   3602
              ------------------------------------------------------------------------------------------------------------------------------------
              TOTAL 4540 4521 4493 4495 4484 4494 4529 4547 4580 4644 4660 4677 4714 4736 4714 4705 4669 4623 4608 4577 4564 4538 4540 4555 110207
              MEAN   146  146  145  145  145  145  146  147  148  150  150  151  152  153  152  152  151  149  149  148  147  146  146  147   3555
              MAX    159  159  158  158  157  156  158  158  159  160  159  161  163  165  162  161  161  161  160  159  159  159  157  159   3797
                N     31   31   31   31   31   31   31   31   31   31   31   31   31   31   31   31   31   31   31   31   31   31   31   31     31
              NOTE                                                                                                                                
                                                                                                                                                  
                   *): WITH MISSING DATA; TOTAL,MEAN,MAXIMUM ESTIMATED                                                                            
                                                                                                                                                  
                                                                                                                                                  
