                                                                                                                                                  
                                                                                                                                                  
                                                                *******************************                                                   
                                                                  DOWNWARD LONGWAVE RADIATION                                                     
                                                                *******************************                                                   
                                                                                                                  COUNTRY = JAPAN                 
                                                                                                                                                  
                                                                                                                                                  
                                                                     UNIT  = 0.01 MJ/m**2                                                         
                        STATION    : Tateno                                                                                                       
                        STATION NO.: 47646                                                                                                        
                        LOCATION   : 140ﾟ08' E                                                                                                    
                                      36ﾟ03' N                                                                                                    
                        ALTITUDE   :   25.2  m                                                                                                    
                        YEAR/MONTH : 2014/02                                                                                                      
                                                                                                                                                  
              DATE   -01  -02  -03  -04  -05  -06  -07  -08  -09  -10  -11  -12  -13  -14  -15  -16  -17  -18  -19  -20  -21  -22  -23  -24  TOTAL
                                                                                                                                                  
               2 1    84   84   84   87   96   99   96  109  106   99  100  103  120  113  121  121  122  123  119  116  114  102  120  119   2557
               2 2   121  115  110  115  115  108  115  115  117  120  121  121  116  110  122  105  104  103  102  101  100  100   98   97   2651
               2 3    95   95   93   92  101  122  103  103   96   97  111  113  115  110  119  116  119  117  119  119  120  118  124  131   2648
               2 4   128  127  125  123  121  120  119  118  117  117  116  114  114  113  113  113  113  113  111  108  101   88   79   74   2685
               2 5    73   73   73   73   73   72   73   72   73   74   75   76   77   78   76   76   76   75   76   80   93   91   75   74   1827
               2 6    74   74   74   74   76   81   81   80   76   77   77   80   85   89  101  105  105  106  106  106  106  106  100  100   2139
               2 7   103  102  101   83   78   78   77   77   79   86   84   81   81   83   83   83   83   86   91   97  101  100   98  102   2117
               2 8   104  107  108  110  110  109  109  109  110  111  111  112  111  111  111  112  112  111  110  112  113  114  113  112   2652
               2 9   112  112  107  102  103  105  111  112  112  112  112  112  107   97   90  106   96   89   90   87   86   84   83   82   2409
               210    81   81   81   81   81   81   85   85   85   88   93   89   88   88   89   88   89   96  102  106  107  101  107  108   2180
               211   107  109  112  110  110  110  110  108  106  108  110  110  111  111  109  108  107  108  109   99  109  109  111  111   2612
               212   111  111  108  109  110  111  110  105  103  104  100  108  114  100   96   90   91   88   87   86   85   85   84   84   2380
               213    83   84   83   83   83   82   82   82   83   84   85   86   89   92   92   91   98   98  101   96  106  110  111  110   2194
               214   110  112  113  113  112  113  112  113  113  114  112  110  110  110  111  112  113  113  112  112  112  112  113  114   2691
               215   114  114  115  116  117  121  124  129  132  133  127  117  119  118  117  118  118  118  117  115  113  112  111  109   2844
               216   100   95   92   92   93   91   88   89  100  104   93   92   91   91   90   89   87   86   85   84   84   84   84   84   2168
               217    84   83   83   83   83   83   84   85   86   88   90   91   92   93   93   92   90   88   86   85   84   83   85   84   2078
               218    83   84   86   83   82   81   80   80   86   84   83   84   84   84   84   85   86   86   85   87   87   90   91   83   2028
               219    82   80   81   80   80   77   77   81   84   86   82   85   87   89   84   86   86   89   87   86   89   89   85   82   2014
               220    82   82   84   80   80   82   80   80   82   85   90   90   93   96   99  102  101  101  101   99   96   99  101  106   2191
               221    98   88   86   83   82   81   80   80   80   81   83   84   84   84   83   83   83   83   83   81   81   80   82   83   1996
               222    80   79   79   79   78   78   79   81   83   82   83   83   84   85   86   87   87   86   85   85   85   86   86   91   1997
               223    98   92   82   85  102  101  101  100   99  100  107  107  113  110  107  104   92   96  108  112  101  105  100   88   2410
               224    94  107  110  106  104  101  106  106   92  112  111  113  116  110  101  106   95   96   97   96  110  110  115  114   2528
               225   109   88   86   86   86   85   85   85   86   88   89   90   92   93   94   94   95   94   90   90   90   90   89   89   2163
               226    88   87   87   86   85   85   84   85   87   89   91   93   94   94   95   96   96   95   95   99   99   97   98   98   2203
               227   107  118  118  119  121  117  120  119  120  122  123  124  126  126  125  127  127  129  129  130  131  132  133  134   2977
               228   133  133  133  128  128  127  117  122  126  118  105  107  107  107  107  114  111  109  112  117  119  117  121  118   2836
              ------------------------------------------------------------------------------------------------------------------------------------
              TOTAL 2738 2716 2694 2661 2690 2701 2688 2710 2719 2763 2764 2775 2820 2785 2798 2809 2782 2782 2795 2791 2822 2794 2797 2781  66175
              MEAN    98   97   96   95   96   96   96   97   97   99   99   99  101   99  100  100   99   99  100  100  101  100  100   99   2363
              MAX    133  133  133  128  128  127  124  129  132  133  127  124  126  126  125  127  127  129  129  130  131  132  133  134   2977
                N     28   28   28   28   28   28   28   28   28   28   28   28   28   28   28   28   28   28   28   28   28   28   28   28     28
              NOTE                                                                                                                                
                                                                                                                                                  
                   *): WITH MISSING DATA; TOTAL,MEAN,MAXIMUM ESTIMATED                                                                            
                                                                                                                                                  
                                                                                                                                                  
                                                                                                                                                  
                                                                                                                                                  
                                                                                                                                                  
