                                                                                                                                                  
                                                                                                                                                  
                                                                *******************************                                                   
                                                                  DOWNWARD LONGWAVE RADIATION                                                     
                                                                *******************************                                                   
                                                                                                                  COUNTRY = JAPAN                 
                                                                                                                                                  
                                                                                                                                                  
                                                                     UNIT  = 0.01 MJ/m**2                                                         
                        STATION    : Tateno                                                                                                       
                        STATION NO.: 47646                                                                                                        
                        LOCATION   : 140ﾟ08' E                                                                                                    
                                      36ﾟ03' N                                                                                                    
                        ALTITUDE   :   25.2  m                                                                                                    
                        YEAR/MONTH : 2014/03                                                                                                      
                                                                                                                                                  
              DATE   -01  -02  -03  -04  -05  -06  -07  -08  -09  -10  -11  -12  -13  -14  -15  -16  -17  -18  -19  -20  -21  -22  -23  -24  TOTAL
                                                                                                                                                  
               3 1   120  123  122  123  123  122  123  122  123  123  123  123  123  124  122  121  122  122  122  121  121  120  120  120   2928
               3 2   120  120  119  119  118  118  118  118  117  117  119  121  121  120  120  120  120  119  118  117  117  117  118  118   2849
               3 3   117  117  115  115  114  113  113  113  112  112  110  102  107  108   98   93   98   92   90   92   89   86   91   89   2486
               3 4    80   79   79   79   79   79   78   79   80   82   83   84   87   89   91   91   92   96  100  107  112  114  118  120   2178
               3 5   120  121  121  122  122  121  118  117  119  121  122  122  124  125  124  124  123  123  122  122  119  109   99   95   2855
               3 6    88   84   82   82   80   79   79   79   80   80   81   81   82   81   80   81   81   82   88   90   86   88   87   87   1988
               3 7    90  102  100   98   99   96   94   81   77   78   78   80   81   83   93   99   86   83   83   82   81   80   80   80   2084
               3 8    79   79   80   80   78   78   78   79   79   80   81   83   85   90   89   89   89   88   86   89   91   88   92   97   2027
               3 9    97   97   98   91   91   90   98  106  105  104   96  108  102   97  101   95   91   90   89   89   88   88   89   89   2289
               310    89  102  114  111  107  107   99   80   79   80   80   81   83   86   82   80   80   79   78   78   78   78   78   77   2086
               311    77   77   77   77   77   77   77   77   79   80   81   84   86   85   85   85   86   88   89   90   90   90   90   90   1994
               312    89   89   89   89   89   90   89   89   91   95   97  100  100  102  104  110  103  104  103  102  104   99  107  111   2345
               313   108  109  103  108  116  117  113  115  123  127  129  130  131  134  135  137  137  137  138  138  138  140  133  131   3027
               314   131  131  129  125  125  124  123  122  123  123  122  118  116  116  117  116  115  114  118  118  118  113  114  111   2882
               315   110   99   88   86   84   83   82   82   82   83   84   85   87   88   89   90   91   91   91   91   91   92   92   93   2134
               316    93   92   91   91   90   89   88   88   90   92   94   95   97   98  101  103  106  105  100   97   94   92   91   91   2268
               317    89   88   87   87   86   88   89   90   92   93   95   98  101  108  109  105  104  102  101  101  101  102  104  108   2328
               318   120  118  104  105  108  102  110  119  107  114  119  126  124  119  118  116  115  115  116  124  114  109  105  102   2729
               319   100   97   93   91   91   89   89   89   91   92   96  107  119  121  118  119  120  119  119  118  119  119  120  120   2556
               320   121  122  122  123  123  124  124  125  125  125  125  126  125  126  127  127  126  126  124  124  123  123  123  123   2982
               321   122  119  116  115  106   94   88   89   90   91   91   93   93   94   95  111  104   94   88   88   87   87   86   86   2327
               322    86   85   85   85   85   84   84   84   85   86   88   89   90   90   90   92   93   93   93   93  100  106  104  109   2179
               323    92   88   86   85   85   84   84   86   89   91   93   96   98   99  101   98   97   96   95   94   94   94   94   94   2213
               324    92   91   90   89   88   88   88   89   92   94   95   96   98   99  100  101  101   99   98  102  102  102  100  104   2298
               325   114  112  109  110  113  106   98   97   97  100  103  105  106  107  108  109  110  110  108  107  107  108  107  105   2556
               326   106  112  111  118  118  120  121  123  125  126  128  124  128  133  132  129  131  132  129  125  127  134  136  136   3004
               327   135  135  134  132  132  132  132  131  130  130  129  129  129  128  127  125  118  103  100  100  100   99   99   98   2907
               328    97   97   97   96   95   93   92   95   97  100  102  104  105  105  106  107  106  104  103  103  103  103  103  102   2415
               329   104  104  104  106  106  106  102  101  104  107  109  114  115  116  117  116  116  127  120  115  117  117  123  125   2691
               330   129  133  136  135  136  136  134  133  135  136  138  138  139  140  141  143  143  140  138  135  129  113  116  113   3209
               331   118  117  115  110  104  100   98   98   98   98   99  100  101  100  100  102  107  107  107  107  107  106  106  106   2511
              ------------------------------------------------------------------------------------------------------------------------------------
              TOTAL 3233 3239 3196 3183 3168 3129 3103 3096 3116 3160 3190 3242 3283 3311 3320 3334 3311 3280 3254 3259 3247 3216 3225 3230  77325
              MEAN   104  104  103  103  102  101  100  100  101  102  103  105  106  107  107  108  107  106  105  105  105  104  104  104   2494
              MAX    135  135  136  135  136  136  134  133  135  136  138  138  139  140  141  143  143  140  138  138  138  140  136  136   3209
                N     31   31   31   31   31   31   31   31   31   31   31   31   31   31   31   31   31   31   31   31   31   31   31   31     31
              NOTE                                                                                                                                
                                                                                                                                                  
                   *): WITH MISSING DATA; TOTAL,MEAN,MAXIMUM ESTIMATED                                                                            
                                                                                                                                                  
                                                                                                                                                  
