                                                                                                                                                  
                                                                                                                                                  
                                                                *******************************                                                   
                                                                  DOWNWARD LONGWAVE RADIATION                                                     
                                                                *******************************                                                   
                                                                                                                  COUNTRY = JAPAN                 
                                                                                                                                                  
                                                                                                                                                  
                                                                     UNIT  = 0.01 MJ/m**2                                                         
                        STATION    : Tateno                                                                                                       
                        STATION NO.: 47646                                                                                                        
                        LOCATION   : 140ﾟ08' E                                                                                                    
                                      36ﾟ03' N                                                                                                    
                        ALTITUDE   :   25.2  m                                                                                                    
                        YEAR/MONTH : 2014/11                                                                                                      
                                                                                                                                                  
              DATE   -01  -02  -03  -04  -05  -06  -07  -08  -09  -10  -11  -12  -13  -14  -15  -16  -17  -18  -19  -20  -21  -22  -23  -24  TOTAL
                                                                                                                                                  
              11 1   134  134  134  136  134  133  134  135  135  137  138  139  142  141  142  142  138  140  142  142  142  142  141  141   3318
              11 2   141  141  141  140  140  135  131  127  125  121  124  130  140  143  146  142  138  139  139  143  140  139  133  129   3267
              11 3   122  123  120  119  117  114  128  129  121  117  111  114  112  113  115  130  129  125  114  108  106  109  108  101   2805
              11 4    99   97   96   96   97   97   96   97   99  102  103  104  105  106  107  107  107  106  105  107  110  108  111  117   2479
              11 5   118  118  118  115  117  116  120  117  118  121  123  126  126  129  130  132  135  135  136  136  136  137  137  137   3033
              11 6   137  137  137  137  138  135  133  123  133  131  131  135  138  143  141  141  140  140  140  141  139  140  140  137   3287
              11 7   135  134  118  108  106  106  105  106  109  108  109  110  113  109  113  129  130  122  108  117  124  124  120  108   2771
              11 8   120  114  117  114  122  127  128  128  129  127  132  133  133  134  135  135  134  135  135  137  136  136  136  136   3113
              11 9   136  136  136  136  136  136  135  136  137  137  137  137  135  138  137  137  137  136  134  137  137  136  137  137   3273
              1110   136  133  137  121  120  134  134  129  135  128  118  114  117  131  134  122  115  113  112  109  111  123  107  106   2939
              1111   107  108  118  124  124  115  126  128  129  132  132  132  132  132  131  132  130  130  134  134  135  135  135  135   3070
              1112   135  134  134  133  132  133  134  134  135  134  135  136  136  136  135  135  132  114  111  110  109  110  111  106   3054
              1113   107  123  121  122  119  107  102  100  101  102  104  105  106  103  103  102  101   99   97   94   93   92   91   90   2484
              1114    90   91   91   90   90   91   91   92   94   95   97   98   99  100  101  101  100   99   98   98   98   99   97   96   2296
              1115    94   92   91   91   91   91   91   91   93   96   98   99  100  100  101  100   99   99   97   95   94   94   93   92   2282
              1116    91   91   91   90   91   93   95  105   99   95   97  101   98   99  100  101  101  101  104  106  102  102  106  115   2374
              1117   112  104  109  101  100   96   99  104  110  105  118  116  118  120  120  120  120  119  120  119  116  110  107  104   2667
              1118   102  105  106  102   97   96   94   94   96   98   99  100  102  106  101   98   97   99   98  100  108  102   94   93   2387
              1119    91   90   91   90   90   90   90   90   91   93   95   96   96   97   97   97   97   96   95   95   94   94   94   97   2246
              1120    94   96   93   96   99  101  102  102  106  110  111  113  117  122  123  124  128  125  125  124  124  123  120  121   2699
              1121   122  102  105  101  100  104  109  117  123  121  104  105  111  113  113  108  109  107  108  109  109  112  120  109   2641
              1122   110  109  109  109  107  100   97   98   98  100  103  105  106  107  107  108  107  106  105  104  105  105  105  104   2514
              1123   102  100  100   99   98   97   97   98  101  104  107  110  110  113  116  110  108  108  106  106  105  111  115  105   2526
              1124   125  120  122  122  119  123  116  124  123  118  131  131  131  130  123  124  116  118  120  116  121  119  111  108   2911
              1125   107  107  111  115  119  123  125  126  129  131  132  132  132  131  130  129  128  128  128  128  129  130  130  130   3010
              1126   129  129  129  128  128  129  127  128  131  131  130  130  130  128  127  126  125  125  126  126  125  125  125  125   3062
              1127   125  125  123  120  114  117  109  100  100  102  103  104  106  106  107  107  107  106  106  105  105  103  103  103   2606
              1128   103  121  125  111  123  127  126  121  125  125  121  131  132  125  126  133  133  133  131  128  123  113  119  117   2972
              1129   125  123  132  128  123  133  131  131  130  133  136  136  135  134  135  128  114  128  132  133  131  126  125  122   3104
              1130   125  122  114  108  105  105  105  105  106  108  125  128  129  121  125  130  124  112  126  130  132  133  134  135   2887
              ------------------------------------------------------------------------------------------------------------------------------------
              TOTAL 3474 3459 3469 3402 3396 3404 3410 3415 3461 3462 3504 3550 3587 3610 3621 3630 3579 3543 3532 3537 3539 3532 3505 3456  84077
              MEAN   116  115  116  113  113  113  114  114  115  115  117  118  120  120  121  121  119  118  118  118  118  118  117  115   2803
              MAX    141  141  141  140  140  136  135  136  137  137  138  139  142  143  146  142  140  140  142  143  142  142  141  141   3318
                N     30   30   30   30   30   30   30   30   30   30   30   30   30   30   30   30   30   30   30   30   30   30   30   30     30
              NOTE                                                                                                                                
                                                                                                                                                  
                   *): WITH MISSING DATA; TOTAL,MEAN,MAXIMUM ESTIMATED                                                                            
                                                                                                                                                  
                                                                                                                                                  
                                                                                                                                                  
