                                                                                                                                                  
                                                                                                                                                  
                                                                *******************************                                                   
                                                                  DOWNWARD LONGWAVE RADIATION                                                     
                                                                *******************************                                                   
                                                                                                                  COUNTRY = JAPAN                 
                                                                                                                                                  
                                                                                                                                                  
                                                                     UNIT  = 0.01 MJ/m**2                                                         
                        STATION    : Tateno                                                                                                       
                        STATION NO.: 47646                                                                                                        
                        LOCATION   : 140ﾟ08' E                                                                                                    
                                      36ﾟ03' N                                                                                                    
                        ALTITUDE   :   25.2  m                                                                                                    
                        YEAR/MONTH : 2014/06                                                                                                      
                                                                                                                                                  
              DATE   -01  -02  -03  -04  -05  -06  -07  -08  -09  -10  -11  -12  -13  -14  -15  -16  -17  -18  -19  -20  -21  -22  -23  -24  TOTAL
                                                                                                                                                  
               6 1   126  126  125  125  124  124  125  127  129  132  133  137  139  138  138  139  138  139  136  132  132  130  129  128   3151
               6 2   126  125  125  125  124  123  123  124  126  128  130  130  132  133  135  134  130  129  125  123  132  140  143  147   3112
               6 3   145  147  146  147  147  147  147  148  147  145  142  143  136  134  136  135  134  133  140  134  135  133  134  137   3372
               6 4   136  130  131  143  139  129  129  139  142  144  147  146  146  146  142  135  131  130  131  132  132  135  136  135   3286
               6 5   135  136  138  138  139  138  141  141  145  143  144  146  145  145  145  146  146  146  147  147  146  147  147  147   3438
               6 6   147  147  147  146  144  144  146  146  146  146  146  146  146  146  146  146  146  147  147  146  146  146  146  146   3505
               6 7   145  145  145  145  143  145  144  145  144  144  145  144  144  144  143  144  144  144  144  144  145  145  145  146   3466
               6 8   147  148  148  148  148  148  148  150  151  151  151  151  152  151  151  151  151  149  148  149  145  146  147  146   3575
               6 9   143  143  149  147  149  150  147  148  149  145  150  150  152  151  150  147  142  140  143  145  148  148  147  146   3529
               610   145  145  146  145  146  146  148  146  148  147  143  146  147  140  139  138  134  135  137  147  149  149  149  148   3463
               611   146  141  148  148  148  148  148  149  148  148  150  149  150  149  150  151  150  150  151  151  151  151  151  151   3577
               612   151  150  151  150  150  150  150  150  149  149  149  149  150  150  151  151  151  150  147  147  143  134  136  137   3545
               613   144  146  129  127  126  125  125  127  130  134  139  136  145  138  138  142  146  145  141  138  139  133  135  133   3261
               614   128  127  122  122  120  119  120  122  125  127  129  129  131  134  139  135  134  132  134  130  127  125  125  125   3061
               615   124  124  123  121  120  120  122  123  125  126  128  128  129  129  130  132  135  134  133  130  128  128  129  131   3052
               616   136  132  139  135  129  123  123  125  127  130  132  132  135  138  138  138  138  135  133  141  142  138  133  135   3207
               617   136  139  149  141  132  131  139  137  136  139  142  139  142  143  147  142  145  144  138  140  138  136  136  142   3353
               618   141  135  134  144  140  137  141  142  144  144  147  148  147  145  145  147  147  147  140  138  141  140  137  139   3410
               619   140  138  132  125  124  124  125  127  133  138  139  140  136  139  141  142  136  136  140  139  143  143  145  145   3270
               620   145  145  144  142  132  130  135  131  134  140  136  137  138  137  137  138  138  145  140  144  147  147  147  145   3354
               621   142  139  139  139  140  138  138  149  148  151  149  152  153  153  145  144  139  144  145  146  147  138  138  141   3457
               622   142  142  143  144  145  147  149  149  149  148  147  145  148  146  146  144  138  136  135  137  138  137  138  143   3436
               623   144  144  142  143  140  134  141  145  143  141  142  139  139  140  141  138  134  134  135  135  136  139  134  134   3337
               624   140  140  141  142  143  145  147  146  148  147  147  142  137  136  137  142  142  147  142  145  143  141  131  129   3400
               625   128  143  141  129  137  142  146  145  145  151  152  143  147  139  143  148  152  146  142  131  130  144  145  145   3414
               626   135  135  136  136  137  139  145  148  148  149  150  140  147  145  151  147  146  138  135  134  133  137  140  145   3396
               627   145  135  131  140  146  144  142  138  148  142  141  137  138  142  145  140  147  145  147  146  147  149  150  152   3437
               628   152  151  150  150  150  150  150  152  150  151  151  152  151  150  151  151  152  150  150  152  152  152  152  152   3624
               629   152  152  153  153  153  152  152  153  152  152  153  149  153  145  151  151  152  153  150  150  146  145  145  144   3611
               630   144  141  143  134  133  134  136  140  140  142  149  147  141  147  142  145  151  145  142  139  145  151  149  145   3425
              ------------------------------------------------------------------------------------------------------------------------------------
              TOTAL 4210 4191 4190 4174 4148 4126 4172 4212 4249 4274 4303 4272 4296 4273 4293 4283 4269 4248 4218 4212 4226 4227 4219 4239 101524
              MEAN   140  140  140  139  138  138  139  140  142  142  143  142  143  142  143  143  142  142  141  140  141  141  141  141   3384
              MAX    152  152  153  153  153  152  152  153  152  152  153  152  153  153  151  151  152  153  151  152  152  152  152  152   3624
                N     30   30   30   30   30   30   30   30   30   30   30   30   30   30   30   30   30   30   30   30   30   30   30   30     30
              NOTE                                                                                                                                
                                                                                                                                                  
                   *): WITH MISSING DATA; TOTAL,MEAN,MAXIMUM ESTIMATED                                                                            
                                                                                                                                                  
                                                                                                                                                  
                                                                                                                                                  
