                                                                                                                                                  
                                                                                                                                                  
                                                                *******************************                                                   
                                                                  DOWNWARD LONGWAVE RADIATION                                                     
                                                                *******************************                                                   
                                                                                                                  COUNTRY = JAPAN                 
                                                                                                                                                  
                                                                                                                                                  
                                                                     UNIT  = 0.01 MJ/m**2                                                         
                        STATION    : Tateno                                                                                                       
                        STATION NO.: 47646                                                                                                        
                        LOCATION   : 140ﾟ08' E                                                                                                    
                                      36ﾟ03' N                                                                                                    
                        ALTITUDE   :   25.2  m                                                                                                    
                        YEAR/MONTH : 2014/10                                                                                                      
                                                                                                                                                  
              DATE   -01  -02  -03  -04  -05  -06  -07  -08  -09  -10  -11  -12  -13  -14  -15  -16  -17  -18  -19  -20  -21  -22  -23  -24  TOTAL
                                                                                                                                                  
              10 1   144  146  145  146  145  143  142  141  143  145  146  146  144  145  144  144  144  144  144  143  143  141  144  144   3456
              10 2   144  143  141  137  140  132  130  132  139  147  148  148  148  146  145  145  147  147  147  148  149  148  144  142   3437
              10 3   139  137  133  132  133  133  134  133  140  141  137  142  144  143  146  141  141  141  140  140  141  142  144  143   3340
              10 4   143  146  145  141  148  148  147  145  146  148  147  149  149  146  145  138  137  142  145  145  146  141  140  139   3466
              10 5   142  143  143  143  142  142  140  140  140  139  138  137  138  138  139  139  140  141  142  141  142  142  142  143   3376
              10 6   145  145  146  146  145  146  147  148  150  155  156  151  144  143  138  135  133  131  133  136  141  138  143  141   3436
              10 7   139  136  136  137  137  136  132  126  121  127  124  135  133  123  119  118  118  117  125  126  132  131  131  130   3089
              10 8   130  126  120  118  115  116  115  116  123  119  127  134  132  128  131  122  121  120  119  124  119  117  117  126   2935
              10 9   135  135  130  138  136  136  137  126  136  131  144  141  146  144  142  140  142  138  144  144  134  125  124  126   3274
              1010   130  121  121  121  120  119  119  120  122  125  127  130  132  133  133  132  131  132  131  132  132  131  129  129   3052
              1011   129  129  128  127  126  135  140  127  121  122  135  136  122  118  119  118  116  115  114  114  115  130  126  114   2976
              1012   115  119  118  129  124  132  132  121  130  127  129  137  135  129  128  118  114  116  113  118  120  122  126  122   2974
              1013   123  119  128  132  133  129  133  135  136  138  140  141  141  141  140  141  144  145  145  146  146  147  152  154   3329
              1014   155  154  154  154  153  147  130  125  126  128  132  142  132  135  132  121  121  120  133  133  122  120  118  131   3218
              1015   134  133  132  128  117  110  111  124  125  129  131  131  132  132  131  131  131  130  128  128  129  126  128  129   3060
              1016   130  128  128  129  122  129  132  134  135  136  132  133  137  138  139  137  125  113  113  113  113  115  115  134   3060
              1017   121  113  110  109  110  115  110  108  109  110  112  113  114  113  113  115  118  121  120  114  108  107  106  104   2693
              1018   104  102   99   98   98   99   99  101  104  106  108  109  109  110  111  111  110  110  110  109  110  110  110  110   2547
              1019   109  107  106  106  105  105  104  105  107  110  113  115  117  121  120  124  123  116  116  114  113  113  112  112   2693
              1020   117  116  121  131  131  117  120  117  122  127  124  127  130  135  143  144  143  139  139  138  139  140  141  141   3142
              1021   141  141  139  138  140  140  140  138  139  140  142  143  144  141  140  144  146  141  142  143  132  134  133  135   3356
              1022   135  137  137  137  141  143  140  139  140  138  137  137  137  136  135  134  134  135  133  133  133  134  132  132   3269
              1023   131  130  131  131  130  130  124  126  127  127  129  131  131  131  132  132  131  131  130  129  131  132  131  131   3119
              1024   131  129  123  108  108  104  113  113  107  110  112  115  115  117  114  115  112  111  110  110  110  110  110  110   2717
              1025   109  109  109  108  106  106  105  107  109  112  114  115  120  119  123  129  130  130  125  140  123  133  121  120   2822
              1026   119  126  131  131  117  121  138  139  139  141  144  139  137  143  145  142  140  138  129  136  136  136  142  145   3254
              1027   143  144  144  134  136  143  142  143  131  121  123  125  128  130  131  129  128  137  138  119  115  110  120  112   3126
              1028   128  128  126  123  118  104   97   97   98   98  100  100  101  101  102  102  102  101  101  100  100   99   98   99   2523
              1029    99   96   95   94   94   94   93   94   96   97   99  101  103  106  106  106  106  105  105  104  105  105  105  104   2412
              1030   104  101  100  100  100  101  100  101  104  106  109  114  114  116  117  122  139  128  123  117  119  136  133  135   2739
              1031   128  125  119  127  125  134  134  135  127  134  138  137  139  141  139  136  136  136  136  136  136  136  136  132   3202
              ------------------------------------------------------------------------------------------------------------------------------------
              TOTAL 3996 3964 3938 3933 3895 3889 3880 3856 3892 3934 3997 4054 4048 4042 4042 4005 4003 3971 3973 3973 3934 3951 3953 3969  95092
              MEAN   129  128  127  127  126  125  125  124  126  127  129  131  131  130  130  129  129  128  128  128  127  127  128  128   3067
              MAX    155  154  154  154  153  148  147  148  150  155  156  151  149  146  146  145  147  147  147  148  149  148  152  154   3466
                N     31   31   31   31   31   31   31   31   31   31   31   31   31   31   31   31   31   31   31   31   31   31   31   31     31
              NOTE                                                                                                                                
                                                                                                                                                  
                   *): WITH MISSING DATA; TOTAL,MEAN,MAXIMUM ESTIMATED                                                                            
                                                                                                                                                  
                                                                                                                                                  
