                                                                                                                                                  
                                                                                                                                                  
                                                                *******************************                                                   
                                                                  DOWNWARD LONGWAVE RADIATION                                                     
                                                                *******************************                                                   
                                                                                                                  COUNTRY = JAPAN                 
                                                                                                                                                  
                                                                                                                                                  
                                                                     UNIT  = 0.01 MJ/m**2                                                         
                        STATION    : Tateno                                                                                                       
                        STATION NO.: 47646                                                                                                        
                        LOCATION   : 140ﾟ08' E                                                                                                    
                                      36ﾟ03' N                                                                                                    
                        ALTITUDE   :   25.2  m                                                                                                    
                        YEAR/MONTH : 2014/09                                                                                                      
                                                                                                                                                  
              DATE   -01  -02  -03  -04  -05  -06  -07  -08  -09  -10  -11  -12  -13  -14  -15  -16  -17  -18  -19  -20  -21  -22  -23  -24  TOTAL
                                                                                                                                                  
               9 1   137  140  143  146  146  148  148  147  148  149  151  151  151  150  150  149  148  148  147  147  148  147  147  144   3530
               9 2   143  142  143  143  129  128  129  130  132  135  137  142  147  144  142  144  137  137  139  141  144  149  149  143   3349
               9 3   136  130  141  147  147  146  135  131  135  142  151  151  151  151  150  150  137  138  147  148  146  145  148  148   3451
               9 4   147  148  148  147  136  133  134  136  139  150  153  154  156  157  157  156  156  155  155  155  154  154  153  152   3585
               9 5   153  153  151  148  143  148  141  145  150  159  160  159  156  162  155  158  153  153  150  150  156  152  152  148   3655
               9 6   158  158  160  158  159  158  156  155  159  155  151  149  146  145  144  143  144  150  151  152  152  153  154  155   3665
               9 7   155  153  152  152  151  150  149  148  147  145  145  145  146  145  136  147  137  129  128  131  137  132  138  127   3425
               9 8   127  126  126  127  125  127  136  139  139  142  143  143  145  144  147  144  148  145  146  147  147  146  147  148   3354
               9 9   148  148  148  148  148  147  145  139  131  134  137  138  136  136  135  134  133  131  132  133  142  141  139  139   3342
               910   136  138  136  131  133  132  135  145  145  149  150  151  151  151  149  144  145  148  151  145  140  139  139  140   3423
               911   147  151  145  138  144  143  142  142  148  150  150  149  146  142  142  144  132  132  140  147  142  136  137  139   3428
               912   135  131  137  138  131  127  130  139  130  128  127  131  130  138  133  132  131  129  128  136  140  134  131  137   3183
               913   143  142  141  139  134  140  139  140  140  135  136  146  139  131  130  130  129  128  128  141  137  132  132  134   3266
               914   132  141  129  132  130  127  122  124  125  127  132  132  138  130  132  133  131  129  127  127  136  131  139  131   3137
               915   132  134  142  135  130  134  141  138  139  139  141  140  144  142  141  140  141  141  138  135  131  138  133  130   3299
               916   132  136  140  140  136  145  140  136  135  132  132  133  136  135  136  137  143  136  135  135  134  142  145  147   3298
               917   148  145  144  143  139  137  139  139  138  141  140  141  139  137  140  142  141  138  139  140  142  144  142  142   3380
               918   142  142  142  141  140  138  138  140  137  133  134  129  131  129  129  130  132  133  136  125  118  117  115  119   3170
               919   115  116  111  109  108  107  107  110  116  119  122  127  131  129  129  131  130  132  133  133  132  132  131  132   2942
               920   127  128  129  129  130  129  133  136  136  136  137  137  138  139  139  138  131  132  129  124  126  119  117  116   3135
               921   114  113  112  112  112  110  111  114  115  118  120  122  124  124  128  123  122  123  125  128  127  128  128  128   2881
               922   131  132  133  131  131  128  130  129  122  123  124  128  129  129  127  127  126  128  130  133  135  127  124  120   3077
               923   118  118  117  115  114  114  114  116  118  123  128  130  124  123  123  126  124  126  129  131  129  130  131  135   2956
               924   143  140  139  140  142  138  129  128  135  139  145  146  149  150  149  150  149  148  147  147  148  148  147  147   3443
               925   147  148  147  146  147  147  148  149  149  150  151  152  154  156  156  157  157  156  153  153  150  148  148  147   3616
               926   146  147  142  141  130  135  143  144  131  125  127  130  130  128  126  129  132  135  126  122  120  122  123  125   3159
               927   128  117  123  122  120  126  113  116  136  138  128  132  133  131  130  127  126  121  127  136  140  134  122  124   3050
               928   123  123  140  130  128  120  124  123  126  129  130  134  128  128  127  124  124  123  122  121  121  121  122  121   3012
               929   122  121  121  120  119  118  118  119  119  119  121  124  126  127  127  126  126  126  125  124  124  124  124  124   2944
               930   130  126  140  139  139  130  125  126  128  130  131  132  133  134  134  135  138  143  145  142  144  142  142  144   3252
              ------------------------------------------------------------------------------------------------------------------------------------
              TOTAL 4095 4087 4122 4087 4021 4010 3994 4023 4048 4094 4134 4178 4187 4167 4143 4150 4103 4093 4108 4129 4142 4107 4099 4086  98407
              MEAN   137  136  137  136  134  134  133  134  135  136  138  139  140  139  138  138  137  136  137  138  138  137  137  136   3280
              MAX    158  158  160  158  159  158  156  155  159  159  160  159  156  162  157  158  157  156  155  155  156  154  154  155   3665
                N     30   30   30   30   30   30   30   30   30   30   30   30   30   30   30   30   30   30   30   30   30   30   30   30     30
              NOTE                                                                                                                                
                                                                                                                                                  
                   *): WITH MISSING DATA; TOTAL,MEAN,MAXIMUM ESTIMATED                                                                            
                                                                                                                                                  
                                                                                                                                                  
                                                                                                                                                  
