                                                                                                                                                  
                                                                                                                                                  
                                                                *******************************                                                   
                                                                  DOWNWARD LONGWAVE RADIATION                                                     
                                                                *******************************                                                   
                                                                                                                  COUNTRY = JAPAN                 
                                                                                                                                                  
                                                                                                                                                  
                                                                     UNIT  = 0.01 MJ/m**2                                                         
                        STATION    : Tateno                                                                                                       
                        STATION NO.: 47646                                                                                                        
                        LOCATION   : 140ﾟ08' E                                                                                                    
                                      36ﾟ03' N                                                                                                    
                        ALTITUDE   :   25.2  m                                                                                                    
                        YEAR/MONTH : 2014/08                                                                                                      
                                                                                                                                                  
              DATE   -01  -02  -03  -04  -05  -06  -07  -08  -09  -10  -11  -12  -13  -14  -15  -16  -17  -18  -19  -20  -21  -22  -23  -24  TOTAL
                                                                                                                                                  
               8 1   144  144  143  143  141  141  143  147  148  150  151  156  158  159  159  160  160  160  155  153  152  151  144  144   3606
               8 2   144  142  143  140  140  139  140  142  145  147  150  154  156  156  156  155  156  157  154  154  155  151  148  147   3571
               8 3   145  143  142  142  141  141  142  144  147  150  151  157  159  163  159  155  153  151  148  147  147  148  149  150   3574
               8 4   149  149  148  148  148  147  148  150  153  155  159  161  162  158  159  157  157  155  154  152  151  154  149  147   3670
               8 5   147  147  147  147  147  147  148  150  152  155  158  157  157  159  158  157  156  155  153  151  150  149  149  149   3645
               8 6   148  148  147  146  146  146  146  149  151  152  153  154  154  153  152  151  150  148  148  147  147  147  147  147   3577
               8 7   146  146  146  146  145  146  147  149  155  164  161  155  152  152  149  148  148  150  151  148  148  146  149  148   3595
               8 8   147  149  150  149  151  149  147  154  155  159  162  160  160  161  162  161  159  158  157  158  156  156  151  153   3724
               8 9   155  151  147  152  155  149  149  145  146  150  157  158  158  158  156  155  155  153  152  148  144  146  153  154   3646
               810   153  152  152  152  153  154  155  154  153  160  161  163  161  163  163  158  157  155  158  162  158  155  155  154   3761
               811   154  157  156  158  156  155  149  149  151  153  151  151  150  151  151  152  153  151  149  149  149  148  146  145   3634
               812   144  147  148  148  152  154  157  157  158  159  160  158  159  159  159  159  154  152  151  151  151  150  150  150   3687
               813   150  149  149  150  151  147  149  147  144  140  142  147  148  152  154  156  155  157  157  153  155  155  153  149   3609
               814   149  151  155  152  155  154  156  156  157  159  161  163  164  163  161  159  159  157  158  154  158  159  160  160   3780
               815   160  156  155  151  153  148  147  156  152  153  154  154  156  158  157  156  155  154  153  152  152  151  150  151   3684
               816   151  153  152  159  152  155  154  153  153  153  153  154  154  153  153  154  153  152  151  151  147  149  150  152   3661
               817   152  152  152  151  151  151  152  152  152  153  154  155  156  151  148  149  149  147  145  143  149  154  155  153   3626
               818   153  154  155  155  155  155  155  156  153  150  157  157  155  157  159  159  154  151  150  147  146  146  145  144   3668
               819   143  145  159  155  144  143  144  153  148  149  155  160  159  155  155  154  154  153  152  151  150  150  150  150   3631
               820   149  149  148  148  147  148  148  150  152  155  156  159  161  162  162  159  156  155  154  156  156  153  153  152   3688
               821   149  148  146  146  145  144  145  147  149  153  153  156  161  161  161  162  165  158  161  155  153  151  150  149   3668
               822   147  147  146  145  144  144  144  145  148  150  154  158  160  158  154  153  152  149  145  144  148  157  158  158   3608
               823   159  157  155  153  148  150  151  149  153  151  153  158  157  154  153  152  152  145  142  141  147  149  147  145   3621
               824   145  141  140  141  142  141  142  144  147  146  154  160  161  155  159  157  157  155  154  155  152  152  154  153   3607
               825   153  153  150  150  153  154  156  155  154  154  154  152  151  151  150  154  146  145  145  149  152  154  155  154   3644
               826   151  152  150  149  152  154  154  154  155  154  155  154  154  153  153  152  152  152  150  149  143  150  151  151   3644
               827   149  149  148  146  146  146  146  147  148  148  149  148  148  149  147  148  148  148  148  147  147  146  146  146   3538
               828   146  146  146  146  146  146  146  147  148  147  149  149  150  150  150  150  149  148  146  149  149  148  149  148   3548
               829   150  150  148  148  147  147  147  145  146  150  150  151  151  149  148  149  150  148  146  143  144  147  148  146   3548
               830   147  149  148  147  146  145  146  146  142  135  144  149  151  144  147  141  137  137  138  133  130  130  130  130   3392
               831   137  141  132  133  140  141  148  148  149  146  151  152  152  151  149  140  147  138  135  135  136  143  142  142   3428
              ------------------------------------------------------------------------------------------------------------------------------------
              TOTAL 4616 4617 4603 4596 4592 4581 4601 4640 4664 4700 4772 4820 4835 4818 4803 4772 4748 4694 4660 4627 4622 4645 4636 4621 112283
              MEAN   149  149  148  148  148  148  148  150  150  152  154  155  156  155  155  154  153  151  150  149  149  150  150  149   3622
              MAX    160  157  159  159  156  155  157  157  158  164  162  163  164  163  163  162  165  160  161  162  158  159  160  160   3780
                N     31   31   31   31   31   31   31   31   31   31   31   31   31   31   31   31   31   31   31   31   31   31   31   31     31
              NOTE                                                                                                                                
                                                                                                                                                  
                   *): WITH MISSING DATA; TOTAL,MEAN,MAXIMUM ESTIMATED                                                                            
                                                                                                                                                  
                                                                                                                                                  
