                                                                                                                                                  
                                                                                                                                                  
                                                                *******************************                                                   
                                                                  DOWNWARD LONGWAVE RADIATION                                                     
                                                                *******************************                                                   
                                                                                                                  COUNTRY = JAPAN                 
                                                                                                                                                  
                                                                                                                                                  
                                                                     UNIT  = 0.01 MJ/m**2                                                         
                        STATION    : Tateno                                                                                                       
                        STATION NO.: 47646                                                                                                        
                        LOCATION   : 140ﾟ08' E                                                                                                    
                                      36ﾟ03' N                                                                                                    
                        ALTITUDE   :   25.2  m                                                                                                    
                        YEAR/MONTH : 2014/04                                                                                                      
                                                                                                                                                  
              DATE   -01  -02  -03  -04  -05  -06  -07  -08  -09  -10  -11  -12  -13  -14  -15  -16  -17  -18  -19  -20  -21  -22  -23  -24  TOTAL
                                                                                                                                                  
               4 1   107   99   96   96   93   92   92   93   93   95   98  100   99  102  102  101  100  101   99   95   95   96   97   97   2338
               4 2    97   96   97   97   99   99   99  100  103  108  115  122  123  118  125  128  123  124  123  126  128  125  125  129   2729
               4 3   130  131  131  129  133  134  131  131  133  135  135  135  135  136  137  137  136  137  138  138  138  139  139  138   3236
               4 4   137  136  135  135  136  136  136  136  136  136  134  125  128  135  127  124  134  129  122  104  101   97   99   92   3010
               4 5    91   89   89   88   91   92   97   90   87   89   90   92   95   95   97   99  113  122  117  111  111  114  115  117   2391
               4 6   118  120  119  118  117  113  118  117  100  104  107  101  104  113  117  119  117  108   91   87   86   87   86   86   2553
               4 7    85   85   85   85   86   85   86   87   89   91   93   94   96   99  101  101  101  102  103  100  101   99   98   97   2249
               4 8    97   97   96   95   95   94   94   95   98  101  103  106  107  109  110  110  111  111  108  107  106  106  105  104   2465
               4 9   104  103  101  101  101  101  104  114  112  118  112  109  109  108  108  108  108  108  108  107  108  109  109  109   2579
               410   108  107  106  116  105  103  101  101  103  106  109  112  117  114  116  130  133  128  120  105   92   92   91   89   2604
               411    88   87   86   85   84   84   84   86   88   90   91   93   95   96   97   96   95   94   94   94   93   92   91   89   2172
               412    88   88   87   87   87   87   87   90   92   92   93   95   97   98   99  100  101  100   98   96   96   95   94   93   2240
               413    93   92   91   91   91   91   92   94   97   97   99  100  104  107  109  109  106  107  107  108  107  105  117  113   2427
               414   108  104  111  112  106  106  109  103  105  111  112  119  124  120  118  111  108  105  104  103  102  102  101  101   2605
               415   101  101  100   99   98   97   97   99  101  103  105  107  109  111  109  108  108  108  107  108  109  116  121  110   2532
               416   105  102   97   97   97   97   97  101  108  111  115  114  113  120  116  115  115  113  113  112  112  110  109  108   2597
               417   107  106  104  103  103  103  103  104  105  107  108  110  112  114  115  116  117  117  117  118  121  123  123  123   2679
               418   126  128  128  130  130  128  127  125  124  126  127  125  124  125  125  125  125  125  125  125  124  124  124  125   3020
               419   125  125  124  123  112   99   96   98   98   98   99  102  104  104  104  111  109  114  120  119  119  118  118  117   2656
               420   117  117  117  117  117  113  116  119  116  121  113  120  125  124  126  126  125  126  126  125  126  126  127  127   2912
               421   128  128  128  128  127  128  129  129  130  131  134  135  135  134  134  137  136  136  136  136  137  137  137  137   3187
               422   137  136  134  134  133  131  123  111  110  114  122  133  131  129  128  129  130  129  128  124  126  127  126  124   3049
               423   125  125  127  125  120  112  103  104  104  106  110  108  110  113  115  114  127  116  108  115  125  115  120  124   2771
               424   127  112  112  106  104  109  105  103  103  101  103  104  105  105  105  105  104  104  106  105  104  106  106  105   2549
               425   106  106  105  105  104  103  104  106  108  109  111  113  117  114  111  114  115  113  111  109  109  109  109  108   2619
               426   108  107  107  106  106  106  106  108  111  113  115  119  120  121  120  116  115  114  111  112  112  110  109  106   2678
               427   104  104  104  104  104  104  104  105  107  109  109  109  107  105  105  106  104  106  109  109  107  106  105  104   2540
               428   104  104  103  103  103  107  105  115  118  123  124  125  129  132  133  131  126  124  127  130  125  116  126  123   2856
               429   119  125  124  126  127  131  127  127  122  119  126  130  128  127  129  128  127  130  127  131  134  134  135  135   3068
               430   136  135  135  134  134  135  136  136  136  137  137  139  140  141  140  140  142  143  143  143  142  142  142  142   3330
              ------------------------------------------------------------------------------------------------------------------------------------
              TOTAL 3326 3295 3279 3275 3243 3220 3208 3227 3237 3301 3349 3396 3442 3469 3478 3494 3511 3494 3446 3402 3396 3377 3404 3372  80641
              MEAN   111  110  109  109  108  107  107  108  108  110  112  113  115  116  116  116  117  116  115  113  113  113  113  112   2688
              MAX    137  136  135  135  136  136  136  136  136  137  137  139  140  141  140  140  142  143  143  143  142  142  142  142   3330
                N     30   30   30   30   30   30   30   30   30   30   30   30   30   30   30   30   30   30   30   30   30   30   30   30     30
              NOTE                                                                                                                                
                                                                                                                                                  
                   *): WITH MISSING DATA; TOTAL,MEAN,MAXIMUM ESTIMATED                                                                            
                                                                                                                                                  
                                                                                                                                                  
                                                                                                                                                  
