                                                                                                                                                  
                                                                                                                                                  
                                                                *******************************                                                   
                                                                  DOWNWARD LONGWAVE RADIATION                                                     
                                                                *******************************                                                   
                                                                                                                  COUNTRY = JAPAN                 
                                                                                                                                                  
                                                                                                                                                  
                                                                     UNIT  = 0.01 MJ/m**2                                                         
                        STATION    : Tateno                                                                                                       
                        STATION NO.: 47646                                                                                                        
                        LOCATION   : 140ﾟ08' E                                                                                                    
                                      36ﾟ03' N                                                                                                    
                        ALTITUDE   :   25.2  m                                                                                                    
                        YEAR/MONTH : 2015/05                                                                                                      
                                                                                                                                                  
              DATE   -01  -02  -03  -04  -05  -06  -07  -08  -09  -10  -11  -12  -13  -14  -15  -16  -17  -18  -19  -20  -21  -22  -23  -24  TOTAL
                                                                                                                                                  
               5 1   114  113  113  113  112  111  112  113  115  117  119  124  123  121  118  118  121  121  119  117  116  116  115  116   2797
               5 2   115  115  115  114  113  113  114  116  116  116  116  116  116  118  119  118  115  117  117  115  115  115  124  121   2789
               5 3   116  115  116  114  131  139  136  121  121  128  125  124  126  130  134  131  136  135  132  132  134  133  131  131   3071
               5 4   132  134  134  134  135  136  136  138  140  132  133  132  133  135  138  134  136  130  138  138  138  143  144  143   3266
               5 5   149  148  146  140  137  132  134  132  128  126  126  123  112  108  107  106  105  105  106  107  106  104  104  102   2893
               5 6   102  101  101  102  101  100  102  105  108  110  113  118  124  126  123  126  126  124  124  123  123  121  122  125   2750
               5 7   127  127  121  118  114  126  130  130  131  132  133  134  134  133  131  124  125  120  119  119  118  118  117  116   2997
               5 8   116  129  128  123  125  127  116  113  113  115  117  119  119  120  122  123  125  123  122  122  121  121  119  118   2896
               5 9   118  119  121  132  135  129  133  137  135  136  137  136  133  136  137  133  133  136  137  137  135  136  134  127   3182
               510   132  129  127  116  113  110  109  109  112  114  114  115  115  116  118  134  134  133  130  126  123  102   98   97   2826
               511    96   96   95   95   95   94   95   97   99  102  105  106  107  109  111  112  113  114  112  112  116  117  115  111   2524
               512   112  125  120  122  129  130  135  139  139  139  134  139  142  136  142  142  143  141  142  142  144  147  149  149   3282
               513   151  143  147  142  124  135  131  135  120  121  124  132  128  125  123  124  125  124  121  117  116  115  115  115   3053
               514   114  114  113  112  111  112  114  117  121  120  122  123  126  126  125  125  129  128  126  126  125  125  124  125   2903
               515   125  123  122  121  118  118  118  118  121  123  125  127  130  132  134  136  134  133  139  145  146  145  136  144   3113
               516   144  139  137  143  147  147  147  147  147  148  148  145  143  143  137  132  133  135  139  136  141  141  141  141   3401
               517   144  138  139  133  132  126  126  123  128  129  132  124  125  120  121  121  127  128  128  127  129  127  123  122   3072
               518   121  119  120  118  118  118  122  130  132  131  130  135  144  142  141  144  141  143  143  142  144  145  144  145   3212
               519   145  145  145  145  145  144  143  143  144  144  145  146  148  145  148  150  149  147  147  146  145  145  145  144   3493
               520   144  144  144  144  143  142  139  130  123  124  130  127  126  126  126  127  129  130  128  131  139  136  140  143   3215
               521   139  141  139  135  134  134  119  112  113  112  117  115  116  120  115  112  113  113  112  110  110  110  110  109   2860
               522   109  108  108  109  110  115  115  119  121  128  130  130  120  115  126  129  123  120  117  116  116  117  117  116   2834
               523   116  116  116  115  117  118  116  118  125  128  132  133  130  129  131  133  133  125  127  130  127  128  132  134   3009
               524   135  136  135  134  136  135  132  133  132  135  134  130  127  128  132  133  126  123  124  125  127  124  120  118   3114
               525   118  118  118  117  117  118  119  121  126  125  138  141  142  140  139  135  136  131  127  130  139  138  136  127   3096
               526   125  127  123  121  118  118  117  119  121  122  124  126  127  130  131  132  131  131  133  128  128  125  125  124   3006
               527   123  121  119  119  118  118  119  120  122  124  125  125  125  125  126  125  126  127  128  134  133  132  133  132   2999
               528   138  137  132  134  143  143  144  145  145  143  138  140  135  135  138  137  137  138  136  135  136  135  133  134   3311
               529   133  134  136  137  133  132  136  140  138  142  147  149  149  149  148  148  148  149  149  147  148  147  138  132   3409
               530   133  139  133  127  128  135  128  128  134  134  137  136  136  138  140  138  138  141  139  142  145  145  144  144   3282
               531   142  140  138  138  137  133  131  132  134  138  140  145  146  149  140  134  137  139  139  137  136  137  141  139   3322
              ------------------------------------------------------------------------------------------------------------------------------------
              TOTAL 3928 3933 3901 3867 3869 3888 3868 3880 3904 3938 3990 4015 4007 4005 4021 4016 4027 4004 4000 3994 4019 3990 3969 3944  94977
              MEAN   127  127  126  125  125  125  125  125  126  127  129  130  129  129  130  130  130  129  129  129  130  129  128  127   3064
              MAX    151  148  147  145  147  147  147  147  147  148  148  149  149  149  148  150  149  149  149  147  148  147  149  149   3493
                N     31   31   31   31   31   31   31   31   31   31   31   31   31   31   31   31   31   31   31   31   31   31   31   31     31
              NOTE                                                                                                                                
                                                                                                                                                  
                   *): WITH MISSING DATA; TOTAL,MEAN,MAXIMUM ESTIMATED                                                                            
                                                                                                                                                  
                                                                                                                                                  
