                                                                                                                                                  
                                                                                                                                                  
                                                                *******************************                                                   
                                                                  DOWNWARD LONGWAVE RADIATION                                                     
                                                                *******************************                                                   
                                                                                                                  COUNTRY = JAPAN                 
                                                                                                                                                  
                                                                                                                                                  
                                                                     UNIT  = 0.01 MJ/m**2                                                         
                        STATION    : Tateno                                                                                                       
                        STATION NO.: 47646                                                                                                        
                        LOCATION   : 140ﾟ08' E                                                                                                    
                                      36ﾟ03' N                                                                                                    
                        ALTITUDE   :   25.2  m                                                                                                    
                        YEAR/MONTH : 2015/06                                                                                                      
                                                                                                                                                  
              DATE   -01  -02  -03  -04  -05  -06  -07  -08  -09  -10  -11  -12  -13  -14  -15  -16  -17  -18  -19  -20  -21  -22  -23  -24  TOTAL
                                                                                                                                                  
               6 1   131  122  126  124  130  135  134  139  133  128  125  126  126  126  127  127  129  130  128  128  128  128  128  128   3086
               6 2   126  126  124  123  122  121  123  127  128  130  135  134  137  135  143  144  143  140  138  135  135  133  139  141   3182
               6 3   142  142  142  144  144  145  147  149  149  151  151  148  148  146  145  143  142  142  142  142  140  143  151  144   3482
               6 4   141  146  144  130  114  112  116  118  119  118  126  128  125  124  121  120  118  120  118  114  111  110  110  110   2913
               6 5   111  112  108  114  118  124  124  122  120  127  134  135  136  136  136  137  139  140  138  139  138  136  135  135   3094
               6 6   135  135  136  136  136  137  137  137  135  140  139  139  142  141  126  125  132  131  129  117  116  116  117  120   3154
               6 7   121  119  117  117  120  118  123  129  124  133  138  140  138  141  133  127  127  130  129  129  130  127  125  123   3058
               6 8   121  124  122  119  120  119  121  127  140  133  139  143  138  133  131  133  136  136  136  136  137  138  139  140   3161
               6 9   141  142  143  144  144  145  144  145  146  147  145  146  144  143  144  142  142  141  141  140  138  132  128  130   3397
               610   128  126  127  128  147  146  147  146  135  136  138  145  149  144  139  138  135  133  131  128  128  128  128  127   3257
               611   129  127  128  127  127  130  139  138  136  136  136  138  143  140  136  140  140  143  142  137  139  142  143  144   3280
               612   145  145  146  147  146  147  148  149  149  150  150  150  150  147  150  152  152  151  151  150  149  148  143  148   3563
               613   147  147  146  145  140  142  146  138  136  138  140  140  144  145  144  147  146  146  145  146  146  146  146  148   3454
               614   147  147  145  145  146  147  147  146  147  152  149  149  146  145  145  141  142  140  141  138  138  138  136  136   3453
               615   136  136  133  130  128  128  129  131  134  137  137  141  145  142  145  153  144  142  146  144  142  145  143  139   3330
               616   139  140  139  137  138  138  139  147  140  142  143  146  145  141  146  146  144  142  142  150  150  148  147  146   3435
               617   146  146  148  149  148  147  148  148  148  145  145  148  146  145  144  143  145  144  142  138  135  130  137  140   3455
               618   145  148  147  143  145  146  148  147  141  142  141  148  149  148  148  148  147  143  136  134  135  131  132  133   3425
               619   133  136  138  139  138  138  144  146  145  144  146  146  146  147  145  146  143  142  143  144  142  142  141  142   3416
               620   140  139  138  131  121  120  121  122  124  127  130  130  137  136  135  142  141  135  134  136  139  134  133  138   3183
               621   136  138  138  142  144  143  145  145  145  147  147  148  149  150  149  146  145  145  142  137  138  139  135  134   3427
               622   126  126  127  129  136  136  133  136  139  149  150  141  142  148  144  145  140  138  138  136  136  133  132  132   3292
               623   137  138  138  138  138  139  138  139  141  142  148  151  146  151  150  150  151  147  143  147  147  145  143  143   3450
               624   139  131  125  125  124  127  144  145  130  132  134  133  135  137  139  138  136  136  136  133  131  131  133  132   3206
               625   142  144  138  139  139  136  139  144  145  139  135  137  142  147  146  150  143  138  134  132  131  129  129  128   3326
               626   128  129  129  128  130  132  138  140  142  150  151  152  151  151  151  149  148  148  150  148  150  149  150  150   3444
               627   150  151  151  151  151  152  152  152  153  154  154  154  154  155  154  147  149  147  146  142  143  147  142  143   3594
               628   144  148  151  141  130  132  135  133  135  138  137  147  144  147  146  142  141  140  141  138  142  142  142  142   3378
               629   141  139  141  141  141  141  142  142  139  133  130  133  135  140  135  136  138  130  129  127  124  123  127  124   3231
               630   122  121  122  124  131  140  131  133  138  145  142  145  146  145  145  146  142  142  142  142  143  143  142  143   3315
              ------------------------------------------------------------------------------------------------------------------------------------
              TOTAL 4069 4070 4057 4030 4036 4063 4122 4160 4136 4185 4215 4261 4278 4276 4242 4243 4220 4182 4153 4107 4101 4076 4076 4083  99441
              MEAN   136  136  135  134  135  135  137  139  138  140  141  142  143  143  141  141  141  139  138  137  137  136  136  136   3315
              MAX    150  151  151  151  151  152  152  152  153  154  154  154  154  155  154  153  152  151  151  150  150  149  151  150   3594
                N     30   30   30   30   30   30   30   30   30   30   30   30   30   30   30   30   30   30   30   30   30   30   30   30     30
              NOTE                                                                                                                                
                                                                                                                                                  
                   *): WITH MISSING DATA; TOTAL,MEAN,MAXIMUM ESTIMATED                                                                            
                                                                                                                                                  
                                                                                                                                                  
                                                                                                                                                  
