                                                                                                                                                  
                                                                                                                                                  
                                                                *******************************                                                   
                                                                  DOWNWARD LONGWAVE RADIATION                                                     
                                                                *******************************                                                   
                                                                                                                  COUNTRY = JAPAN                 
                                                                                                                                                  
                                                                                                                                                  
                                                                     UNIT  = 0.01 MJ/m**2                                                         
                        STATION    : Tateno                                                                                                       
                        STATION NO.: 47646                                                                                                        
                        LOCATION   : 140ﾟ08' E                                                                                                    
                                      36ﾟ03' N                                                                                                    
                        ALTITUDE   :   25.2  m                                                                                                    
                        YEAR/MONTH : 2015/07                                                                                                      
                                                                                                                                                  
              DATE   -01  -02  -03  -04  -05  -06  -07  -08  -09  -10  -11  -12  -13  -14  -15  -16  -17  -18  -19  -20  -21  -22  -23  -24  TOTAL
                                                                                                                                                  
               7 1   144  145  146  147  146  145  146  147  147  147  148  149  150  150  150  150  151  150  151  151  148  149  147  141   3545
               7 2   140  144  140  142  144  148  150  150  151  151  152  153  153  153  152  153  153  146  143  146  147  142  144  146   3543
               7 3   149  144  145  146  149  150  150  151  151  150  151  153  153  151  151  152  151  150  152  153  152  152  152  150   3608
               7 4   152  153  150  152  152  152  150  153  151  152  151  153  152  151  151  152  150  149  149  148  147  147  147  146   3610
               7 5   147  148  148  145  144  145  147  146  147  147  149  149  149  148  146  146  147  145  142  143  143  144  143  144   3502
               7 6   144  146  146  146  145  144  147  146  146  147  148  148  147  145  147  144  145  145  145  145  145  146  143  145   3495
               7 7   145  145  146  145  145  145  146  144  144  147  146  148  150  147  151  151  149  149  149  146  146  146  146  146   3522
               7 8   142  143  145  144  144  144  143  145  147  150  154  157  156  156  155  153  151  149  148  147  146  146  146  146   3557
               7 9   146  146  146  146  146  146  146  146  146  146  146  147  147  147  148  147  145  145  143  142  141  140  140  140   3478
               710   136  143  143  145  146  147  147  148  149  150  149  141  136  136  137  139  141  143  139  135  133  131  131  134   3379
               711   132  134  133  139  151  151  152  152  146  135  137  138  142  145  147  143  144  146  142  140  137  137  136  136   3395
               712   136  135  134  134  134  142  154  152  137  140  142  143  145  145  149  152  149  146  143  142  142  142  143  143   3424
               713   142  143  143  143  143  144  146  145  148  155  158  154  154  154  154  154  153  152  152  150  149  149  148  147   3580
               714   147  147  146  145  144  142  143  145  147  148  149  149  149  149  148  148  147  147  145  144  143  144  144  144   3504
               715   143  142  143  143  147  149  143  145  151  149  153  148  147  149  158  155  150  149  148  149  153  154  156  157   3581
               716   155  157  155  156  158  159  159  160  160  161  162  163  162  160  162  158  162  159  161  155  157  154  155  159   3809
               717   157  149  146  152  146  145  148  160  161  161  160  162  160  159  151  151  149  147  146  145  144  146  143  141   3629
               718   141  142  142  142  146  152  148  150  151  151  154  156  156  158  158  156  155  156  156  156  156  154  150  147   3633
               719   146  143  141  141  141  141  143  144  145  148  152  155  156  158  157  156  159  162  160  159  158  159  158  156   3638
               720   152  151  150  152  153  151  148  151  151  149  149  152  151  153  154  154  154  154  153  152  151  150  147  147   3629
               721   146  144  143  150  148  145  148  144  146  149  153  155  155  158  153  150  150  146  145  144  143  142  141  140   3538
               722   138  137  136  135  135  136  137  140  142  143  145  147  148  148  149  150  149  148  148  147  146  145  145  147   3441
               723   149  153  153  154  158  156  157  157  157  157  159  157  161  161  159  155  153  155  157  151  150  152  157  157   3735
               724   155  156  156  153  148  149  152  151  151  155  162  160  163  165  166  164  157  156  149  151  152  150  149  149   3719
               725   150  146  146  145  145  145  146  150  151  152  153  154  157  158  160  163  163  159  156  154  154  152  151  150   3660
               726   149  149  149  148  147  147  149  151  153  154  154  156  156  158  161  156  157  157  154  152  150  148  147  146   3648
               727   145  144  143  142  141  141  141  142  145  147  149  151  153  154  155  155  155  154  152  150  148  146  145  149   3547
               728   147  156  157  158  157  158  155  159  159  158  159  158  155  156  155  154  154  155  150  150  150  148  153  149   3710
               729   151  156  149  154  156  156  156  155  160  161  161  163  163  162  158  154  154  150  153  159  155  156  149  147   3738
               730   147  146  148  152  152  152  151  150  151  156  164  163  162  155  158  156  156  158  160  157  149  148  148  148   3687
               731   147  147  146  145  145  145  146  148  150  153  154  156  156  159  162  160  158  158  156  154  153  151  150  149   3648
              ------------------------------------------------------------------------------------------------------------------------------------
              TOTAL 4520 4534 4514 4541 4556 4572 4594 4627 4641 4669 4723 4738 4744 4748 4762 4731 4711 4685 4647 4617 4588 4570 4554 4546 111132
              MEAN   146  146  146  146  147  147  148  149  150  151  152  153  153  153  154  153  152  151  150  149  148  147  147  147   3585
              MAX    157  157  157  158  158  159  159  160  161  161  164  163  163  165  166  164  163  162  161  159  158  159  158  159   3809
                N     31   31   31   31   31   31   31   31   31   31   31   31   31   31   31   31   31   31   31   31   31   31   31   31     31
              NOTE                                                                                                                                
                                                                                                                                                  
                   *): WITH MISSING DATA; TOTAL,MEAN,MAXIMUM ESTIMATED                                                                            
                                                                                                                                                  
                                                                                                                                                  
