                                                                                                                                                  
                                                                                                                                                  
                                                                *******************************                                                   
                                                                  DOWNWARD LONGWAVE RADIATION                                                     
                                                                *******************************                                                   
                                                                                                                  COUNTRY = JAPAN                 
                                                                                                                                                  
                                                                                                                                                  
                                                                     UNIT  = 0.01 MJ/m**2                                                         
                        STATION    : Tateno                                                                                                       
                        STATION NO.: 47646                                                                                                        
                        LOCATION   : 140ﾟ08' E                                                                                                    
                                      36ﾟ03' N                                                                                                    
                        ALTITUDE   :   25.2  m                                                                                                    
                        YEAR/MONTH : 2015/01                                                                                                      
                                                                                                                                                  
              DATE   -01  -02  -03  -04  -05  -06  -07  -08  -09  -10  -11  -12  -13  -14  -15  -16  -17  -18  -19  -20  -21  -22  -23  -24  TOTAL
                                                                                                                                                  
               1 1    91   94   89   85   82   82   81   80   80   84   99  105  107  108  104   88   82   81   80   78   77   76   77   77   2087
               1 2    76   76   76   77   76   76   76   76   80   93   93   96   96   85   81   81   82   88   84   82   82   82   80   80   1974
               1 3    80   79   79   77   78   78   78   77   78   79   80   81   83   84   84   85   85   84   84   83   83   83   84   83   1949
               1 4    83   83   84   85   89   89   92   97  101  103   99   94   89   90   90   90   90   90   90   90   90   89   89   89   2175
               1 5    88   88   87   86   85   86   86   87   87   89   91   92   92   93   93   92   92   92   91   91   94   97  101  107   2187
               1 6   108  110  104  108  109  110  111  111  114  118  123  122  121  131  133  132  134  133  116   96   94   91  108   98   2735
               1 7    89   89  100   91   81   80   81   81   81   84   86   86   85   87   86   86   85   84   83   82   81   81   80   80   2029
               1 8    81   80   80   80   81   81   81   82   83   84   86   87   89   90   89   87   86   85   83   83   83   82   82   82   2007
               1 9    81   81   82   81   81   81   81   81   82   84   86   87   87   87   86   85   84   83   83   83   83   82   82   82   1995
               110    82   82   82   82   81   81   81   81   82   84   85   86   89   87   86   86   85   85   85   85   84   84   85   85   2015
               111    85   84   84   84   84   84   83   83   84   85   87   88   89   91   92   92   92   93   92   95   89   89  102  102   2133
               112    85   83   81   79   78   78   78   79   80   82   83   83   84   85   86   86   86   84   84   83   83   83   83   83   1979
               113    82   82   82   82   82   82   82   82   82   84   86   87   88   88   88   90   89   89   88   87   86   85   84   83   2040
               114    82   82   83   83   83   81   80   81   82   84   86   88   89  100  106  112  113  115  118  121  117  116  119  120   2341
               115   120  117  116  115  115  115  111  111  117  119  123  123  123  123  123  123  122  122  120  118  117  118  118  115   2844
               116   107   98   97   94   90   89   89   88   88   89   89   90   97  104   98  103  104  112  117  119  122  123  122  121   2450
               117   118  123  115   98   93   90   90   89   90   91   91   99  107  106   92   85   82   79   79   79   79   78   77   77   2207
               118    76   76   77   77   76   76   77   77   78   80   82   84   85   86   86   86   85   84   83   83   84   90   94   95   1977
               119    93   94   98  106  104   89   83   82   82   84   86   87   89   91   93   94   94   98   94   89   87   86   85   85   2173
               120    84   84   83   83   83   83   84   84   85   85   86   87   88   88   88   88   87   87   86   85   83   82   83   83   2039
               121    83   85   85   97  111  111  111  111  112  113  113  113  114  114  115  116  116  116  116  116  117  117  117  117   2636
               122   117  117  117  117  117  117  117  117  118  119  119  120  120  121  121  122  122  122  122  120  121  120  119  120   2862
               123   119  119  119  119  119  117  116  117  114  112  101   95   93   91   89   87   87   85   83   83   82   82   81   81   2391
               124    81   81   81   81   81   80   80   80   81   83   85   87   92  108  105   96   93   88   87   87   87   88   88   88   2088
               125    88   88   87   88   88   85   85   86   87   89   91   93   94   94  100  105  103  103  103  103  102  114  117  120   2313
               126   120  121  122  122  122  122  121  122  123  122  112  122  100  101  100  102  103  107  111  117  119  122  122  124   2779
               127   123  125  126  125  125  125  125  125  123  121  103  100  102  105  114  123  122  126  121  123  122  121  120  119   2864
               128   117  116  115  115  114  115  113  112  102   98   96   90   85   83   83   87   96   82   79   78   78   78   77   77   2286
               129    77   77   76   77   76   75   75   75   76   77   79   80   82   84   87   97  100  101  101  103   96   95   95   96   2057
               130   105  111  113  114  115  115  115  115  115  115  114  115  116  117  118  117  117  117  117  118  118  117   98  102   2734
               131    92   85   85   85   85   85   84   84   84   87   84   84   86   86   86   85   83   81   80   79   80   80   79   79   2008
              ------------------------------------------------------------------------------------------------------------------------------------
              TOTAL 2913 2910 2905 2893 2884 2858 2847 2853 2871 2921 2924 2951 2961 3008 3002 3008 3001 2996 2960 2939 2920 2931 2948 2950  70354
              MEAN    94   94   94   93   93   92   92   92   93   94   94   95   96   97   97   97   97   97   95   95   94   95   95   95   2269
              MAX    123  125  126  125  125  125  125  125  123  122  123  123  123  131  133  132  134  133  122  123  122  123  122  124   2864
                N     31   31   31   31   31   31   31   31   31   31   31   31   31   31   31   31   31   31   31   31   31   31   31   31     31
              NOTE                                                                                                                                
                                                                                                                                                  
                   *): WITH MISSING DATA; TOTAL,MEAN,MAXIMUM ESTIMATED                                                                            
                                                                                                                                                  
                                                                                                                                                  
