                                                                                                                                                  
                                                                                                                                                  
                                                                *******************************                                                   
                                                                  DOWNWARD LONGWAVE RADIATION                                                     
                                                                *******************************                                                   
                                                                                                                  COUNTRY = JAPAN                 
                                                                                                                                                  
                                                                                                                                                  
                                                                     UNIT  = 0.01 MJ/m**2                                                         
                        STATION    : Tateno                                                                                                       
                        STATION NO.: 47646                                                                                                        
                        LOCATION   : 140ﾟ08' E                                                                                                    
                                      36ﾟ03' N                                                                                                    
                        ALTITUDE   :   25.2  m                                                                                                    
                        YEAR/MONTH : 2015/04                                                                                                      
                                                                                                                                                  
              DATE   -01  -02  -03  -04  -05  -06  -07  -08  -09  -10  -11  -12  -13  -14  -15  -16  -17  -18  -19  -20  -21  -22  -23  -24  TOTAL
                                                                                                                                                  
               4 1   110  111  112  112  112  116  124  127  129  130  132  133  134  135  133  132  131  130  129  128  128  125  123  115   2991
               4 2   115  103   96  100   99   92   92   93   95   97  100  103  102   99  100  101  100   99   99   99  103  100  107  102   2396
               4 3   108  105  107  123  130  133  134  134  137  139  140  141  143  139  139  138  139  139  138  135  135  137  133  132   3178
               4 4   132  131  131  141  138  134  132  132  129  129  130  130  129  129  129  128  128  128  128  127  127  125  127  124   3118
               4 5   127  127  127  128  127  127  128  129  128  129  129  130  130  130  130  131  131  131  131  131  131  130  131  131   3104
               4 6   131  118  112  111  115  116  118  113  115  118  123  125  126  130  138  136  139  137  131  129  132  135  134  133   3015
               4 7   132  131  130  131  131  129  128  128  128  127  128  127  129  128  127  126  125  125  124  124  123  123  122  121   3047
               4 8   121  122  121  120  118  117  116  115  114  115  115  115  116  115  116  116  116  115  115  115  113  113  114  112   2785
               4 9   112  114  113  112  110  107   99   92   92   96   96  104  114  106  109  110   95  100   95   94   92   93   92   92   2439
               410    94   93   97  101  104  103  108  116  119  120  125  122  126  124  122  124  127  128  128  127  125  125  127  127   2812
               411   127  128  129  129  129  130  130  130  131  132  132  133  131  133  126  131  128  129  126  124  106  102  112  107   3015
               412    99  100  100   98   98   96   95   94   95   98  101  106  107  108  109  109  105  106  106  107  113  114  111  108   2483
               413   107  106  117  121  121  120  120  122  122  124  127  127  128  129  128  128  128  129  129  129  130  131  131  130   2984
               414   130  130  131  131  131  131  131  130  130  132  132  133  134  135  134  135  135  135  135  134  134  133  133  133   3182
               415   133  134  134  134  133  120  106  107  108  110  114  117  118  128  121  114  111  128  128  111  101  101  104   99   2814
               416    99   99   99   99   99   99  100  102  104  106  111  115  119  119  119  121  124  127  126  126  126  119  119  119   2696
               417   123  124  119  116  113  115  110  109  109  113  120  128  136  140  137  135  132  131  128  127  125  122  115   97   2924
               418    95   94   94   93   93   92   94   96   98  102  103  104  106  108  110  110  110  109  108  109  108  107  108  111   2462
               419   106  104  103  102  104  103  115  120  121  128  130  133  133  133  134  134  134  132  129  130  129  128  126  128   2939
               420   132  128  132  136  135  131  135  138  141  141  143  142  145  144  142  145  146  149  148  149  150  149  149  149   3399
               421   149  149  147  145  144  142  142  143  142  141  139  138  138  138  136  135  133  132  130  130  128  126  128  128   3303
               422   122  116  124  116  113  107  110  106  107  112  111  113  124  130  129  132  134  133  130  130  130  130  131  131   2921
               423   127  123  110  109  109  108  109  123  123  114  116  118  118  117  116  113  113  112  112  113  115  117  118  115   2768
               424   118  120  122  123  127  119  127  125  126  126  123  119  118  121  124  125  123  123  120  120  122  121  124  124   2940
               425   122  120  118  116  111  109  108  108  109  110  121  127  129  128  121  110  108  109  116  106  105  104  105  103   2723
               426   101  116  107  101  101  101  103  105  107  110  112  115  115  115  114  115  115  114  114  113  112  112  111  111   2640
               427   110  110  110  109  109  109  109  112  113  115  118  120  122  121  119  119  119  118  117  116  115  115  114  113   2752
               428   113  113  113  113  112  111  112  114  116  119  121  123  124  127  127  127  127  127  126  126  124  123  123  122   2883
               429   122  119  116  115  117  116  115  117  119  122  131  136  136  137  135  124  125  121  119  117  115  114  116  117   2921
               430   113  114  114  114  115  115  115  116  117  124  131  122  120  120  119  117  117  119  117  116  116  115  115  114   2815
              ------------------------------------------------------------------------------------------------------------------------------------
              TOTAL 3530 3502 3485 3499 3498 3448 3465 3496 3524 3579 3654 3699 3750 3766 3743 3721 3698 3715 3682 3642 3613 3589 3603 3548  86449
              MEAN   118  117  116  117  117  115  116  117  117  119  122  123  125  126  125  124  123  124  123  121  120  120  120  118   2882
              MAX    149  149  147  145  144  142  142  143  142  141  143  142  145  144  142  145  146  149  148  149  150  149  149  149   3399
                N     30   30   30   30   30   30   30   30   30   30   30   30   30   30   30   30   30   30   30   30   30   30   30   30     30
              NOTE                                                                                                                                
                                                                                                                                                  
                   *): WITH MISSING DATA; TOTAL,MEAN,MAXIMUM ESTIMATED                                                                            
                                                                                                                                                  
                                                                                                                                                  
                                                                                                                                                  
