                                                                                                                                                  
                                                                                                                                                  
                                                                *******************************                                                   
                                                                  DOWNWARD LONGWAVE RADIATION                                                     
                                                                *******************************                                                   
                                                                                                                  COUNTRY = JAPAN                 
                                                                                                                                                  
                                                                                                                                                  
                                                                     UNIT  = 0.01 MJ/m**2                                                         
                        STATION    : Tateno                                                                                                       
                        STATION NO.: 47646                                                                                                        
                        LOCATION   : 140ﾟ08' E                                                                                                    
                                      36ﾟ03' N                                                                                                    
                        ALTITUDE   :   25.2  m                                                                                                    
                        YEAR/MONTH : 2015/03                                                                                                      
                                                                                                                                                  
              DATE   -01  -02  -03  -04  -05  -06  -07  -08  -09  -10  -11  -12  -13  -14  -15  -16  -17  -18  -19  -20  -21  -22  -23  -24  TOTAL
                                                                                                                                                  
               3 1   111  115  116  116  117  118  118  116  118  116  120  121  123  124  125  124  126  128  131  132  129  124  123  122   2913
               3 2   114   96   88   88   87   86   86   87   88   88   88   88   88   89   89   87   88   89   89   89   89   89   88   91   2149
               3 3   113  114  114  108   92  109  116  116  117  117  118  118  119  118  119  119  117  117  112  113  114  116  116  117   2749
               3 4   119  119  120  120  120  121  120  120  118  118  109  102  104  106  107  108  106  104  102  106  107  105  105  105   2671
               3 5   102  104  101   96   93   89   87   87   88   90   92   93   93  101  103  102  115  112  107  102  103  105  102  100   2367
               3 6   107  110  111  109  109  110  104  104  110  110  104  101  114  110  107  107   99  101   99  103  112  114  115  115   2585
               3 7   116  117  115  116  117  117  115  116  117  116  117  119  120  120  118  113  117  117  120  120  120  120  120  121   2824
               3 8   121  121  121  121  121  122  123  123  124  125  126  126  126  126  126  126  126  125  120  124  125  125  126  119   2968
               3 9   125  124  124  124  123  124  123  125  126  126  127  128  128  130  130  130  129  129  129  129  129  129  128  128   3047
               310   128  128  128  126  124  107   93   92   94   92   94  101  119  115  113  111  110  108   87   88   80   78   77   77   2470
               311    76   76   76   76   77   77   77   79   81   83   84   85   91   95  103  108   98   90   86   85   84   83   82   81   2033
               312    81   81   81   81   82   82   83   84   85   87   88   89   90   92   93   94   96   94   94  107   99   87   83   82   2115
               313    81   81   82   82   81   82   81   82   84   85   87   90   92   93   96   94   94   95   96   95   94   94   92   92   2125
               314    92   93   91   90   89   88   87   89   92  100  108  111  115  103   99   97   96   92   91   92  102  107  107  107   2338
               315    97  111  112  102  106  102   97   96  112  119  120  121  122  123  114  107  105   99   99  103  101  103  110  111   2592
               316   107  106  109  115  115  108  113  121  118  111  110  112  111  120  128  132  130  130  131  131  131  131  131  130   2881
               317   128  128  128  128  113  104  104  104  106  107  108  110  111  113  114  114  116  115  112  109  113  110  107  107   2709
               318   106  109  110  126  130  109  110  107  106  107  111  116  116  115  117  122  128  123  127  128  126  127  132  132   2840
               319   131  130  131  130  131  130  130  130  130  130  131  131  134  134  134  134  132  131  129  129  130  129  128  118   3127
               320   109  110  112  126  126  119  124  127  127  127  127  127  126  121  119  127  126  119  106  104  115  107  125  123   2879
               321   125  122  121  121  120  119  120  119  116  117  107  107  110   95   95   95   95   95   94   94   94   94   94   97   2566
               322    99   94  114  118  119  108   96   96   97   99  101  103  106  106  107  107  108  109  115  107  105  105  105  107   2531
               323   115  101  108  103   91   90   90   91   92   94   97  111  113  117  120  119  116  115  113  111  110   88   87   92   2484
               324    85   82   81   81   81   81   81   83   85   86   88   89   89   90   91   89   88   88   87   86   85   84   84   85   2049
               325    84   84   84   83   83   83   83   83   85   86   88   90   90   92   94   95   93   92   90   89   87   86   86   85   2095
               326    85   84   83   83   83   82   82   83   85   86   87   89   89   90   91   92   93   94   93   93   94   94   94   92   2121
               327    90   88   87   86   84   84   84   85   88   91   94   97  100  101  102   99   99   96   96   97   97   97   96   97   2235
               328    96   96   95   95   94   95   96  100  106  109  111  111  108  106  106  107  105  103  103  102  102  103  104  104   2457
               329   103  103  102  100   99   97   97   99  100  104  107  122  128  130  129  132  131  127  129  126  120  109  108  106   2708
               330   104  103  102  102  101   99  100  101  102  104  106  108  109  110  112  112  113  111  109  106  104  103  103  103   2527
               331   103  103  103  103  103  102  101  102  104  106  110  111  112  113  112  112  111  110  109  109  110  110  109  108   2576
              ------------------------------------------------------------------------------------------------------------------------------------
              TOTAL 3253 3233 3250 3255 3211 3144 3121 3147 3201 3236 3265 3327 3396 3398 3413 3415 3406 3358 3305 3309 3311 3256 3267 3254  78731
              MEAN   105  104  105  105  104  101  101  102  103  104  105  107  110  110  110  110  110  108  107  107  107  105  105  105   2540
              MAX    131  130  131  130  131  130  130  130  130  130  131  131  134  134  134  134  132  131  131  132  131  131  132  132   3127
                N     31   31   31   31   31   31   31   31   31   31   31   31   31   31   31   31   31   31   31   31   31   31   31   31     31
              NOTE                                                                                                                                
                                                                                                                                                  
                   *): WITH MISSING DATA; TOTAL,MEAN,MAXIMUM ESTIMATED                                                                            
                                                                                                                                                  
                                                                                                                                                  
