                                                                                                                                                  
                                                                                                                                                  
                                                                *******************************                                                   
                                                                  DOWNWARD LONGWAVE RADIATION                                                     
                                                                *******************************                                                   
                                                                                                                  COUNTRY = JAPAN                 
                                                                                                                                                  
                                                                                                                                                  
                                                                     UNIT  = 0.01 MJ/m**2                                                         
                        STATION    : Tateno                                                                                                       
                        STATION NO.: 47646                                                                                                        
                        LOCATION   : 140ﾟ08' E                                                                                                    
                                      36ﾟ03' N                                                                                                    
                        ALTITUDE   :   25.2  m                                                                                                    
                        YEAR/MONTH : 2015/10                                                                                                      
                                                                                                                                                  
              DATE   -01  -02  -03  -04  -05  -06  -07  -08  -09  -10  -11  -12  -13  -14  -15  -16  -17  -18  -19  -20  -21  -22  -23  -24  TOTAL
                                                                                                                                                  
              10 1   128  131  130  127  122  126  116  117  126  138  131  144  146  148  148  146  145  145  145  147  146  143  139  143   3277
              10 2   147  153  154  155  156  147  144  142  141  142  144  133  135  142  143  137  136  139  141  130  125  138  139  129   3392
              10 3   141  137  130  124  133  126  123  121  123  126  127  127  128  130  131  131  130  127  128  132  127  126  127  125   3080
              10 4   130  128  127  130  122  117  116  117  120  122  124  124  125  127  126  124  124  126  130  135  135  135  135  135   3034
              10 5   135  135  135  134  134  135  134  131  132  133  135  135  130  135  127  132  137  136  136  128  127  122  116  118   3152
              10 6   112  112  118  128  113  107  107  109  111  113  114  118  127  132  121  115  115  113  112  111  110  112  113  110   2753
              10 7   106  115  108  112  106  104  104  107  107  109  110  113  114  110  110  110  109  108  107  107  106  105  104  102   2593
              10 8   102  102  100  101  101  100  101  104  108  111  113  114  114  115  114  114  113  112  111  110  109  108  107  107   2591
              10 9   107  107  106  107  107  107  108  109  112  114  116  117  118  122  123  124  121  124  127  119  119  118  116  115   2763
              1010   117  119  115  114  116  113  111  113  118  122  128  131  132  133  134  135  135  134  134  136  135  136  136  138   3035
              1011   136  140  141  140  142  143  144  145  145  146  145  145  143  146  144  140  139  138  138  138  138  137  137  137   3387
              1012   134  131  128  133  134  129  118  117  136  120  117  129  128  126  124  120  120  120  119  117  117  117  117  117   2968
              1013   117  116  113  120  123  112  112  113  114  116  117  118  119  120  120  122  121  121  125  120  125  120  116  111   2831
              1014   110  110  109  108  108  113  111  109  117  114  112  113  114  114  115  115  115  116  116  121  118  122  118  116   2734
              1015   116  125  124  117  116  125  123  116  114  117  119  127  132  125  121  122  127  129  123  130  133  125  127  134   2967
              1016   137  137  138  137  138  138  138  137  138  138  138  139  139  140  140  140  139  139  139  139  140  140  140  141   3329
              1017   141  141  141  141  141  139  137  137  133  138  137  142  143  141  138  141  134  126  132  134  132  133  135  138   3295
              1018   141  141  140  134  130  124  131  123  128  140  143  136  126  120  120  121  120  120  120  120  119  119  121  118   3055
              1019   117  116  116  114  112  107  107  109  111  114  116  119  120  119  120  122  119  118  118  117  117  117  117  118   2780
              1020   119  124  128  135  119  117  116  117  119  124  126  124  125  127  128  124  122  120  120  120  120  119  120  122   2935
              1021   126  127  123  125  124  126  121  123  126  134  130  123  118  120  123  115  114  113  114  113  112  114  134  130   2928
              1022   115  114  113  113  117  112  112  112  114  116  131  140  131  119  117  118  119  116  125  124  129  134  136  135   2912
              1023   136  136  136  136  135  136  136  136  135  133  138  134  138  137  132  126  119  129  134  133  125  135  136  138   3209
              1024   135  131  132  121  116  116  119  115  117  119  125  128  123  123  124  124  123  124  122  121  121  120  118  116   2933
              1025   116  113  107  102   99   98   98   98  100  100  101  102  104  104  104  103  102  100   98   97   96   96   96   96   2430
              1026    95   95   95   95   94   94   93   94   96   99  100  102  103  104  104  105  105  106  108  114  109  110  114  113   2447
              1027   114  116  116  112  108  106  105  106  108  110  114  120  122  123  125  123  121  123  129  143  130  131  138  140   2883
              1028   137  131  136  136  132  124  130  122  121  122  123  127  131  130  129  126  126  128  136  140  136  135  134  135   3127
              1029   136  137  135  134  135  135  134  133  133  133  135  135  133  131  125  116  115  125  132  125  118  131  135  136   3137
              1030   134  133  135  134  128  131  123  117  121  122  122  120  127  119  116  115  115  114  114  116  121  120  117  118   2932
              1031   121  118  116  126  125  125  118  115  120  123  126  131  129  118  116  122  115  118  120  118  118  123  124  117   2902
              ------------------------------------------------------------------------------------------------------------------------------------
              TOTAL 3858 3871 3845 3845 3786 3732 3690 3664 3744 3808 3857 3910 3917 3900 3862 3828 3795 3807 3853 3855 3813 3841 3862 3848  91791
              MEAN   124  125  124  124  122  120  119  118  121  123  124  126  126  126  125  123  122  123  124  124  123  124  125  124   2961
              MAX    147  153  154  155  156  147  144  145  145  146  145  145  146  148  148  146  145  145  145  147  146  143  140  143   3392
                N     31   31   31   31   31   31   31   31   31   31   31   31   31   31   31   31   31   31   31   31   31   31   31   31     31
              NOTE                                                                                                                                
                                                                                                                                                  
                   *): WITH MISSING DATA; TOTAL,MEAN,MAXIMUM ESTIMATED                                                                            
                                                                                                                                                  
                                                                                                                                                  
