                                                                                                                                                  
                                                                                                                                                  
                                                                *******************************                                                   
                                                                  DOWNWARD LONGWAVE RADIATION                                                     
                                                                *******************************                                                   
                                                                                                                  COUNTRY = JAPAN                 
                                                                                                                                                  
                                                                                                                                                  
                                                                     UNIT  = 0.01 MJ/m**2                                                         
                        STATION    : Tateno                                                                                                       
                        STATION NO.: 47646                                                                                                        
                        LOCATION   : 140ﾟ08' E                                                                                                    
                                      36ﾟ03' N                                                                                                    
                        ALTITUDE   :   25.2  m                                                                                                    
                        YEAR/MONTH : 2015/09                                                                                                      
                                                                                                                                                  
              DATE   -01  -02  -03  -04  -05  -06  -07  -08  -09  -10  -11  -12  -13  -14  -15  -16  -17  -18  -19  -20  -21  -22  -23  -24  TOTAL
                                                                                                                                                  
               9 1   149  150  151  150  150  150  151  151  152  153  153  154  152  156  154  156  157  154  150  154  155  152  151  149   3654
               9 2   150  154  156  157  159  155  156  159  157  156  153  153  157  158  153  152  150  149  158  148  148  152  151  154   3695
               9 3   156  157  156  156  154  154  154  150  148  148  150  151  153  153  153  152  153  152  151  151  151  151  149  151   3654
               9 4   155  154  153  151  151  151  148  150  148  149  149  151  152  150  148  146  145  142  143  142  140  139  139  139   3535
               9 5   139  144  143  150  147  145  147  148  150  149  148  143  153  142  140  140  142  136  137  139  139  141  148  143   3453
               9 6   142  143  148  142  146  143  143  146  142  152  152  152  152  155  152  153  153  152  153  152  153  153  155  154   3588
               9 7   154  152  151  154  155  153  151  153  153  152  153  153  152  152  151  145  149  151  151  151  151  150  150  149   3636
               9 8   150  149  148  148  147  147  147  149  150  150  150  151  150  151  150  149  148  148  149  149  149  149  148  148   3574
               9 9   149  150  150  150  152  155  154  154  153  154  155  156  157  158  158  157  158  158  158  157  154  156  158  157   3718
               910   156  157  156  155  156  155  154  154  153  152  151  149  146  149  150  151  146  149  148  144  153  150  141  147   3622
               911   151  151  144  145  145  139  145  150  142  134  136  144  146  141  139  137  137  138  140  138  141  147  142  140   3412
               912   141  136  137  133  131  132  144  144  136  144  150  149  153  147  146  145  152  152  144  139  135  133  132  133   3388
               913   134  131  130  130  131  130  131  134  142  150  156  155  153  151  150  149  148  146  140  136  151  143  148  138   3407
               914   141  149  144  137  141  139  137  134  139  134  138  133  129  131  130  129  130  131  131  131  135  127  125  124   3219
               915   124  124  125  127  127  125  126  127  134  132  140  147  136  143  133  129  131  132  130  128  127  128  129  135   3139
               916   138  135  136  136  138  140  138  141  143  144  141  139  141  142  140  140  140  140  141  141  141  141  141  142   3359
               917   142  142  141  140  141  141  141  142  143  144  144  145  145  145  146  146  146  146  146  147  148  148  147  146   3462
               918   146  146  146  146  144  145  142  143  143  146  147  148  149  149  152  152  152  148  150  151  149  143  149  148   3534
               919   150  152  152  152  150  150  150  152  147  150  145  148  149  147  145  142  139  138  139  137  135  145  134  131   3479
               920   141  145  138  134  136  134  133  135  134  143  136  131  131  136  133  138  133  130  128  126  125  124  124  124   3192
               921   123  123  123  123  139  139  138  126  128  130  129  133  142  137  134  132  137  137  134  129  130  127  127  125   3145
               922   125  125  131  133  125  122  118  118  120  122  123  123  125  127  127  125  124  122  122  123  125  128  125  126   2984
               923   125  128  129  124  126  127  127  124  124  126  125  125  128  127  128  127  127  124  124  124  125  120  120  119   3003
               924   119  118  118  118  124  124  125  128  136  139  141  144  145  142  142  142  143  143  143  143  142  142  142  142   3245
               925   143  144  144  145  145  143  142  144  144  144  144  145  145  145  146  145  144  144  144  144  144  145  144  144   3461
               926   144  144  144  144  144  143  141  142  142  143  146  149  150  151  152  151  150  144  143  142  144  138  147  147   3485
               927   147  146  147  147  147  148  149  147  145  148  150  149  148  145  135  136  133  131  135  136  131  134  142  137   3413
               928   133  138  137  138  140  134  137  125  127  129  131  137  137  135  134  135  134  132  132  132  132  132  134  137   3212
               929   139  142  134  135  134  135  136  127  122  124  125  124  125  125  124  127  139  140  133  137  136  133  128  127   3151
               930   118  112  111  110  109  107  107  109  119  120  123  121  121  121  120  117  117  115  114  115  115  116  120  117   2774
              ------------------------------------------------------------------------------------------------------------------------------------
              TOTAL 4224 4241 4223 4210 4234 4205 4212 4206 4216 4261 4284 4302 4322 4311 4265 4245 4257 4224 4211 4186 4204 4187 4190 4173 101593
              MEAN   141  141  141  140  141  140  140  140  141  142  143  143  144  144  142  142  142  141  140  140  140  140  140  139   3386
              MAX    156  157  156  157  159  155  156  159  157  156  156  156  157  158  158  157  158  158  158  157  155  156  158  157   3718
                N     30   30   30   30   30   30   30   30   30   30   30   30   30   30   30   30   30   30   30   30   30   30   30   30     30
              NOTE                                                                                                                                
                                                                                                                                                  
                   *): WITH MISSING DATA; TOTAL,MEAN,MAXIMUM ESTIMATED                                                                            
                                                                                                                                                  
                                                                                                                                                  
                                                                                                                                                  
