                                                                                                                                                  
                                                                                                                                                  
                                                                *******************************                                                   
                                                                  DOWNWARD LONGWAVE RADIATION                                                     
                                                                *******************************                                                   
                                                                                                                  COUNTRY = JAPAN                 
                                                                                                                                                  
                                                                                                                                                  
                                                                     UNIT  = 0.01 MJ/m**2                                                         
                        STATION    : Tateno                                                                                                       
                        STATION NO.: 47646                                                                                                        
                        LOCATION   : 140ﾟ08' E                                                                                                    
                                      36ﾟ03' N                                                                                                    
                        ALTITUDE   :   25.2  m                                                                                                    
                        YEAR/MONTH : 2015/08                                                                                                      
                                                                                                                                                  
              DATE   -01  -02  -03  -04  -05  -06  -07  -08  -09  -10  -11  -12  -13  -14  -15  -16  -17  -18  -19  -20  -21  -22  -23  -24  TOTAL
                                                                                                                                                  
               8 1   148  148  147  147  147  148  153  158  156  157  156  158  160  161  162  163  162  163  160  157  156  156  155  150   3728
               8 2   149  149  149  148  148  150  160  151  160  158  158  160  162  162  162  159  163  157  158  161  157  156  155  146   3738
               8 3   143  142  142  147  159  160  151  145  147  152  156  155  157  157  155  155  153  151  148  147  147  146  146  146   3607
               8 4   146  145  145  144  144  144  145  148  153  158  157  159  159  158  161  160  157  157  154  151  148  147  147  148   3635
               8 5   147  146  145  144  143  143  145  148  150  152  154  157  157  155  153  152  152  151  150  149  148  148  147  147   3583
               8 6   147  146  146  146  146  146  147  149  151  153  156  160  162  166  165  164  161  162  150  154  152  148  148  149   3674
               8 7   148  147  147  147  145  145  147  149  151  154  156  156  156  156  156  155  154  153  153  153  157  159  155  153   3652
               8 8   149  153  148  149  151  146  153  151  151  151  154  148  152  150  152  147  145  146  146  145  147  141  141  141   3557
               8 9   149  154  155  154  155  154  155  154  153  155  156  153  150  147  147  148  147  145  144  144  143  142  143  153   3600
               810   158  145  148  155  151  147  156  155  159  159  159  154  155  154  153  153  152  150  151  147  146  155  149  146   3657
               811   144  143  148  146  142  142  143  145  152  155  156  159  160  156  153  154  153  151  152  153  153  149  155  153   3617
               812   153  153  153  151  152  148  153  154  154  159  158  158  163  160  164  166  165  157  157  157  152  153  152  149   3741
               813   149  154  156  158  157  156  159  159  156  158  159  157  157  160  163  162  161  158  157  152  154  157  158  157   3774
               814   157  157  157  156  154  156  156  157  157  157  158  159  160  159  153  151  156  155  157  156  154  153  152  156   3743
               815   156  157  155  153  155  155  153  148  151  153  156  154  153  154  155  154  151  157  154  148  148  147  147  146   3660
               816   151  150  159  159  158  147  146  151  151  154  157  160  159  157  156  154  149  148  147  149  155  150  150  153   3670
               817   154  156  157  156  156  157  157  157  158  158  158  158  158  156  158  158  159  158  157  157  154  150  151  157   3755
               818   158  158  154  152  158  157  155  149  154  155  155  156  155  154  155  154  151  151  151  149  149  150  152  148   3680
               819   147  148  148  146  148  152  151  151  150  146  153  155  154  150  152  150  152  151  150  151  150  150  156  155   3616
               820   153  153  153  152  151  153  154  155  158  158  158  158  157  158  158  155  157  152  152  153  153  157  155  148   3711
               821   149  154  155  153  155  156  152  148  153  157  159  160  157  159  158  157  158  156  152  157  154  150  151  152   3712
               822   155  151  151  153  155  152  151  158  162  163  164  163  162  157  156  156  155  156  153  151  152  149  152  156   3733
               823   149  146  147  144  143  147  153  145  145  152  158  148  145  146  149  158  150  151  151  151  146  150  151  152   3577
               824   151  151  152  151  152  151  151  147  151  146  152  152  153  148  137  135  133  142  137  141  134  130  133  146   3476
               825   146  146  145  145  145  144  144  145  145  146  143  139  148  148  146  146  144  142  144  144  144  145  145  146   3475
               826   145  145  145  145  145  146  147  148  149  150  151  152  154  153  153  152  152  151  151  151  150  149  147  148   3579
               827   148  147  147  149  149  149  149  151  152  153  154  155  155  156  155  155  155  154  153  153  152  152  151  148   3642
               828   151  150  150  149  149  145  150  150  150  150  151  151  150  151  151  151  150  150  150  150  149  149  148  149   3594
               829   148  148  149  149  149  148  148  148  149  149  150  150  149  149  149  149  150  149  149  149  150  150  150  149   3577
               830   149  149  149  149  149  148  147  149  150  151  151  151  152  152  152  151  152  151  151  150  149  149  149  149   3599
               831   149  149  150  151  151  151  150  151  151  152  152  153  153  151  149  152  150  148  151  150  150  147  150  149   3610
              ------------------------------------------------------------------------------------------------------------------------------------
              TOTAL 4646 4640 4652 4648 4662 4643 4681 4674 4729 4771 4815 4808 4824 4800 4788 4776 4749 4723 4690 4680 4653 4634 4641 4645 112972
              MEAN   150  150  150  150  150  150  151  151  153  154  155  155  156  155  154  154  153  152  151  151  150  149  150  150   3644
              MAX    158  158  159  159  159  160  160  159  162  163  164  163  163  166  165  166  165  163  160  161  157  159  158  157   3774
                N     31   31   31   31   31   31   31   31   31   31   31   31   31   31   31   31   31   31   31   31   31   31   31   31     31
              NOTE                                                                                                                                
                                                                                                                                                  
                   *): WITH MISSING DATA; TOTAL,MEAN,MAXIMUM ESTIMATED                                                                            
                                                                                                                                                  
                                                                                                                                                  
