                                                                                                                                                  
                                                                                                                                                  
                                                                *******************************                                                   
                                                                  DOWNWARD LONGWAVE RADIATION                                                     
                                                                *******************************                                                   
                                                                                                                  COUNTRY = JAPAN                 
                                                                                                                                                  
                                                                                                                                                  
                                                                     UNIT  = 0.01 MJ/m**2                                                         
                        STATION    : Tateno                                                                                                       
                        STATION NO.: 47646                                                                                                        
                        LOCATION   : 140ﾟ08' E                                                                                                    
                                      36ﾟ03' N                                                                                                    
                        ALTITUDE   :   25.2  m                                                                                                    
                        YEAR/MONTH : 2015/12                                                                                                      
                                                                                                                                                  
              DATE   -01  -02  -03  -04  -05  -06  -07  -08  -09  -10  -11  -12  -13  -14  -15  -16  -17  -18  -19  -20  -21  -22  -23  -24  TOTAL
                                                                                                                                                  
              12 1    95   94   94   93   94   94   94   94   95   97   99  101  101  102  102  102  101  101  101   99   98   97   96   96   2340
              12 2    96   97  114   97  102  108  118  116  121  125  127  127  129  129  129  130  129  128  129  129  129  129  125  126   2889
              12 3   126  128  125  119  119  124  122  124  130  131  130  130  130  128  119  110  128  119  111  108  114  112  116  123   2926
              12 4   119  102   94   92   91   90   90   90   92   92   93   94   95   94   93   94   95   94   93   92   91   91   90   90   2251
              12 5    90   90   90   91   91   91   91   91   93   95   96   97   98   99  100  100   99   99   98   97   97   96   95   95   2279
              12 6    96  102  107  102   96   94   94   98  102   98   96   97  107  113  119  116  112  118  117  112  117  115  115  115   2558
              12 7   109  107  109   97   98   99   96   90   91   93   94   94   94   95   95   95   96   98   97   98   98   97   95   93   2328
              12 8    93   93   96  100  101  105  117  115  112  114  110   99  106   95   95   95   95   94   94   94   95   94   93   92   2397
              12 9    91   90   88   88   88   87   87   87   88   90   91   92   93   94   94   96   97   94   94   95   98   94   94   97   2207
              1210    94   93   94   96   99  102  103  103  100  112  116  111  114  119  118  120  117  119  123  126  129  128  128  128   2692
              1211   128  130  129  130  133  136  139  143  140  142  144  131  134  125  120  125  134  136  133  128  127  125  112  114   3138
              1212   121  110  121  114  113  103   99  100   98   99  102  105  106  102  100  100   98   98  100  118  123  111  103  100   2544
              1213    99  100  111  118  121  117  123  123  125  126  125  128  128  126  125  119  119  124  122  118  114  125  127  127   2890
              1214   124  126  126  125  125  124  124  124  124  124  124  123  107  108  121  127  124  111  126  126  119  112  113  119   2906
              1215   124  115  125  127  127  126  128  128  128  129  130  131  132  131  132  132  130  125  115  130  127  123  130  133   3058
              1216   132  117  108  107  106  105  104  104  105  107  108  110  112  113  114  125  132  131  120  126  124  128  129  128   2795
              1217   128  127  120  110  120  115  114  116  118  119  118  118  117  116  105  109  109  113  117  116  107  100   90   87   2709
              1218    85   84   84   84   84   84   84   84   85   85   86   87   89   89   89   90   90   90   89   90   99   98   96  112   2137
              1219    97   88   87   87   86   86   86   87   88   89   91   92   92   95   97   91   90   89   87   86   85   84   83   83   2126
              1220    82   82   82   81   81   81   80   81   82   84   86   87   89   89   90   91   91   92   97  115  119  116  114  114   2206
              1221   115  115  115  115  115  109   99  104  112  106  109  119  116  115  117  119  113  101  100   98   97   97   95   94   2595
              1222    93   93   93   92   92   91   91   91   92   93   95   97   97   98   98   98   96   94   92   92   92   95  104  101   2270
              1223   109  114  106   93   92   92   94  104  117  117  119  120  122  123  123  123  123  122  123  124  124  124  124  124   2756
              1224   125  124  124  124  124  125  126  126  126  121  110  126  112  113  119  114  108  103  110  118  122  121  123  124   2868
              1225   125  126  115  122  121  119  118  113  110  109  105  112  111  107  106   97   99  100   91   91   90   92   90   89   2558
              1226    88   87   87   87  102  111  113  111   91   90   90   91   92   93   94   95   94   94   94   93   93   93   92   92   2267
              1227    92   92   92   92   92   91   90   92   90   90   91   91   92   97  115  116  113  112  105   92   85   89   91   85   2287
              1228    90   84   86   89   81   79   79   79   80   81   83   85   87   86   87   88   87   87   87   87   87   86   86   85   2036
              1229    85   86   85   85   83   82   81   81   82   84   85   86   88   89   89   86   86   85   84   83   84   84   84   84   2031
              1230    83   84   85   91   96   88   95  104   93   85   86   87   88   89   90   90   90   89   89   89   89   95  102  106   2183
              1231   104  107  107  107  106   98   90   89   91   97  107   98  100   97   95   95   96   95   94   94   93   93   92   94   2339
              ------------------------------------------------------------------------------------------------------------------------------------
              TOTAL 3238 3187 3199 3155 3179 3156 3169 3192 3201 3224 3246 3266 3278 3269 3290 3288 3291 3255 3232 3264 3266 3244 3227 3250  77566
              MEAN   104  103  103  102  103  102  102  103  103  104  105  105  106  105  106  106  106  105  104  105  105  105  104  105   2502
              MAX    132  130  129  130  133  136  139  143  140  142  144  131  134  131  132  132  134  136  133  130  129  129  130  133   3138
                N     31   31   31   31   31   31   31   31   31   31   31   31   31   31   31   31   31   31   31   31   31   31   31   31     31
              NOTE                                                                                                                                
                                                                                                                                                  
                   *): WITH MISSING DATA; TOTAL,MEAN,MAXIMUM ESTIMATED                                                                            
                                                                                                                                                  
                                                                                                                                                  
