                                                                                                                                                  
                                                                                                                                                  
                                                                *******************************                                                   
                                                                  DOWNWARD LONGWAVE RADIATION                                                     
                                                                *******************************                                                   
                                                                                                                  COUNTRY = JAPAN                 
                                                                                                                                                  
                                                                                                                                                  
                                                                     UNIT  = 0.01 MJ/m**2                                                         
                        STATION    : Tateno                                                                                                       
                        STATION NO.: 47646                                                                                                        
                        LOCATION   : 140ﾟ08' E                                                                                                    
                                      36ﾟ03' N                                                                                                    
                        ALTITUDE   :   25.2  m                                                                                                    
                        YEAR/MONTH : 2015/11                                                                                                      
                                                                                                                                                  
              DATE   -01  -02  -03  -04  -05  -06  -07  -08  -09  -10  -11  -12  -13  -14  -15  -16  -17  -18  -19  -20  -21  -22  -23  -24  TOTAL
                                                                                                                                                  
              11 1   102  100   99   98   98   96   95   96   98  100  102  103  109  111  108  106  106  108  110  111  117  119  117  123   2532
              11 2   133  133  132  133  133  133  132  132  131  131  131  132  132  134  135  135  131  134  136  136  135  134  134  135   3197
              11 3   137  137  136  136  134  131  134  136  133  122  122  121  118  120  116  122  117  112  112  109  107  105  105  104   2926
              11 4   103  103  102  102  101  100  100  101  103  105  107  109  113  113  110  110  109  108  107  106  106  106  106  106   2536
              11 5   105  105  105  104  103  102  103  116  111  110  112  114  115  116  116  116  116  115  113  112  111  111  110  110   2651
              11 6   109  106  105  104  113  115  108  103  105  108  111  114  116  117  117  116  115  114  114  113  113  113  124  132   2705
              11 7   134  133  132  130  125  118  126  125  114  115  122  130  130  131  134  133  119  134  133  133  126  123  132  120   3052
              11 8   118  134  125  122  124  126  131  134  135  136  137  139  140  140  140  140  140  140  139  140  140  139  140  140   3239
              11 9   140  140  140  140  140  140  141  141  142  143  141  138  138  140  143  143  142  144  142  145  147  147  147  146   3410
              1110   145  145  144  143  142  142  141  139  140  141  140  139  138  139  138  139  138  137  136  135  134  132  129  131   3327
              1111   132  127  124  125  124  126  115  121  120  118  108  124  125  125  112  109  111  110  107  105  106  108  107  112   2801
              1112   111  116  119  125  125  122  112  111  105  103  110  118  118  105  105  123  119  118  109  119  124  125  121  113   2776
              1113   106  105  117  120  118  112  113  113  122  117  114  127  132  132  132  132  132  132  131  131  131  132  131  131   2963
              1114   131  130  127  126  127  126  127  130  132  134  135  136  138  139  140  139  138  139  139  139  140  140  140  141   3233
              1115   141  140  139  139  139  138  138  137  136  138  139  136  134  139  130  120  119  117  116  115  113  114  117  114   3108
              1116   112  110  108  117  127  129  125  116  118  110  114  128  133  120  122  125  136  133  133  134  138  138  140  141   3007
              1117   141  142  140  134  132  137  138  126  123  125  131  128  128  127  134  135  136  137  139  139  139  139  138  138   3226
              1118   137  130  129  124  125  123  125  122  124  125  134  134  137  139  139  142  141  141  141  139  138  139  139  138   3205
              1119   137  136  134  133  131  129  126  118  129  130  129  128  125  112  110  108  108  112  105  106  108  116  111  109   2890
              1120   118  125  123  118  125  128  129  130  131  132  134  135  135  135  134  136  133  136  137  137  136  136  134  134   3151
              1121   125  108  106  105  103  103  103  102  103  106  109  112  113  114  115  121  132  133  126  112  118  127  128  130   2754
              1122   129  129  120  115  123  128  127  128  128  127  129  130  129  126  117  115  113  113  110  110  113  111  119  121   2910
              1123   127  127  112  110  120  130  131  131  132  132  132  132  132  133  134  134  134  134  134  133  133  133  133  132   3115
              1124   132  132  132  133  133  134  133  127  134  133  126  135  131  121  115  115  115  114  126  127  104  102  101  101   2956
              1125   104  117  122  125  124  124  124  124  124  123  123  122  122  122  122  122  122  123  123  123  122  121  121  122   2921
              1126   121  121  122  122  122  122  122  123  124  124  125  127  127  128  129  129  129  130  129  127  126  125  121  128   3003
              1127   128  118  103  109   94   93   92   90   90   89   91   92   94   94   93   93   92   92   91   92   92   91   91   91   2295
              1128    90   90   90   90   89   89   89   91   92   94   96   97   99   99   99   99   99  109  107   98   98   97   97   97   2295
              1129    96   95   95   95   96   93   92   92   94   97   98   98   99  102  114  115  118  114  112  112  119  114  114  117   2491
              1130   118  118  111  117  113  109  109  109  103  120  116  112  115  118  118  128  121  109  102  101   99   98   97   96   2657
              ------------------------------------------------------------------------------------------------------------------------------------
              TOTAL 3662 3652 3593 3594 3603 3598 3581 3564 3576 3588 3618 3690 3715 3691 3671 3700 3681 3692 3659 3639 3633 3635 3644 3653  87332
              MEAN   122  122  120  120  120  120  119  119  119  120  121  123  124  123  122  123  123  123  122  121  121  121  121  122   2911
              MAX    145  145  144  143  142  142  141  141  142  143  141  139  140  140  143  143  142  144  142  145  147  147  147  146   3410
                N     30   30   30   30   30   30   30   30   30   30   30   30   30   30   30   30   30   30   30   30   30   30   30   30     30
              NOTE                                                                                                                                
                                                                                                                                                  
                   *): WITH MISSING DATA; TOTAL,MEAN,MAXIMUM ESTIMATED                                                                            
                                                                                                                                                  
                                                                                                                                                  
                                                                                                                                                  
