                                                                                                                                                  
                                                                                                                                                  
                                                                *******************************                                                   
                                                                  DOWNWARD LONGWAVE RADIATION                                                     
                                                                *******************************                                                   
                                                                                                                  COUNTRY = JAPAN                 
                                                                                                                                                  
                                                                                                                                                  
                                                                     UNIT  = 0.01 MJ/m**2                                                         
                        STATION    : Tateno                                                                                                       
                        STATION NO.: 47646                                                                                                        
                        LOCATION   : 140ﾟ08' E                                                                                                    
                                      36ﾟ03' N                                                                                                    
                        ALTITUDE   :   25.2  m                                                                                                    
                        YEAR/MONTH : 2015/02                                                                                                      
                                                                                                                                                  
              DATE   -01  -02  -03  -04  -05  -06  -07  -08  -09  -10  -11  -12  -13  -14  -15  -16  -17  -18  -19  -20  -21  -22  -23  -24  TOTAL
                                                                                                                                                  
               2 1    79   79   78   78   78   77   77   77   78   78   80   82   83   83   83   82   82   81   80   80   80   79   79   79   1912
               2 2    79   78   78   78   78   78   78   79   80   82   82   83   85   86   86   86   85   84   81   83   86   86   81   80   1962
               2 3    79   79   79   78   78   79   78   78   79   80   82   82   83   84   84   85   86   86   85   85   84   83   83   86   1965
               2 4    83   84   82   82   82   81   81   82   82   84   85   86   86   87   88   97  100   97   89   92   99  106  111  105   2151
               2 5    92   95  102  111  101  107  112  114  115  116  115  116  116  116  116  116  115  115  114  114  113  106  107  101   2645
               2 6    93   88   87   86   85   84   84   83   84   85   86   88   90   90   93  103  104   95   98   87   85   84   84   83   2129
               2 7    83   83   82   82   82   82   82   82   84   88   97   92   98  112  116  115  112  114  118  118  118  117  117  116   2390
               2 8   111  118  115  112   98  112  115  109  112  119  119  120  119  118  118  118  116  118  117  109   92  113  116  114   2728
               2 9   111  107  106   95   92   97   93   93   91   94   98  103   95   93   85   85   83   81   82   83   81   79   78   77   2182
               210    78   77   76   79   79   76   75   76   77   79   80   81   82   83   84   85   86   85   85   86   85   84   84   83   1945
               211    84   83   82   82   82   82   82   82   84   86   89   92   92   92   92   92   91   91   92   91   91   96  103  101   2134
               212    99   95   92   88   85   88   89   91   87   90   92   93   94   94   94   95   95   95   96   93   95   93   92   91   2216
               213    91   90   89   89   87   86   83   83   83   83   81   82   84   84   92   91   92  102   92   81   75   76   76   76   2048
               214    76   76   76   77   77   78   78   79   80   81   81   82   83   84   85   85   84   84   84   84   84   84   84   84   1950
               215    83   83   83   84   84   84   84   84   86   87   89   90   89   89   88   85   83   83   81   80   80   79   79   78   2015
               216    79   78   78   78   77   80   81   79   80   82   86   89   89   88   86   88   88   88   87   88   88   94   86   90   2027
               217    91   95   90   96  104  108  106  108  110  113  115  116  117  117  117  118  118  118  118  118  118  117  117  117   2662
               218   117  116  115  115  115  114  117  116  117  117  117  117  118  117  117  117  116  116  117  117  114  110  104  105   2761
               219   105  104   97   98   90   87   86   87   88   89   91   94  101  109  111  110  109  116  102   91   89   89  104  112   2359
               220   109  104   93   88   88   87   90   93   93   99  110  115  111  113  103  110  102   91   98   90   87   87   87   87   2335
               221    86   86   85   85   84   84   83   84   85   86   89   97   98   93   99   91   91   92   90   89   89   93  103  115   2177
               222   117  116  117  117  117  118  118  119  120  120  120  122  123  124  124  124  121  106  119  123  125  125  125  125   2885
               223   126  125  126  127  126  126  128  129  128  128  130  127  113  121  134  133  131  128  127  118  113  103  114  102   2963
               224    96   97  109  100  118  120  121  121  122  122  123  122  122  124  121  122  119  107   98   98  106  119  114  103   2724
               225   110  120  120  120  120  120  119  119  119  119  113  109  111  121  121  105   96   96   98  108  110  111  112  117   2714
               226   118  118  116  119  118  117  120  121  121  121  122  123  124  124  124  124  124  123  123  122  121  119  119  111   2892
               227    97   94   94   93  102   94   93   98  107  100   98   94   95  100   92   90   96   98   94   91   92   84   84   87   2267
               228    91   88   86   87   88   81   81   84   88   85   85   86   88   89   91   91   90   90   91   92   89   91  100  108   2140
              ------------------------------------------------------------------------------------------------------------------------------------
              TOTAL 2663 2656 2633 2624 2615 2627 2634 2650 2680 2713 2755 2783 2789 2835 2844 2843 2815 2780 2756 2711 2689 2707 2743 2733  65278
              MEAN    95   95   94   94   93   94   94   95   96   97   98   99  100  101  102  102  101   99   98   97   96   97   98   98   2331
              MAX    126  125  126  127  126  126  128  129  128  128  130  127  124  124  134  133  131  128  127  123  125  125  125  125   2963
                N     28   28   28   28   28   28   28   28   28   28   28   28   28   28   28   28   28   28   28   28   28   28   28   28     28
              NOTE                                                                                                                                
                                                                                                                                                  
                   *): WITH MISSING DATA; TOTAL,MEAN,MAXIMUM ESTIMATED                                                                            
                                                                                                                                                  
                                                                                                                                                  
                                                                                                                                                  
                                                                                                                                                  
                                                                                                                                                  
