                                                                                                                                                  
                                                                                                                                                  
                                                                *******************************                                                   
                                                                  DOWNWARD LONGWAVE RADIATION                                                     
                                                                *******************************                                                   
                                                                                                                  COUNTRY = JAPAN                 
                                                                                                                                                  
                                                                                                                                                  
                                                                     UNIT  = 0.01 MJ/m**2                                                         
                        STATION    : Tateno                                                                                                       
                        STATION NO.: 47646                                                                                                        
                        LOCATION   : 140ﾟ08' E                                                                                                    
                                      36ﾟ03' N                                                                                                    
                        ALTITUDE   :   25.2  m                                                                                                    
                        YEAR/MONTH : 2016/03                                                                                                      
                                                                                                                                                  
              DATE   -01  -02  -03  -04  -05  -06  -07  -08  -09  -10  -11  -12  -13  -14  -15  -16  -17  -18  -19  -20  -21  -22  -23  -24  TOTAL
                                                                                                                                                  
               3 1   115  114   97   83   78   77   77   77   79   79   81   83   83   83   84   84   84   83   83   83   97  101   99   93   2097
               3 2    89   80   79   79   78   78   78   78   80   82   84   85   87   88   89   90   90   90   90   89   88   89   89   89   2038
               3 3    89   88   87   87   87   87   87   87   89   91   92   94   96   98   99  101  101  100  100   98   96   95   95   93   2237
               3 4    93   92   91   91   91   91   91   92   95   98   96   97   98   99   99   98   98   97   97   97  119  117  103  121   2361
               3 5   122  115  117  114  120  121  118  104  118  110  124  124  113  115  111  117  118  105  115  120  109  107  124  125   2786
               3 6   126  127  127  126  127  126  127  126  119  106  115  127  127  125  124  123  132  125  126  132  134  134  132  135   3028
               3 7   135  135  131  135  137  135  135  137  139  137  139  137  136  137  134  134  130  132  132  135  125  120  125  130   3202
               3 8   132  124  129  132  133  132  134  135  134  136  131  125  118  117  119  118  118  117  123  130  131  117  117  130   3032
               3 9   135  134  135  133  131  130  128  126  125  124  122  121  120  121  120  119  119  118  118  118  117  117  117  116   2964
               310   116  116  116  116  116  116  116  116  116  117  118  118  118  118  118  117  116  116  116  115  115  115  115  115   2791
               311   115  114  114  113  113  113  113  113  112  114  115  114  114  114  113  114  115  111  102  106  110  108  111  112   2693
               312   112  100  103  105  102  108   89   88   92  101  111  112  114  113  112  109  111  113  114  114  113  114  113  111   2574
               313   109  108  100   90  100  109  115  116  116  116  118  119  119  119  119  119  119  120  120  120  121  121  121  120   2754
               314   119  121  120  120  120  120  121  122  122  123  124  124  124  124  124  123  122  121  120  120  119  119  118  118   2908
               315   118  115  109   92   87   86   87   87   89   90   91   93   98  102   95   94   93   92   89   87   86   85   85   86   2236
               316    90   86   97  109   89   87   91  100  107  114  110  106  108  116  116  117  118  113  106  107  109  104   98  100   2498
               317   104  100   98  100   93   92   91   91   93   95   98  100  101  102  105  106  106  104  103  103  102  101  102  106   2396
               318   102   99  100  101   99   97   97   98   99  100  103  103  105  109  115  123  126  126  128  122  117  127  129  132   2657
               319   133  132  133  131  131  130  132  134  135  136  137  139  140  140  139  135  129  122  124  114  112  125  127  114   3124
               320   120  115  121  122  116  109  100  103  102  101  103  111  118  120  108  103  102   98   98   98  105  118  118  121   2630
               321   120  120  120  118  110  111  115  117  115  118  116  109  104   99   98   97   96  105  115  116  115  100   91   91   2616
               322    90   90   90   91   99   94   94   95   94   92   94   99  100  102  103  106  103  103  103  102  102  102  101  100   2349
               323    99   98   97   95   95   95  102  109  111  112  115  116  116  112  111  108  121  122  123  122  121  119  118  117   2654
               324   117  116  116  116  116  116  116  117  117  118  118  115  115  113  112   95   98   99  107  103  102   89   88   87   2606
               325    85   85   84   84   83   83   83   85   86   88   96   94  100   97   95   92   91   91   92   95   95   98  104  110   2196
               326   104   96  103  101   99  100  104  105  105   97  101  110  101   97   95   94   94   94   93   93   95   96   97   98   2372
               327    94   97   97   96   92   92  108  111  107  118  120  111  107  109  107  117  106  105  112  110  112  119  114  107   2568
               328   117  114  117  111  120  120  120  119  117  122  122  126  116  115  115  114  119  110  113  118  112  114  101  104   2776
               329   100   98   97   96   96   95   94   95   97   98  100  101  102  104  103  102  105  112  114  117  125  124  120  115   2510
               330   117  118  117  119  110  100   99  101  107  112  114  116  118  120  119  119  116  110  109  108  109  110  109  114   2691
               331   103  100   97   95   94   92   92   93   96   98  100  100  102  105  108  110  111  114  113  115  115  114  112  110   2489
              ------------------------------------------------------------------------------------------------------------------------------------
              TOTAL 3420 3347 3339 3301 3262 3242 3254 3277 3313 3343 3408 3429 3418 3433 3409 3398 3407 3368 3398 3407 3428 3419 3393 3420  80833
              MEAN   110  108  108  106  105  105  105  106  107  108  110  111  110  111  110  110  110  109  110  110  111  110  109  110   2608
              MAX    135  135  135  135  137  135  135  137  139  137  139  139  140  140  139  135  132  132  132  135  134  134  132  135   3202
                N     31   31   31   31   31   31   31   31   31   31   31   31   31   31   31   31   31   31   31   31   31   31   31   31     31
              NOTE                                                                                                                                
                                                                                                                                                  
                   *): WITH MISSING DATA; TOTAL,MEAN,MAXIMUM ESTIMATED                                                                            
                                                                                                                                                  
                                                                                                                                                  
