                                                                                                                                                  
                                                                                                                                                  
                                                                *******************************                                                   
                                                                  DOWNWARD LONGWAVE RADIATION                                                     
                                                                *******************************                                                   
                                                                                                                  COUNTRY = JAPAN                 
                                                                                                                                                  
                                                                                                                                                  
                                                                     UNIT  = 0.01 MJ/m**2                                                         
                        STATION    : Tateno                                                                                                       
                        STATION NO.: 47646                                                                                                        
                        LOCATION   : 140ﾟ08' E                                                                                                    
                                      36ﾟ03' N                                                                                                    
                        ALTITUDE   :   25.2  m                                                                                                    
                        YEAR/MONTH : 2016/07                                                                                                      
                                                                                                                                                  
              DATE   -01  -02  -03  -04  -05  -06  -07  -08  -09  -10  -11  -12  -13  -14  -15  -16  -17  -18  -19  -20  -21  -22  -23  -24  TOTAL
                                                                                                                                                  
               7 1   149  147  146  140  140  147  147  142  144  154  155  159  160  160  153  149  148  144  142  141  140  139  139  141   3526
               7 2   149  154  154  154  154  150  154  155  156  157  158  158  156  151  150  149  149  150  147  146  145  144  144  144   3628
               7 3   143  143  142  141  141  144  146  146  149  153  159  159  162  160  161  162  161  159  156  154  152  151  151  147   3642
               7 4   146  147  148  146  149  154  152  146  148  151  149  156  158  153  153  158  160  160  153  149  143  142  144  153   3618
               7 5   153  150  148  149  148  147  147  147  148  147  146  146  146  146  147  147  147  146  146  146  145  142  144  145   3523
               7 6   144  145  145  145  144  146  147  148  149  150  151  152  154  154  155  156  154  155  145  142  141  140  140  139   3541
               7 7   139  138  138  138  137  137  139  141  145  147  152  152  149  146  146  153  151  151  151  150  150  148  147  150   3495
               7 8   150  149  150  149  149  150  149  150  148  151  151  149  152  153  155  160  158  155  154  154  153  154  153  152   3648
               7 9   152  152  151  151  152  153  152  151  151  152  152  150  150  152  152  151  149  147  144  142  146  149  149  135   3585
               710   134  134  133  133  133  133  134  137  138  142  147  150  148  151  149  151  147  145  143  143  142  140  141  143   3391
               711   141  143  141  138  137  137  139  140  143  145  148  154  153  152  152  157  150  149  146  146  150  148  151  146   3506
               712   146  154  154  153  152  150  138  139  154  140  143  144  141  142  143  148  156  154  147  142  144  141  144  151   3520
               713   154  155  154  154  154  153  153  154  154  155  158  157  157  158  157  157  156  155  155  155  154  156  153  154   3722
               714   156  153  158  157  150  152  155  154  154  158  158  155  152  155  159  160  161  152  151  150  148  148  144  144   3684
               715   141  139  137  142  148  150  150  151  154  153  153  153  152  152  151  150  150  150  150  150  148  147  147  147   3565
               716   144  132  132  132  136  145  134  142  146  150  148  151  152  156  156  155  153  150  151  153  154  154  152  153   3531
               717   154  154  150  149  154  153  153  155  157  157  158  158  159  159  160  159  159  157  157  151  150  149  150  152   3714
               718   153  153  155  154  157  157  157  158  153  149  159  157  150  149  150  150  151  148  147  151  147  151  155  156   3667
               719   152  152  152  146  145  149  149  143  146  146  146  146  148  145  146  147  147  147  148  150  146  149  154  154   3553
               720   155  155  155  154  151  151  150  149  150  151  XXX  XXX  146  145  144  141  140  141  142  140  148  153  152  152   XXXX
               721   150  151  151  150  150  150  150  150  151  151  152  152  152  152  153  153  153  151  151  151  153  152  152  151   3632
               722   150  150  148  149  149  148  148  148  148  149  150  150  151  151  150  150  149  148  148  148  148  147  147  145   3569
               723   131  129  126  143  144  144  144  145  146  147  148  149  150  149  147  144  146  133  132  131  131  128  128  129   3344
               724   128  127  126  126  126  126  127  127  129  131  138  149  149  150  142  142  144  145  142  143  138  142  144  136   3277
               725   145  144  144  131  143  145  140  148  151  152  153  154  155  151  146  142  142  145  145  144  138  142  148  146   3494
               726   147  153  152  145  145  147  149  148  150  152  151  151  151  150  151  152  152  151  151  150  150  152  151  153   3604
               727   153  150  151  154  153  152  152  153  154  155  155  156  157  158  158  158  158  157  156  152  152  155  145  151   3695
               728   152  153  154  154  152  151  149  145  156  155  151  158  155  154  153  157  150  151  150  148  145  144  143  149   3629
               729   151  139  138  137  137  137  138  143  145  149  149  150  150  149  149  150  147  145  143  141  140  139  137  135   3438
               730   134  134  134  133  133  133  134  136  138  140  146  151  153  154  154  150  147  146  144  142  141  141  140  141   3399
               731   139  139  140  140  139  140  145  146  147  153  161  162  159  157  158  155  154  154  150  151  155  157  158  154   3613
              ------------------------------------------------------------------------------------------------------------------------------------
              TOTAL 4535 4518 4507 4487 4502 4531 4521 4537 4602 4642 4697 4740 4727 4714 4700 4713 4689 4641 4587 4556 4537 4544 4547 4548 110310
              MEAN   146  146  145  145  145  146  146  146  148  150  152  153  152  152  152  152  151  150  148  147  146  147  147  147   3558
              MAX    156  155  158  157  157  157  157  158  157  158  161  162  162  160  161  162  161  160  157  155  155  157  158  156   3722
                N     31   31   31   31   31   31   31   31   31   31   30   30   31   31   31   31   31   31   31   31   31   31   31   31     30
              NOTE                                                      *)   *)                                                                 *)
                                                                                                                                                  
                   *): WITH MISSING DATA; TOTAL,MEAN,MAXIMUM ESTIMATED                                                                            
                                                                                                                                                  
                                                                                                                                                  
