                                                                                                                                                  
                                                                                                                                                  
                                                                *******************************                                                   
                                                                  DOWNWARD LONGWAVE RADIATION                                                     
                                                                *******************************                                                   
                                                                                                                  COUNTRY = JAPAN                 
                                                                                                                                                  
                                                                                                                                                  
                                                                     UNIT  = 0.01 MJ/m**2                                                         
                        STATION    : Tateno                                                                                                       
                        STATION NO.: 47646                                                                                                        
                        LOCATION   : 140ﾟ08' E                                                                                                    
                                      36ﾟ03' N                                                                                                    
                        ALTITUDE   :   25.2  m                                                                                                    
                        YEAR/MONTH : 2016/06                                                                                                      
                                                                                                                                                  
              DATE   -01  -02  -03  -04  -05  -06  -07  -08  -09  -10  -11  -12  -13  -14  -15  -16  -17  -18  -19  -20  -21  -22  -23  -24  TOTAL
                                                                                                                                                  
               6 1   132  130  128  133  126  128  124  121  126  123  121  122  122  123  128  132  139  139  131  122  120  123  132  127   3052
               6 2   133  128  118  119  123  109  119  112  112  113  115  121  131  136  129  130  129  121  114  111  109  108  107  106   2853
               6 3   105  104  103  102  102  101  103  105  107  109  112  114  117  124  127  124  121  121  122  121  120  119  119  119   2721
               6 4   120  122  120  119  119  118  118  120  124  125  130  135  139  140  137  134  137  135  139  138  139  139  140  141   3128
               6 5   140  140  140  140  139  140  142  138  136  135  139  139  138  135  129  129  130  126  122  121  121  123  122  125   3189
               6 6   130  122  126  131  127  137  141  141  143  142  144  144  135  135  136  136  131  129  135  129  130  134  138  136   3232
               6 7   136  140  141  142  142  142  142  143  144  146  146  146  147  147  147  147  145  146  145  145  145  145  144  143   3456
               6 8   142  139  139  139  140  140  139  138  140  139  141  137  146  150  151  149  147  137  133  145  143  137  132  143   3386
               6 9   143  147  147  148  148  149  150  149  150  151  152  153  153  153  149  145  152  145  149  147  144  145  150  150   3569
               610   150  147  146  144  130  128  130  130  130  136  134  136  135  133  131  131  131  130  133  141  126  143  137  134   3246
               611   123  122  121  122  121  122  123  125  127  129  132  133  136  140  137  139  140  139  136  131  129  130  129  130   3116
               612   129  141  136  127  127  128  129  137  134  137  141  142  141  143  147  149  145  144  144  146  143  143  143  146   3342
               613   144  149  149  148  149  148  147  146  144  146  148  149  149  149  149  148  147  146  146  145  146  145  141  136   3514
               614   139  135  126  126  125  126  128  135  131  135  142  150  146  140  137  133  135  138  145  145  144  145  144  144   3294
               615   145  144  142  143  143  144  143  144  144  144  145  145  146  146  146  146  146  145  144  144  146  147  146  145   3473
               616   145  145  144  140  140  142  144  146  146  148  148  145  149  149  150  149  147  147  148  148  151  151  149  149   3520
               617   148  148  148  148  147  144  142  136  135  138  141  144  145  151  151  150  150  148  145  143  146  144  139  135   3466
               618   137  130  128  125  134  144  149  151  131  133  135  137  139  138  138  140  141  142  140  138  136  135  135  134   3290
               619   135  135  135  135  132  132  133  136  137  140  146  151  152  152  150  149  150  149  150  148  149  149  150  150   3445
               620   151  151  152  152  147  149  148  145  144  141  145  142  143  146  146  146  147  155  153  148  137  136  141  140   3505
               621   141  140  139  141  142  143  145  146  148  149  149  149  148  143  142  141  139  140  136  134  133  132  133  133   3386
               622   134  134  133  141  142  138  147  150  151  152  152  152  152  152  152  151  151  150  150  151  151  151  152  152   3541
               623   152  152  153  152  152  153  154  154  154  155  155  154  154  154  149  144  150  146  144  137  148  143  135  131   3575
               624   132  135  148  148  145  139  138  145  148  149  151  151  151  151  149  148  147  149  149  149  146  147  150  151   3516
               625   153  154  155  157  158  158  158  154  154  154  153  152  152  156  154  152  153  153  153  152  150  150  149  148   3682
               626   148  151  147  139  131  131  129  131  134  136  140  141  142  144  150  146  150  153  143  141  142  139  133  132   3373
               627   131  130  128  127  126  126  127  130  131  132  134  138  143  139  141  138  139  139  140  142  142  145  149  146   3263
               628   143  143  147  149  147  143  142  143  144  145  145  146  146  146  146  146  146  146  146  145  146  147  147  147   3491
               629   146  147  147  147  147  147  146  147  148  148  149  150  149  151  150  150  149  147  147  148  150  148  145  147   3550
               630   147  148  148  148  147  146  147  148  152  152  153  150  156  155  156  150  154  152  145  146  148  147  148  147   3590
              ------------------------------------------------------------------------------------------------------------------------------------
              TOTAL 4154 4153 4134 4132 4098 4095 4127 4146 4149 4182 4238 4268 4302 4321 4304 4272 4288 4257 4227 4201 4180 4190 4179 4167 100764
              MEAN   138  138  138  138  137  137  138  138  138  139  141  142  143  144  143  142  143  142  141  140  139  140  139  139   3359
              MAX    153  154  155  157  158  158  158  154  154  155  155  154  156  156  156  152  154  155  153  152  151  151  152  152   3682
                N     30   30   30   30   30   30   30   30   30   30   30   30   30   30   30   30   30   30   30   30   30   30   30   30     30
              NOTE                                                                                                                                
                                                                                                                                                  
                   *): WITH MISSING DATA; TOTAL,MEAN,MAXIMUM ESTIMATED                                                                            
                                                                                                                                                  
                                                                                                                                                  
                                                                                                                                                  
