                                                                                                                                                  
                                                                                                                                                  
                                                                *******************************                                                   
                                                                  DOWNWARD LONGWAVE RADIATION                                                     
                                                                *******************************                                                   
                                                                                                                  COUNTRY = JAPAN                 
                                                                                                                                                  
                                                                                                                                                  
                                                                     UNIT  = 0.01 MJ/m**2                                                         
                        STATION    : Tateno                                                                                                       
                        STATION NO.: 47646                                                                                                        
                        LOCATION   : 140ﾟ08' E                                                                                                    
                                      36ﾟ03' N                                                                                                    
                        ALTITUDE   :   25.2  m                                                                                                    
                        YEAR/MONTH : 2016/08                                                                                                      
                                                                                                                                                  
              DATE   -01  -02  -03  -04  -05  -06  -07  -08  -09  -10  -11  -12  -13  -14  -15  -16  -17  -18  -19  -20  -21  -22  -23  -24  TOTAL
                                                                                                                                                  
               8 1   153  155  154  154  153  151  151  159  152  151  157  158  160  153  154  152  150  148  146  146  149  148  145  145   3644
               8 2   144  144  148  149  154  157  158  158  155  159  160  155  153  150  150  152  152  150  151  151  150  151  153  149   3653
               8 3   147  149  148  152  156  159  157  154  154  155  153  153  159  162  162  159  155  154  154  153  154  151  156  148   3704
               8 4   145  144  144  144  143  143  145  149  156  151  157  161  162  159  159  158  155  154  154  151  149  147  146  145   3621
               8 5   145  144  144  143  143  143  143  148  150  155  157  156  157  159  158  156  154  153  151  149  147  146  145  145   3591
               8 6   145  145  144  144  144  144  145  150  155  154  157  157  159  157  156  156  157  154  151  147  146  151  148  148   3614
               8 7   145  143  143  141  141  141  141  143  146  149  149  151  149  148  147  145  144  141  142  143  144  144  144  144   3468
               8 8   143  145  144  147  150  146  148  152  158  162  160  158  156  156  156  155  153  153  153  154  151  154  155  151   3660
               8 9   150  149  149  149  148  148  149  149  152  152  156  159  156  157  157  157  157  154  153  151  150  151  150  155   3658
               810   159  148  147  145  149  149  144  146  147  149  149  149  153  153  149  151  148  151  149  150  150  153  151  153   3592
               811   155  149  151  153  154  153  156  156  156  150  156  155  152  152  152  152  153  151  149  148  151  152  148  148   3652
               812   142  141  136  143  141  147  141  140  153  147  140  142  145  144  141  140  138  137  136  145  146  148  151  152   3436
               813   149  143  151  147  151  151  151  151  154  152  148  151  151  148  143  142  141  141  151  152  151  150  151  152   3572
               814   150  150  147  151  151  150  150  150  151  147  140  141  149  147  147  146  151  147  145  149  152  153  146  147   3557
               815   148  150  150  151  152  154  152  153  147  155  161  160  160  163  163  161  153  157  161  159  158  158  157  157   3740
               816   151  143  141  140  140  140  140  148  158  161  154  151  158  162  164  161  159  159  158  159  161  159  160  159   3686
               817   158  158  158  157  157  157  154  150  153  152  154  156  157  156  157  155  155  153  152  154  159  154  163  158   3737
               818   161  158  157  161  159  156  159  161  159  160  161  162  163  163  160  158  154  152  152  157  156  153  155  157   3794
               819   154  151  157  156  156  155  156  155  152  147  146  146  151  159  157  160  157  155  158  158  155  156  155  158   3710
               820   154  154  154  159  159  160  160  161  161  161  158  158  161  155  153  154  156  158  153  157  153  154  148  148   3749
               821   147  144  144  144  143  143  144  148  149  150  156  157  156  161  163  156  155  157  153  154  158  160  154  158   3654
               822   162  158  156  156  151  154  157  158  160  161  162  162  162  162  159  159  157  155  155  155  153  149  148  148   3759
               823   147  147  151  157  151  154  157  157  160  162  159  161  156  159  160  155  156  159  160  157  155  154  149  149   3732
               824   145  139  146  141  143  144  141  151  150  155  156  157  150  153  153  152  146  147  147  150  150  155  156  155   3582
               825   154  151  144  144  144  142  143  146  155  157  154  158  159  160  161  156  150  148  146  145  147  144  143  141   3592
               826   140  140  139  138  138  136  137  139  146  150  148  152  153  152  153  155  154  149  148  147  148  146  144  145   3497
               827   144  151  148  154  154  155  153  153  153  153  154  153  152  151  151  150  150  150  150  149  149  147  146  147   3617
               828   147  148  148  146  148  148  149  149  151  152  153  154  155  156  157  156  155  155  154  153  152  153  152  152   3643
               829   154  155  155  155  156  158  157  157  158  159  157  157  162  157  157  154  156  159  161  160  161  161  161  161   3788
               830   160  160  160  159  160  160  160  159  156  157  158  159  159  159  159  159  157  155  153  141  138  143  150  149   3730
               831   141  131  131  129  127  127  129  131  139  143  144  144  144  144  144  141  139  137  132  130  128  127  128  130   3240
              ------------------------------------------------------------------------------------------------------------------------------------
              TOTAL 4639 4587 4589 4609 4616 4625 4627 4681 4746 4768 4774 4793 4819 4817 4802 4763 4717 4693 4678 4674 4671 4672 4658 4654 112672
              MEAN   150  148  148  149  149  149  149  151  153  154  154  155  155  155  155  154  152  151  151  151  151  151  150  150   3635
              MAX    162  160  160  161  160  160  160  161  161  162  162  162  163  163  164  161  159  159  161  160  161  161  163  161   3794
                N     31   31   31   31   31   31   31   31   31   31   31   31   31   31   31   31   31   31   31   31   31   31   31   31     31
              NOTE                                                                                                                                
                                                                                                                                                  
                   *): WITH MISSING DATA; TOTAL,MEAN,MAXIMUM ESTIMATED                                                                            
                                                                                                                                                  
                                                                                                                                                  
