                                                                                                                                                  
                                                                                                                                                  
                                                                *******************************                                                   
                                                                  DOWNWARD LONGWAVE RADIATION                                                     
                                                                *******************************                                                   
                                                                                                                  COUNTRY = JAPAN                 
                                                                                                                                                  
                                                                                                                                                  
                                                                     UNIT  = 0.01 MJ/m**2                                                         
                        STATION    : Tateno                                                                                                       
                        STATION NO.: 47646                                                                                                        
                        LOCATION   : 140ﾟ08' E                                                                                                    
                                      36ﾟ03' N                                                                                                    
                        ALTITUDE   :   25.2  m                                                                                                    
                        YEAR/MONTH : 2016/10                                                                                                      
                                                                                                                                                  
              DATE   -01  -02  -03  -04  -05  -06  -07  -08  -09  -10  -11  -12  -13  -14  -15  -16  -17  -18  -19  -20  -21  -22  -23  -24  TOTAL
                                                                                                                                                  
              10 1   148  148  148  147  146  145  145  146  146  145  146  146  146  147  148  147  147  147  147  148  148  148  148  147   3524
              10 2   144  143  145  137  140  144  146  146  144  143  139  142  140  140  141  140  139  138  138  137  136  136  136  138   3372
              10 3   139  139  138  143  147  145  151  152  153  154  155  156  156  156  153  153  154  152  149  147  148  145  146  136   3567
              10 4   132  130  138  138  136  131  136  130  131  133  135  137  141  144  143  143  143  141  139  136  135  133  134  133   3272
              10 5   132  131  132  136  135  135  127  134  145  144  146  151  152  151  150  149  148  144  147  147  146  146  153  156   3437
              10 6   153  151  140  132  132  130  128  130  131  136  136  140  138  138  137  134  138  140  138  141  140  140  135  129   3287
              10 7   124  127  135  125  115  117  128  115  116  124  123  123  123  124  121  120  118  117  125  134  137  142  140  138   3011
              10 8   139  144  144  142  145  144  144  144  145  146  146  146  146  147  149  149  147  140  139  143  143  145  139  142   3458
              10 9   143  144  147  149  150  152  154  157  152  149  149  146  145  143  143  140  135  137  139  144  143  140  140  139   3480
              1010   139  138  138  134  136  137  134  128  138  138  138  138  139  139  139  138  138  138  137  137  137  136  134  133   3281
              1011   135  135  135  135  135  133  134  134  133  133  128  134  137  137  137  137  137  132  133  128  128  130  130  130   3200
              1012   123  112  112  115  110  112  110  108  110  115  119  119  118  117  119  121  122  118  125  125  122  128  135  128   2843
              1013   127  123  128  125  127  133  127  131  134  134  134  134  134  135  135  134  134  134  133  133  134  134  132  131   3160
              1014   130  124  122  119  117  118  116  115  115  114  118  117  120  121  120  112  108  108  108  107  107  106  106  106   2754
              1015   104  104  104  103  102  101  101  103  106  109  112  113  114  114  114  115  114  112  110  109  109  109  109  108   2599
              1016   106  106  106  106  106  108  105  107  109  112  132  120  123  125  129  129  128  122  121  122  120  129  136  141   2848
              1017   140  140  139  142  140  140  140  140  140  140  142  140  142  144  144  143  134  144  145  142  138  128  134  135   3356
              1018   139  140  141  145  145  143  141  145  144  147  147  147  143  138  134  133  136  140  139  136  142  146  146  141   3398
              1019   139  137  141  142  141  129  129  126  140  146  146  146  146  145  139  139  145  136  143  135  143  144  142  144   3363
              1020   144  144  142  125  121  120  119  119  120  122  125  125  126  128  127  124  122  121  120  117  115  113  109  107   2955
              1021   107  107  106  106  106  105  104  105  108  110  112  115  120  121  119  119  117  114  117  119  118  118  116  114   2703
              1022   112  112  112  130  133  133  134  133  133  136  138  138  138  135  135  140  138  133  138  140  141  140  135  134   3191
              1023   125  125  135  125  121  133  123  116  116  117  117  119  122  127  129  137  135  120  119  127  116  110  107  105   2926
              1024   113  110  111  108  111  101  100   99   99  100  101  102  103  104  105  106  106  105  104  103  103  104  104  104   2506
              1025   103  102  100   99   99   99   99  101  103  107  125  131  134  137  135  134  133  134  132  131  131  129  133  136   2867
              1026   137  138  138  136  137  138  125  114  114  116  118  121  123  126  128  130  129  127  129  127  134  141  142  142   3110
              1027   142  139  127  118  115  113  113  113  115  118  117  115  110  109  109  110  108  109  108  107  107  106  106  106   2740
              1028   105  104  103  107  120  124  131  132  133  132  133  133  134  134  135  136  134  134  135  135  135  135  135  135   3074
              1029   135  134  132  127  134  126  116  118  126  116  129  134  124  121  133  136  129  132  129  129  127  127  127  126   3067
              1030   126  126  126  125  125  126  126  126  126  127  127  128  128  128  128  126  111  108  107  109  108  108  104  106   2885
              1031   120  125  125  124  120  111  103  104  107  111  114  121  128  128  129  129  129  128  128  127  126  127  128  127   2919
              ------------------------------------------------------------------------------------------------------------------------------------
              TOTAL 4005 3982 3990 3945 3947 3926 3889 3871 3932 3974 4047 4077 4093 4103 4107 4103 4056 4005 4021 4022 4017 4023 4021 3997  96153
              MEAN   129  128  129  127  127  127  125  125  127  128  131  132  132  132  132  132  131  129  130  130  130  130  130  129   3102
              MAX    153  151  148  149  150  152  154  157  153  154  155  156  156  156  153  153  154  152  149  148  148  148  153  156   3567
                N     31   31   31   31   31   31   31   31   31   31   31   31   31   31   31   31   31   31   31   31   31   31   31   31     31
              NOTE                                                                                                                                
                                                                                                                                                  
                   *): WITH MISSING DATA; TOTAL,MEAN,MAXIMUM ESTIMATED                                                                            
                                                                                                                                                  
                                                                                                                                                  
