                                                                                                                                                  
                                                                                                                                                  
                                                                *******************************                                                   
                                                                  DOWNWARD LONGWAVE RADIATION                                                     
                                                                *******************************                                                   
                                                                                                                  COUNTRY = JAPAN                 
                                                                                                                                                  
                                                                                                                                                  
                                                                     UNIT  = 0.01 MJ/m**2                                                         
                        STATION    : Tateno                                                                                                       
                        STATION NO.: 47646                                                                                                        
                        LOCATION   : 140ﾟ08' E                                                                                                    
                                      36ﾟ03' N                                                                                                    
                        ALTITUDE   :   25.2  m                                                                                                    
                        YEAR/MONTH : 2016/12                                                                                                      
                                                                                                                                                  
              DATE   -01  -02  -03  -04  -05  -06  -07  -08  -09  -10  -11  -12  -13  -14  -15  -16  -17  -18  -19  -20  -21  -22  -23  -24  TOTAL
                                                                                                                                                  
              12 1   120  124  125  126  125  125  125  126  127  127  129  129  122  119  132  121  118  122  112  112  121  118  111  108   2924
              12 2   122  100   98   96   94   93   92   90   90   90   92   93   94   96   96   97   97   98  100   99   97  102   95   93   2314
              12 3    93   92   90   90   90   90   91   91   93   95   99  101  103  108  118  114  107  115  119  112  107  112  112  123   2465
              12 4   120  108  117  115  110  114  108  109  105  114  110  113  115  113  111  106  115  124  125  126  124  127  127  128   2784
              12 5   130  130  129  128  123  111  102  100  101  102  105  106  108  111  111  113  114  114  114  113  113  113  112  113   2716
              12 6   114  112  112  110  108  104   99   99  100  102  103  101  100   99   96   93   91   89   89   87   87   86   87   93   2361
              12 7   110  110  105   99   88  103  109  105  113  115  114  108   99   97  100  100  106  110  110  114  100   94   94   93   2496
              12 8    92   90   90   88   87   87   87   87   88   90   92   94   94   93   94   96   97   94   93   94   95   93  108  108   2231
              12 9   114  113  110  111  101   95   91   90   93   95   97   99  101  103  104  104  103  103  102  100   99   98   96   95   2417
              1210    93   93   93   92   92   91   90   90   90   90   89   89   89   88   86   85   84   85   85   85   85   85   99  103   2151
              1211   104   95   93   94   83   83   83   82   83   85   86   87   88   87   87   87   86   85   84   84   83   83   83   83   2078
              1212    83   83   83   83   82   82   81   81   81   82   84   87   90   91   94   95   94  101  104  111  119  115  112  106   2224
              1213   110  110  112  100   98  104  108  106  104   98   99  105  113  113  127  123  126  130  129  129  131  129  127  129   2760
              1214   130  128  129  127  127  126  124  123  122  122  122  120  119  113  115  108   94   94   91   90   88   87   85   84   2668
              1215    84   84   83   82   81   81   80   81   81   83   84   86   89   86   86   86   85   87   86   85   84   84   83   83   2014
              1216    83   83   93   94  101  106   90   85   94  103   84   85   85   86   85   83   81   80   80   80   80   80   80   80   2081
              1217    80   80   80   81   82   82   82   83   84   87   89   91   92   93   95   95   94   93   92   91   90   90   89   89   2104
              1218    90   90   89   89   87   87   86   87   90   92   96  104  101  112   99   98   98   97   97   99  100   98   98   98   2282
              1219    96   98   96   96   97   99   98   93   95   96   94   97   96   97   98   97   99   99   98  102  110  118  121  111   2401
              1220    98   97   96   96   96   96   97   97  100  106  109  105  109  113  106  104  107  119  114  102  101  100   98   98   2464
              1221    97   97   96   94   94   94   93   93   94   96   98  100  101  102  103  104  105  102  101  101  101  101  102  106   2375
              1222   106  103  117  127  126  128  126  105  104  105  116  130  136  131  134  140  141  139  130  129  134  145  146  145   3043
              1223   144  141  141  134  124  129  126  118  116  126  107  110  121  108  103  107   99  107  102   93   92   91   91   90   2720
              1224    90   90   89   89   88   87   87   87   88   89   90   91   92   93   91   92   92   90   88   88   88   87   87   89   2142
              1225    87   91   96  103  103  102  101   99   92   93   91   92   89   90   90   89   89   90   90   91   89   88   88   88   2221
              1226    87   87   88   90  101   96  107  115  113  116  107  104  103  115  117  120  119  112  108  104  115  118  119  118   2579
              1227   117  117  113  115  119  119  116  119  123  126  130  128  129  129  129  129  129  125  123  121  120  120  118  118   2932
              1228   116  110  106   94   82   82   82   83   83   84   85   89   91   98   94   86   85   84   83   82   82   82   82   82   2127
              1229    82   83   85  105   96   93   91   89   95   99  101  102   98   91   91   95   90   88   88   87   88   88   88   90   2203
              1230    85   85   84   83   82   81   81   81   82   84   85   86   86   86   85   85   84   83   82   82   83   83   83   83   2004
              1231    82   86   92  106  107  107   85   80   82   84   86   88   90   91   92   93   93   92   92   91   91   91   91   91   2183
              ------------------------------------------------------------------------------------------------------------------------------------
              TOTAL 3159 3110 3130 3137 3074 3077 3018 2974 3006 3076 3073 3120 3143 3152 3169 3145 3122 3151 3111 3084 3097 3106 3112 3118  74464
              MEAN   102  100  101  101   99   99   97   96   97   99   99  101  101  102  102  101  101  102  100   99  100  100  100  101   2402
              MAX    144  141  141  134  127  129  126  126  127  127  130  130  136  131  134  140  141  139  130  129  134  145  146  145   3043
                N     31   31   31   31   31   31   31   31   31   31   31   31   31   31   31   31   31   31   31   31   31   31   31   31     31
              NOTE                                                                                                                                
                                                                                                                                                  
                   *): WITH MISSING DATA; TOTAL,MEAN,MAXIMUM ESTIMATED                                                                            
                                                                                                                                                  
                                                                                                                                                  
