                                                                                                                                                  
                                                                                                                                                  
                                                                *******************************                                                   
                                                                  DOWNWARD LONGWAVE RADIATION                                                     
                                                                *******************************                                                   
                                                                                                                  COUNTRY = JAPAN                 
                                                                                                                                                  
                                                                                                                                                  
                                                                     UNIT  = 0.01 MJ/m**2                                                         
                        STATION    : Tateno                                                                                                       
                        STATION NO.: 47646                                                                                                        
                        LOCATION   : 140ﾟ08' E                                                                                                    
                                      36ﾟ03' N                                                                                                    
                        ALTITUDE   :   25.2  m                                                                                                    
                        YEAR/MONTH : 2016/09                                                                                                      
                                                                                                                                                  
              DATE   -01  -02  -03  -04  -05  -06  -07  -08  -09  -10  -11  -12  -13  -14  -15  -16  -17  -18  -19  -20  -21  -22  -23  -24  TOTAL
                                                                                                                                                  
               9 1   129  128  129  131  132  131  130  131  134  138  140  142  145  145  147  145  144  143  143  142  142  140  140  139   3310
               9 2   139  139  138  137  137  141  136  138  140  146  148  146  144  144  144  143  143  145  153  153  153  145  143  144   3439
               9 3   143  143  139  139  146  147  146  152  152  151  148  148  153  147  147  148  155  157  156  155  154  155  151  154   3586
               9 4   156  155  150  150  154  153  154  155  151  155  159  153  153  156  149  148  148  148  148  146  146  146  146  145   3624
               9 5   146  144  144  144  143  142  142  143  146  153  157  159  159  153  152  152  152  152  150  152  154  151  148  149   3587
               9 6   150  154  153  152  152  145  145  155  158  158  157  155  156  156  155  152  151  150  150  151  150  150  150  150   3655
               9 7   151  151  151  148  154  159  159  160  160  159  157  156  156  155  152  157  151  146  148  151  153  156  158  158   3706
               9 8   156  155  154  155  155  155  155  148  148  160  161  158  159  162  159  160  154  152  158  160  160  160  160  158   3762
               9 9   156  158  159  156  153  145  145  143  145  149  148  157  153  151  148  147  147  153  155  155  155  152  150  152   3632
               910   143  151  144  143  150  141  148  151  151  143  138  139  141  141  141  141  140  140  139  139  138  138  142  142   3424
               911   141  149  149  150  150  149  147  147  148  149  143  148  146  147  149  147  151  150  149  149  149  148  151  149   3555
               912   152  153  151  153  148  149  143  152  154  154  151  150  154  155  156  153  152  151  153  153  152  153  152  151   3645
               913   151  149  151  150  150  151  151  153  154  155  155  153  153  152  153  154  155  155  154  153  153  151  152  151   3659
               914   151  150  149  150  148  149  150  151  151  152  147  151  156  156  156  154  149  147  143  148  150  151  152  153   3614
               915   153  153  153  153  152  154  152  153  154  151  152  148  151  149  147  144  143  143  143  142  145  150  146  142   3573
               916   139  136  141  138  137  142  144  145  146  147  149  152  152  151  152  153  148  145  144  144  140  136  139  149   3469
               917   151  147  140  138  140  138  135  136  140  143  147  151  151  149  148  152  151  149  148  147  147  146  147  154   3495
               918   157  155  155  154  150  152  151  151  151  152  153  154  156  158  156  155  153  157  157  156  157  156  154  152   3702
               919   151  152  152  150  151  152  151  152  151  150  150  151  150  151  150  150  149  148  147  148  148  148  148  148   3598
               920   148  148  147  147  147  146  147  147  148  148  149  149  149  149  148  147  148  148  148  147  145  144  144  145   3533
               921   144  142  141  141  134  139  141  142  142  142  147  146  148  148  147  146  144  143  145  145  145  145  144  145   3446
               922   145  146  146  146  146  144  145  148  148  148  149  150  149  150  150  150  150  148  148  148  147  148  146  147   3542
               923   147  147  147  148  147  147  148  148  149  150  150  150  151  152  150  151  152  152  149  151  151  151  151  150   3589
               924   150  151  150  152  151  152  152  151  151  150  152  153  153  152  151  150  149  147  144  144  149  145  143  141   3583
               925   141  135  140  139  136  137  135  139  137  140  139  144  154  147  150  146  144  148  149  152  152  152  151  149   3456
               926   144  148  146  146  147  147  147  146  149  152  157  157  154  155  156  149  147  152  150  155  142  149  148  143   3586
               927   152  153  153  153  155  155  155  155  151  154  154  155  161  156  159  154  148  147  150  154  146  145  144  144   3653
               928   154  155  150  151  154  147  153  147  153  159  156  161  161  159  159  156  157  158  157  159  157  156  156  154   3729
               929   152  152  154  156  156  157  156  156  157  156  156  155  155  155  155  153  152  142  143  147  149  148  147  145   3654
               930   144  144  143  142  142  141  141  141  141  134  136  131  137  131  133  136  140  140  141  140  145  147  147  147   3364
              ------------------------------------------------------------------------------------------------------------------------------------
              TOTAL 4436 4443 4419 4412 4417 4407 4404 4436 4460 4498 4505 4522 4560 4532 4519 4493 4467 4456 4462 4486 4474 4462 4450 4450 107170
              MEAN   148  148  147  147  147  147  147  148  149  150  150  151  152  151  151  150  149  149  149  150  149  149  148  148   3572
              MAX    157  158  159  156  156  159  159  160  160  160  161  161  161  162  159  160  157  158  158  160  160  160  160  158   3762
                N     30   30   30   30   30   30   30   30   30   30   30   30   30   30   30   30   30   30   30   30   30   30   30   30     30
              NOTE                                                                                                                                
                                                                                                                                                  
                   *): WITH MISSING DATA; TOTAL,MEAN,MAXIMUM ESTIMATED                                                                            
                                                                                                                                                  
                                                                                                                                                  
                                                                                                                                                  
