                                                                                                                                                  
                                                                                                                                                  
                                                                *******************************                                                   
                                                                  DOWNWARD LONGWAVE RADIATION                                                     
                                                                *******************************                                                   
                                                                                                                  COUNTRY = JAPAN                 
                                                                                                                                                  
                                                                                                                                                  
                                                                     UNIT  = 0.01 MJ/m**2                                                         
                        STATION    : Tateno                                                                                                       
                        STATION NO.: 47646                                                                                                        
                        LOCATION   : 140ﾟ08' E                                                                                                    
                                      36ﾟ03' N                                                                                                    
                        ALTITUDE   :   25.2  m                                                                                                    
                        YEAR/MONTH : 2016/02                                                                                                      
                                                                                                                                                  
              DATE   -01  -02  -03  -04  -05  -06  -07  -08  -09  -10  -11  -12  -13  -14  -15  -16  -17  -18  -19  -20  -21  -22  -23  -24  TOTAL
                                                                                                                                                  
               2 1   100   94   92   99  100  110  111  112  114  116  115  114  114  115  114  113  112  113  107  103  108  109  111  113   2609
               2 2   109  108  108  108  106  106  103   86   82   83   85   86   86   87   86   87   86   85   85   99   93   89   95  101   2249
               2 3    95   91   83   81   81   80   80   79   81   82   84   85   85   87   87   87   87   87   86   86   85   85   85   85   2034
               2 4    91   95   97   97   97   91   83   82   83   84   84   87   88   89   89   90   90   90   90   90   90   91   90   92   2150
               2 5    90   88   86   85   84   83   83   84   84   86   88   89   91   94   97   99   96   96   95   97   98   95   92   93   2173
               2 6   110  111  114  117  109  115  102  101  109  118  118  114  107  111  108  109  112  106  103  104  109  112  115  106   2640
               2 7   100  108  109  109  106  105   99   82   81   82   83   84   91   87   84   86   85   84   84   86   93  102   97   83   2210
               2 8    82   82   82   82   92  106  104  108   85   97  109  108   97  106   96   89   89   88   88   88   87   87   86   86   2224
               2 9    85   84   84   84   84   84   83   83   83   85   88   90   93   94   95   95   98   99   91   87   87   86   85   83   2110
               210    82   82   82   81   80   80   80   80   82   83   84   89   91   91   87   86   84   83   83   83   83   82   82   82   2002
               211    81   81   80   80   80   80   80   80   81   83   84   86   87   88   88   88   89   88   87   87   87   87   87   87   2026
               212    87   87   86   86   86   86   86   87   89  101  114  120  121  119  116  112  108  120  118  123  125  125  123  122   2547
               213   129  128  128  127  126  124  126  127  127  122  117  108  111  122  132  129  123  118  120  126  137  138  139  137   3021
               214   139  141  141  140  141  143  143  143  139  143  141  143  140  128  127  126  126  128  123  120  119  135  132  126   3227
               215   128  126  127  128  126  123  123  122  121  120  120  122  120  118  117  115  115  113  110  107  105   98   90   87   2781
               216    81   79   78   78   78   78   77   78   79   90   86   84   85   86   88   89   91   91   88   88   88   87   86   85   2018
               217    84   83   81   81   81   82   81   81   83   84   86   88   90   91  100   92   91   87   85   83   82   81   80   80   2037
               218    80   80   81   81   81   81   86   84   84   94  100  110  110   93   95   93   92   91   91   92   92   95   92   92   2170
               219    91   89   88   88   86   86   92   85   86   89   92   94   95   96   97   98   99  103  106  109  101   98   98   99   2265
               220   105  104  106  111  114  111  110  111  114  115  123  127  127  126  127  128  127  127  127  127  127  126  125  125   2870
               221   124  120  118  115  115  122  122  121  120  120  113  119  105  105   99  102   97  101   96   91   91   88   89   89   2582
               222    90   92   88  100   96   96  102  100  109  107  100   97  115  113  111  116  118  118  118  119  119  119  119  119   2581
               223   119  119  119  120  118  118  118  118  118  119  120  120  122  122  120  108  116  106   96   96   96   94   93   94   2689
               224    93   98  102  101  102  103  105  108  109  113  113  113  113  113  112  112  111  110  111  110  110  113  114  113   2602
               225   105  105  108  108  101   98   92   81   85   94   92   98   87   85   87   95   93   96   89   87   86   87   90   89   2238
               226    85   85   84   83   81   80   80   79   81   83   84   85   86   87   88   89   88   89   89   89   89   88   88   86   2046
               227    84   84   83   82   82   81   80   80   82   85   87   88   91  109  102   95   95   95   95   94   93   93   93   93   2146
               228    92   91   90   88   88   87   86   86   89   92   94   94   94   94   95   95   95   97  116  117  116  116  120  122   2354
               229   123  119  101   97  100  106  110  111  113  110  119  120  128  128  124  123  122  128  122  117  116  112  108  112   2769
              ------------------------------------------------------------------------------------------------------------------------------------
              TOTAL 2864 2854 2826 2837 2821 2845 2827 2779 2793 2880 2923 2962 2970 2984 2968 2946 2935 2937 2899 2905 2912 2918 2904 2881  69370
              MEAN    99   98   97   98   97   98   97   96   96   99  101  102  102  103  102  102  101  101  100  100  100  101  100   99   2392
              MAX    139  141  141  140  141  143  143  143  139  143  141  143  140  128  132  129  127  128  127  127  137  138  139  137   3227
                N     29   29   29   29   29   29   29   29   29   29   29   29   29   29   29   29   29   29   29   29   29   29   29   29     29
              NOTE                                                                                                                                
                                                                                                                                                  
                   *): WITH MISSING DATA; TOTAL,MEAN,MAXIMUM ESTIMATED                                                                            
                                                                                                                                                  
                                                                                                                                                  
                                                                                                                                                  
                                                                                                                                                  
