                                                                                                                                                  
                                                                                                                                                  
                                                                *******************************                                                   
                                                                  DOWNWARD LONGWAVE RADIATION                                                     
                                                                *******************************                                                   
                                                                                                                  COUNTRY = JAPAN                 
                                                                                                                                                  
                                                                                                                                                  
                                                                     UNIT  = 0.01 MJ/m**2                                                         
                        STATION    : Tateno                                                                                                       
                        STATION NO.: 47646                                                                                                        
                        LOCATION   : 140ﾟ08' E                                                                                                    
                                      36ﾟ03' N                                                                                                    
                        ALTITUDE   :   25.2  m                                                                                                    
                        YEAR/MONTH : 2016/05                                                                                                      
                                                                                                                                                  
              DATE   -01  -02  -03  -04  -05  -06  -07  -08  -09  -10  -11  -12  -13  -14  -15  -16  -17  -18  -19  -20  -21  -22  -23  -24  TOTAL
                                                                                                                                                  
               5 1   114  122  122  116  109  109  108  110  115  115  116  117  120  122  123  123  125  122  119  117  114  113  114  118   2803
               5 2   122  125  127  114  118  124  129  129  133  128  116  127  126  132  134  133  128  133  138  138  137  135  133  132   3091
               5 3   137  132  130  130  138  136  131  123  130  129  131  128  130  131  130  127  129  129  130  126  129  135  139  140   3150
               5 4   139  139  144  147  147  147  146  147  148  136  123  119  119  119  121  123  124  121  119  119  116  116  113  122   3114
               5 5   116  110  109  109  110  110  111  112  114  115  116  117  119  120  121  122  120  119  117  116  114  115  114  115   2761
               5 6   114  114  114  113  115  119  119  121  126  130  136  137  138  138  139  139  138  139  139  139  138  135  134  135   3109
               5 7   136  134  127  136  135  134  124  122  123  125  127  129  130  131  130  132  131  131  130  137  143  139  134  125   3145
               5 8   119  122  122  113  110  109  108  109  111  111  112  114  118  120  123  124  124  124  121  119  120  124  124  123   2824
               5 9   123  122  120  123  122  124  125  125  128  131  138  137  139  140  140  142  142  141  142  143  141  140  140  141   3209
               510   142  142  142  142  142  143  143  143  144  145  145  146  147  147  148  146  144  144  143  142  141  141  140  140   3442
               511   139  140  139  140  140  141  146  150  147  150  151  148  148  149  150  146  143  144  141  137  133  136  133  134   3425
               512   144  138  128  119  114  113  113  115  118  119  120  122  124  126  124  124  122  122  120  118  116  115  116  116   2906
               513   115  114  116  114  119  136  136  130  131  129  129  129  122  121  116  119  124  126  125  124  124  124  124  125   2972
               514   132  126  131  126  121  120  128  134  133  134  131  121  120  122  123  118  116  116  114  113  112  119  114  111   2935
               515   121  131  132  131  116  107  108  120  111  112  121  120  121  116  115  115  114  113  114  111  112  111  123  123   2818
               516   134  129  116  123  130  133  122  126  136  135  139  142  143  144  146  145  144  132  126  126  127  124  124  130   3176
               517   128  139  143  144  145  145  145  146  146  148  149  149  150  148  144  144  142  141  139  130  120  121  117  109   3332
               518   108  135  135  133  129  125  109  103  106  110  114  118  119  117  116  115  115  115  114  112  111  111  110  110   2790
               519   110  109  109  108  108  107  109  111  113  115  115  115  116  118  118  116  118  118  117  116  112  110  110  112   2710
               520   109  109  108  107  113  108  114  123  125  125  126  125  126  128  126  123  120  121  118  121  119  118  119  114   2845
               521   108  108  107  107  106  105  105  107  110  113  116  119  120  122  130  131  135  138  139  137  131  125  128  125   2872
               522   131  127  121  120  117  116  118  118  119  121  122  122  123  125  124  121  121  118  115  114  114  114  113  112   2866
               523   112  113  114  115  114  114  116  121  124  126  133  133  132  131  132  132  130  131  128  125  124  123  122  120   2965
               524   118  117  117  117  116  116  117  119  124  126  132  131  131  135  136  137  135  137  131  124  130  132  138  135   3051
               525   133  135  138  139  136  138  141  140  145  145  144  143  143  143  144  143  141  139  138  135  134  133  133  128   3331
               526   128  128  132  131  141  145  137  148  149  150  151  152  153  148  149  148  152  152  150  142  139  138  139  146   3448
               527   143  138  142  149  149  149  151  153  152  144  145  144  143  142  141  140  140  140  141  123  116  115  115  116   3331
               528   115  118  124  125  130  129  131  132  133  135  135  138  139  138  139  138  137  134  126  119  118  117  117  117   3084
               529   116  116  116  116  115  116  118  121  123  123  124  127  132  131  133  140  142  143  141  139  140  140  139  139   3090
               530   139  141  142  143  142  142  138  138  138  139  140  140  140  141  140  140  141  140  138  139  139  139  139  138   3356
               531   139  140  140  139  137  138  136  132  131  134  136  144  146  144  145  142  133  132  131  133  138  148  148  140   3326
              ------------------------------------------------------------------------------------------------------------------------------------
              TOTAL 3884 3913 3907 3889 3884 3898 3882 3928 3986 3998 4033 4053 4077 4089 4100 4088 4070 4055 4004 3934 3902 3906 3906 3891  95277
              MEAN   125  126  126  125  125  126  125  127  129  129  130  131  132  132  132  132  131  131  129  127  126  126  126  126   3073
              MAX    144  142  144  149  149  149  151  153  152  150  151  152  153  149  150  148  152  152  150  143  143  148  148  146   3448
                N     31   31   31   31   31   31   31   31   31   31   31   31   31   31   31   31   31   31   31   31   31   31   31   31     31
              NOTE                                                                                                                                
                                                                                                                                                  
                   *): WITH MISSING DATA; TOTAL,MEAN,MAXIMUM ESTIMATED                                                                            
                                                                                                                                                  
                                                                                                                                                  
