                                                                                                                                                  
                                                                                                                                                  
                                                                *******************************                                                   
                                                                  DOWNWARD LONGWAVE RADIATION                                                     
                                                                *******************************                                                   
                                                                                                                  COUNTRY = JAPAN                 
                                                                                                                                                  
                                                                                                                                                  
                                                                     UNIT  = 0.01 MJ/m**2                                                         
                        STATION    : Tateno                                                                                                       
                        STATION NO.: 47646                                                                                                        
                        LOCATION   : 140ﾟ08' E                                                                                                    
                                      36ﾟ03' N                                                                                                    
                        ALTITUDE   :   25.2  m                                                                                                    
                        YEAR/MONTH : 2016/11                                                                                                      
                                                                                                                                                  
              DATE   -01  -02  -03  -04  -05  -06  -07  -08  -09  -10  -11  -12  -13  -14  -15  -16  -17  -18  -19  -20  -21  -22  -23  -24  TOTAL
                                                                                                                                                  
              11 1   128  130  131  131  132  132  132  131  131  130  128  125  121  109  108  109  113  120  132  127  124  127  118  122   2991
              11 2   124  124  121  122  123  122  122  122  124  124  124  124  124  125  124  125  125  126  125  126  127  128  127  127   2985
              11 3   127  128  120  125  119  127  125  105  104  104  104  105  106  107  108  107  103  101  100  100   99   99   99   99   2621
              11 4    98   97   96   96   96   96   96   98   98   99  100  100  101  104  113  116  117  123  123  117  111  122  117  109   2543
              11 5   117  117  118  125  122  128  130  131  132  133  133  115  112  112  113  113  112  114  113  111  110  110  109  107   2837
              11 6   105  104  104  104  103  103  103  104  107  109  111  112  124  132  123  117  109  109  106  100   99   98   98   98   2582
              11 7    97   98  107  101   95   94   94   94   98  101   98   99   99   99  100   99   98   98   98   98   98   99   98   97   2357
              11 8    96   96   96   97   96   96   98  101  108  110  114  118  122  121  121  124  124  126  127  127  128  127  126  126   2725
              11 9   126  126  125  124  124  123  120  121  119  110   96   91   92   92   91   91   90   89   88   89   89   89   89   89   2483
              1110    89   88   88   93   97  101  101  102  108  110  111  109  108  111  113  119  124  124  124  124  125  125  126  126   2646
              1111   126  125  125  124  125  125  126  127  127  129  128  131  132  132  131  131  131  131  130  126  128  129  131  132   3082
              1112   129  130  127  112  128  128  123  125  126  127  121  122  111  113  114  112  110  110  114  109  108  106  111  106   2822
              1113   110  106  105  101  102  103  103  101  103  105  106  108  110  111  113  113  113  114  117  126  130  124  121  123   2668
              1114   124  127  125  122  130  128  117  124  128  121  125  132  129  132  135  138  132  132  133  136  134  134  134  134   3106
              1115   136  136  136  136  135  135  136  134  134  137  132  126  126  125  127  129  127  126  126  127  122  113  104   99   3064
              1116    97   95   94   94   93   92   92   94   95  102  106  105  100  101  102  120  118  123  128  126  125  126  127  126   2581
              1117   121  108  116  112  100   99   98   96   97   99  100  101  104  105  107  110  106  105  104  103  102  100   98   95   2486
              1118    93   91   91   90   90   90   90   91   93   97  100  101  102  103  105  105  113  114  105  106  116  107  107  104   2404
              1119   108  114  115  115  119  125  126  128  128  129  131  131  130  130  130  131  131  132  131  131  124  124  110  108   2981
              1120   106  108  127  128  125  124  120  116  125  130  128  112  113  114  113  115  115  114  115  127  128  120  114  114   2851
              1121   114  111  110  112  113  114  112  116  120  122  126  130  128  131  132  133  134  132  130  129  130  130  130  131   2970
              1122   131  131  131  129  127  128  129  127  117  114  111  112  113  114  115  115  115  115  124  131  131  115  115  112   2902
              1123   123  135  127  132  135  131  129  125  118  124  124  123  123  122  122  121  121  121  119  121  119  119  119  119   2972
              1124   117  118  117  117  117  116  115  114  114  114  114  114  115  115  115  111  104  108  108   94   93   89   87   84   2610
              1125    84   83   83   83   83   83   83   84   88   89   90   91   92   95   95   95   94   93   93   93   95   92   92   91   2144
              1126    90   89   90   89   89   88   88   89   90   93   96   97  101   99  111  123  120  118  118  123  122  127  127  126   2503
              1127   123  124  124  124  124  124  123  123  124  124  123  125  123  128  133  133  133  132  132  132  131  132  131  131   3056
              1128   130  130  130  125  117  114  109  110  110  111  110  108  106  103   99   96   96   96  106  105  103   98   98  105   2615
              1129   110  108  111  111  107  107  108  104  101   94   96   94   95   95   95   94   92   92   92   92   92   92   91   90   2363
              1130    89   88   87   87   87   87   86   86   88   90   92  100  108  107  108  110  121  120  123  124  124  124  124  124   2484
              ------------------------------------------------------------------------------------------------------------------------------------
              TOTAL 3368 3365 3377 3361 3353 3363 3334 3323 3355 3381 3378 3361 3370 3387 3416 3455 3441 3458 3484 3480 3467 3425 3378 3354  81434
              MEAN   112  112  113  112  112  112  111  111  112  113  113  112  112  113  114  115  115  115  116  116  116  114  113  112   2714
              MAX    136  136  136  136  135  135  136  134  134  137  133  132  132  132  135  138  134  132  133  136  134  134  134  134   3106
                N     30   30   30   30   30   30   30   30   30   30   30   30   30   30   30   30   30   30   30   30   30   30   30   30     30
              NOTE                                                                                                                                
                                                                                                                                                  
                   *): WITH MISSING DATA; TOTAL,MEAN,MAXIMUM ESTIMATED                                                                            
                                                                                                                                                  
                                                                                                                                                  
                                                                                                                                                  
