                                                                                                                                                  
                                                                                                                                                  
                                                                *******************************                                                   
                                                                  DOWNWARD LONGWAVE RADIATION                                                     
                                                                *******************************                                                   
                                                                                                                  COUNTRY = JAPAN                 
                                                                                                                                                  
                                                                                                                                                  
                                                                     UNIT  = 0.01 MJ/m**2                                                         
                        STATION    : Tateno                                                                                                       
                        STATION NO.: 47646                                                                                                        
                        LOCATION   : 140ﾟ08' E                                                                                                    
                                      36ﾟ03' N                                                                                                    
                        ALTITUDE   :   25.2  m                                                                                                    
                        YEAR/MONTH : 2016/04                                                                                                      
                                                                                                                                                  
              DATE   -01  -02  -03  -04  -05  -06  -07  -08  -09  -10  -11  -12  -13  -14  -15  -16  -17  -18  -19  -20  -21  -22  -23  -24  TOTAL
                                                                                                                                                  
               4 1   115  127  122  114  113  108  109  107  108  109  110  108  109  110  112  114  117  121  117  118  123  125  124  124   2764
               4 2   123  123  123  123  123  123  123  124  125  125  126  127  128  129  129  129  129  129  129  129  128  129  129  129   3034
               4 3   129  129  130  130  130  130  130  130  131  130  131  132  133  134  132  129  122  119  118  115  119  120  122  124   3049
               4 4   130  134  137  137  138  139  140  142  144  145  144  141  126  133  133  136  132  130  129  130  130  129  127  127   3233
               4 5   127  127  128  128  128  127  126  125  125  125  125  126  126  127  127  127  127  126  125  126  125  107  101   99   2960
               4 6    98   99   96   95   95   95   94   97   98  101  104  106  108  113  117  115  116  114  116  113  114  116  116  117   2553
               4 7   122  127  125  124  130  132  132  132  132  133  135  134  134  136  137  136  135  135  136  135  135  137  137  123   3174
               4 8   119  117  113  110  107  108  109  108  114  120  127  133  132  134  131  123  123  115  111  109  122  123  120  121   2849
               4 9   117  124  109  106  106  102  105  111  112  111  112  114  119  126  126  127  127  126  125  125  124  121  117  112   2804
               410   112  110  108  107  108  109  111  112  112  117  123  124  128  130  130  131  131  126  119  109  110  114  113  125   2819
               411   129  130  130  130  128  125  127  127  126  115  103  104   94   98   96   92   91   90   89   89   89   90   93   90   2575
               412    87   87   85   84   84   83   83   85   85   87   91   93   94   96   97   99  100  101  105  109  118  126  122  113   2314
               413   124  125  128  129  130  130  130  130  130  131  131  132  132  134  132  120  133  130  134  134  136  137  137  137   3146
               414   137  138  139  139  139  138  136  135  137  137  138  138  138  137  136  140  139  136  137  131  130  131  128  131   3265
               415   127  120  120  116  107   98   98  100  101  100  100  100  101  102  102  101  101   98   96   95   94   95   95   95   2462
               416    94   94   96  111  118  115  119  117  124  122  118  130  129  135  127  122  120  123  115  118  120  111  110  112   2800
               417   117  132  132  130  131  133  132  133  134  135  139  143  143  144  140  130  127  124  121  120  119  119  118  116   3112
               418   117  120  117  116  116  116  116  118  131  123  121  133  137  140  137  136  135  135  133  131  130  128  129  129   3044
               419   131  130  127  118  110  104  103  105  107  108  115  112  112  111  113  114  116  127  131  128  127  121  103  101   2774
               420    99   99   98   97   96   96   97  100   99  100  101  104  106  106  108  109  110  113  111  115  111  113  115  113   2516
               421   116  122  123  124  124  124  124  125  128  135  139  136  134  135  135  137  135  138  140  138  136  136  137  137   3158
               422   138  138  137  136  135  135  129  118  121  129  130  118  119  123  123  125  131  132  133  135  134  134  133  133   3119
               423   133  133  133  133  132  132  131  131  125  134  139  137  136  135  128  127  132  133  135  135  136  137  140  140   3207
               424   143  142  141  141  138  135  134  132  133  132  126  125  122  113  113  115  124  123  121  121  123  119  124  129   3069
               425   130  130  131  130  126  127  127  129  117  112  115  117  123  126  124  124  124  123  123  121  117  118  118  119   2951
               426   119  119  117  115  112  111  112  115  125  125  128  131  126  126  128  130  128  125  123  121  119  120  121  120   2916
               427   118  118  122  133  135  132  120  117  120  122  124  125  127  127  128  133  129  128  127  125  127  128  130  132   3027
               428   133  136  135  134  133  135  135  135  135  136  136  137  137  137  139  139  139  138  137  136  135  135  134  132   3258
               429   132  129  131  122  113  113  115  120  107  120  115  118  126  123  116  111  117  113  101   98   98   97   97   97   2729
               430    97   96   96   97   96   96   98   99  100  102  103  105  107  112  122  123  123  113  112  110  109  110  115  117   2558
              ------------------------------------------------------------------------------------------------------------------------------------
              TOTAL 3613 3655 3629 3609 3581 3551 3545 3559 3586 3621 3649 3683 3686 3732 3718 3694 3713 3684 3649 3619 3638 3626 3605 3594  87239
              MEAN   120  122  121  120  119  118  118  119  120  121  122  123  123  124  124  123  124  123  122  121  121  121  120  120   2908
              MAX    143  142  141  141  139  139  140  142  144  145  144  143  143  144  140  140  139  138  140  138  136  137  140  140   3265
                N     30   30   30   30   30   30   30   30   30   30   30   30   30   30   30   30   30   30   30   30   30   30   30   30     30
              NOTE                                                                                                                                
                                                                                                                                                  
                   *): WITH MISSING DATA; TOTAL,MEAN,MAXIMUM ESTIMATED                                                                            
                                                                                                                                                  
                                                                                                                                                  
                                                                                                                                                  
