                                                                                                                                                  
                                                                                                                                                  
                                                                *******************************                                                   
                                                                  DOWNWARD LONGWAVE RADIATION                                                     
                                                                *******************************                                                   
                                                                                                                  COUNTRY = JAPAN                 
                                                                                                                                                  
                                                                                                                                                  
                                                                     UNIT  = 0.01 MJ/m**2                                                         
                        STATION    : Tateno                                                                                                       
                        STATION NO.: 47646                                                                                                        
                        LOCATION   : 140ﾟ08' E                                                                                                    
                                      36ﾟ03' N                                                                                                    
                        ALTITUDE   :   25.2  m                                                                                                    
                        YEAR/MONTH : 2016/01                                                                                                      
                                                                                                                                                  
              DATE   -01  -02  -03  -04  -05  -06  -07  -08  -09  -10  -11  -12  -13  -14  -15  -16  -17  -18  -19  -20  -21  -22  -23  -24  TOTAL
                                                                                                                                                  
               1 1    92   98  113  111   87   86   85   84   84   86   87   89   90   90   90   90   89   89   88   91  102  107  102   99   2229
               1 2    90   96  103   99  100   96   89   92   97   96   89   92   94   99   93   94   95   95   95   94   94   94   94   93   2273
               1 3    93   92   90   90   90   90   90   90   91   93   95   96   97   99  102  104  110  105  105  106  105  104   97   95   2329
               1 4    94   94   94   94   93   94   94   96   96  103  101  102  102  103  102  102  101  100   99   99   98   97   96   94   2348
               1 5    93   93   93   93   92   91   92   92   94   96   98   99  100  101  106  115  118  119  113  102  104   99   99   96   2398
               1 6   100  101  110  106  106  108  107  109  114  116  114  116  119  118  120  119  121  121  118  117  118  115  114  113   2720
               1 7   113  109  104   97   91   90   89   89   89   92   93   94   95   99  101  116  112  117  117  113  112   96   96  109   2433
               1 8   108   99   92   99   88   90   96   99  109  111  108  101   94   94   97   96   94   93   93   91   91   91   89   89   2312
               1 9    88   87   87   86   85   85   85   84   84   86   88   89   89   90   90   91   91   91   90   90  104  109  112  115   2196
               110   115  116  106   93   89   87   86   84   84   85   87   89   91   92   93   94   93   92   93   93   92   90   90   89   2223
               111    88   89   87   87   88   89   93   90   91   95  103  113  105  107  108  107  102  110  116  115  113  117  115  113   2441
               112   116  115  115  115  115  114  113  113  113  113  112  112  112  112  113  112  111  111  102   95   85   83   83   82   2567
               113    82   82   81   80   80   79   79   78   79   81   89   87   87   87   87   88   89   89   89   89   89   87   86   85   2029
               114    84   84   82   81   81   80   80   80   81   83   85   87   88   89   90   90   90   90   89   89   89   90   90   90   2062
               115    90   89   88   88   87   87   87   86   88   92   94   96   99   96   95   93   90   89   88   88   88   96  108  103   2205
               116   103  112  106  104  104   90   85   84   85   86   87   88   89   90   91   91   92   92   91   91   91  104  105  103   2264
               117   105   99  104   87   85   85   84   84   84   87   89   92  104  111  114  117  117  117  117  117  118  118  118  118   2471
               118   118  117  118  118  118  118  118  119  121  126  131  130  128  121  119  105  107   95   93   91   92   94   93   92   2682
               119    93  111  117  111  109   98   95   82   81   81   81   81   82   80   80   80   80   79   78   78   78   76   76   76   2083
               120    75   74   74   75   83   76   80   81   85   84   84   85   86   87   87   87   87   85   85   84   83   84   82   81   1974
               121    81   81   81   81   81   81   81   80   81   84   88   94   92   90   90   91   96   94   98  102  103   97  103  108   2158
               122   109  108  103   94   88   86   83   81   81   82   84   86   85   85   86   86   85   84   84   83   83   84   84   83   2097
               123    84   90   92  104  108  108  101  107  109  108  109  108  111  113  114  115  115  115  113  114  115  115  112  115   2595
               124   115  115  114  101   89  110  108   91   81   79   81   80   80   79   79   78   78   78   77   76   75   73   74   78   2089
               125    80   81   74   73   74   73   73   74   75   77   79   80   81   82   82   82   81   80   80   79   79   79   79   79   1876
               126    79   79   79   79   78   78   77   77   77   78   81   84   88   92   88   87   87   86   87   87   87   87   86   85   1993
               127    84   82   81   81   80   81   80   80   81   83   85   88   90   91   92   93   93   92   91   90   90   90   89   88   2075
               128    87   86   85   85   84   84   84   84   85   86   89   90   92   93   94   95   96   95   95   95   94   95   94  104   2171
               129   107  114  117  116  119  119  120  119  120  121  121  121  121  120  119  118  117  116  115  115  115  115  114  115   2814
               130   114  114  114  114  114  115  115  114  114  114  115  115  115  114  109  115  115  114  114  114  113  114  113  113   2735
               131   113  113  112  111   96   86   86   86   86   87   89   90   91   92   93   94   94   93   93   94   94   99  105  108   2305
              ------------------------------------------------------------------------------------------------------------------------------------
              TOTAL 2993 3020 3016 2953 2882 2854 2835 2809 2840 2891 2936 2974 2997 3016 3024 3045 3046 3026 3006 2982 2994 2999 2998 3011  71147
              MEAN    97   97   97   95   93   92   91   91   92   93   95   96   97   97   98   98   98   98   97   96   97   97   97   97   2295
              MAX    118  117  118  118  119  119  120  119  121  126  131  130  128  121  120  119  121  121  118  117  118  118  118  118   2814
                N     31   31   31   31   31   31   31   31   31   31   31   31   31   31   31   31   31   31   31   31   31   31   31   31     31
              NOTE                                                                                                                                
                                                                                                                                                  
                   *): WITH MISSING DATA; TOTAL,MEAN,MAXIMUM ESTIMATED                                                                            
                                                                                                                                                  
                                                                                                                                                  
