                                                                                                                                                  
                                                                                                                                                  
                                                                *******************************                                                   
                                                                  DOWNWARD LONGWAVE RADIATION                                                     
                                                                *******************************                                                   
                                                                                                                  COUNTRY = JAPAN                 
                                                                                                                                                  
                                                                                                                                                  
                                                                     UNIT  = 0.01 MJ/m**2                                                         
                        STATION    : Tateno                                                                                                       
                        STATION NO.: 47646                                                                                                        
                        LOCATION   : 140ﾟ08' E                                                                                                    
                                      36ﾟ03' N                                                                                                    
                        ALTITUDE   :   25.2  m                                                                                                    
                        YEAR/MONTH : 2017/06                                                                                                      
                                                                                                                                                  
              DATE   -01  -02  -03  -04  -05  -06  -07  -08  -09  -10  -11  -12  -13  -14  -15  -16  -17  -18  -19  -20  -21  -22  -23  -24  TOTAL
                                                                                                                                                  
               6 1   133  138  141  144  145  143  143  144  144  148  147  147  144  146  134  133  143  148  139  143  142  136  133  142   3400
               6 2   145  147  147  147  141  140  136  122  122  127  126  130  141  140  137  127  116  115  115  113  112  110  110  110   3076
               6 3   109  109  108  107  106  107  109  111  113  115  119  120  122  124  122  129  129  122  130  123  138  138  122  120   2852
               6 4   124  119  118  124  117  113  124  117  111  113  114  115  116  116  117  117  131  135  127  121  117  120  117  117   2860
               6 5   130  126  114  112  112  109  113  112  113  115  122  127  123  126  128  122  119  118  118  120  128  122  119  129   2877
               6 6   134  134  135  134  134  133  133  129  129  137  138  138  133  133  138  128  134  128  128  120  119  120  121  126   3136
               6 7   129  130  128  126  128  136  130  132  141  141  142  141  144  143  142  143  144  141  139  138  138  139  141  140   3296
               6 8   140  139  140  140  139  140  132  140  143  142  146  148  150  150  151  151  149  151  150  148  136  136  142  135   3438
               6 9   134  133  134  137  131  139  134  142  142  135  132  145  145  131  128  128  128  128  128  126  130  130  133  125   3198
               610   131  129  125  125  124  123  124  125  127  128  132  135  133  143  148  149  145  147  144  141  140  139  139  132   3228
               611   123  126  121  117  128  135  129  129  125  125  142  146  142  140  135  129  125  125  124  124  127  128  136  139   3120
               612   138  137  136  133  131  133  135  121  126  124  117  119  120  126  131  130  121  120  122  137  132  136  128  130   3083
               613   136  136  137  134  135  136  138  137  136  137  139  139  139  139  139  139  139  138  136  135  137  136  137  136   3290
               614   136  138  138  139  137  138  139  139  140  142  140  143  142  143  131  125  127  127  127  129  135  121  133  126   3235
               615   130  130  123  124  127  125  124  127  128  128  135  138  142  136  139  139  133  130  129  126  126  131  131  137   3138
               616   139  126  129  144  133  134  142  137  140  137  136  139  136  138  135  134  143  140  134  133  131  128  124  119   3231
               617   118  118  117  116  115  116  117  119  120  122  123  124  124  123  123  124  124  123  121  121  122  124  123  130   2907
               618   130  130  121  122  126  128  129  132  132  143  144  142  145  146  144  144  144  143  142  143  140  140  141  143   3294
               619   142  139  137  134  134  136  137  135  131  127  133  140  138  137  134  130  126  124  122  124  125  122  120  119   3146
               620   117  126  136  119  116  116  117  119  121  126  129  131  133  136  138  141  139  138  136  138  148  138  141  139   3138
               621   138  140  140  142  143  146  146  146  149  148  149  150  149  149  151  152  153  156  154  150  155  154  153  151   3564
               622   148  138  135  132  136  135  137  138  137  138  142  144  139  136  133  136  137  137  137  137  137  135  131  129   3284
               623   129  127  126  126  125  125  126  128  132  135  136  141  141  146  140  139  140  138  137  136  135  134  132  131   3205
               624   130  131  137  141  131  131  132  136  140  141  145  141  138  139  139  140  141  141  139  138  137  137  138  142   3305
               625   143  145  144  145  147  149  148  151  152  150  151  151  148  150  151  152  154  153  151  147  147  149  146  148   3572
               626   142  147  151  151  150  149  148  147  147  147  145  147  145  144  146  147  143  142  139  138  139  141  144  145   3484
               627   143  144  144  145  147  149  148  149  148  149  146  149  152  149  147  143  143  149  146  143  141  143  144  146   3507
               628   143  143  144  148  148  147  146  144  146  148  150  149  148  150  146  147  150  148  147  145  147  138  139  134   3495
               629   142  143  148  148  148  148  141  139  140  146  149  149  150  150  149  153  149  148  147  148  148  149  148  148   3528
               630   148  150  151  149  151  150  150  152  151  150  153  152  154  153  154  151  151  152  150  146  140  146  147  140   3591
              ------------------------------------------------------------------------------------------------------------------------------------
              TOTAL 4024 4018 4005 4005 3985 4009 4007 3999 4026 4064 4122 4180 4176 4182 4150 4122 4120 4105 4058 4031 4049 4020 4013 4008  97478
              MEAN   134  134  134  134  133  134  134  133  134  135  137  139  139  139  138  137  137  137  135  134  135  134  134  134   3249
              MAX    148  150  151  151  151  150  150  152  152  150  153  152  154  153  154  153  154  156  154  150  155  154  153  151   3591
                N     30   30   30   30   30   30   30   30   30   30   30   30   30   30   30   30   30   30   30   30   30   30   30   30     30
              NOTE                                                                                                                                
                                                                                                                                                  
                   *): WITH MISSING DATA; TOTAL,MEAN,MAXIMUM ESTIMATED                                                                            
                                                                                                                                                  
                                                                                                                                                  
                                                                                                                                                  
