                                                                                                                                                  
                                                                                                                                                  
                                                                *******************************                                                   
                                                                  DOWNWARD LONGWAVE RADIATION                                                     
                                                                *******************************                                                   
                                                                                                                  COUNTRY = JAPAN                 
                                                                                                                                                  
                                                                                                                                                  
                                                                     UNIT  = 0.01 MJ/m**2                                                         
                        STATION    : Tateno                                                                                                       
                        STATION NO.: 47646                                                                                                        
                        LOCATION   : 140ﾟ08' E                                                                                                    
                                      36ﾟ03' N                                                                                                    
                        ALTITUDE   :   25.2  m                                                                                                    
                        YEAR/MONTH : 2017/09                                                                                                      
                                                                                                                                                  
              DATE   -01  -02  -03  -04  -05  -06  -07  -08  -09  -10  -11  -12  -13  -14  -15  -16  -17  -18  -19  -20  -21  -22  -23  -24  TOTAL
                                                                                                                                                  
               9 1   146  144  145  144  143  141  140  140  144  146  144  141  141  147  148  147  145  144  145  145  143  143  141  141   3448
               9 2   142  142  141  141  141  142  142  141  142  143  143  141  129  132  138  130  132  130  126  124  123  122  121  120   3228
               9 3   119  120  118  116  117  117  118  121  123  126  132  139  137  140  134  133  133  135  136  135  130  130  130  131   3070
               9 4   144  145  135  133  138  145  145  148  148  148  147  146  147  147  146  147  148  148  145  145  149  148  146  149   3487
               9 5   148  148  147  147  147  146  148  144  134  148  153  149  145  142  143  139  139  141  146  146  147  149  143  145   3484
               9 6   147  147  148  148  149  150  151  150  149  149  151  152  152  151  151  151  151  151  150  150  150  150  150  149   3597
               9 7   142  147  149  148  148  148  150  150  151  152  151  153  153  153  153  153  153  152  152  152  152  152  152  151   3617
               9 8   151  151  152  151  151  152  151  152  152  151  152  151  148  144  141  135  135  134  143  136  130  129  133  132   3457
               9 9   142  138  131  129  133  133  129  130  133  137  139  143  145  143  137  135  133  133  134  134  131  130  129  128   3229
               910   128  131  140  138  138  135  135  135  139  144  144  146  143  146  145  144  143  140  139  138  138  135  134  134   3332
               911   134  135  137  137  134  137  137  138  143  146  144  151  148  150  149  149  148  151  149  152  150  151  154  154   3478
               912   154  154  154  154  154  155  156  152  156  158  159  159  158  155  156  152  151  153  152  149  144  144  141  144   3664
               913   139  141  144  147  145  143  135  136  140  139  140  142  146  148  151  145  143  141  140  143  145  153  145  141   3432
               914   144  143  146  148  151  147  145  145  151  140  143  152  150  140  138  137  137  141  135  142  136  138  145  144   3438
               915   142  142  141  143  145  143  140  127  125  126  129  135  134  136  132  134  133  133  130  126  124  124  123  133   3200
               916   128  128  127  127  133  133  136  131  134  139  139  138  138  139  140  141  141  139  141  141  140  141  142  143   3279
               917   143  142  142  143  144  144  144  145  145  147  147  149  149  149  149  150  150  152  153  154  155  157  158  157   3568
               918   151  156  159  152  147  144  141  139  140  139  141  144  146  146  146  145  147  141  138  136  134  143  145  142   3462
               919   144  147  145  145  135  130  140  141  145  138  135  150  149  144  138  141  138  136  135  138  139  139  139  141   3372
               920   142  140  140  137  138  140  143  142  142  143  144  145  145  145  144  143  143  142  142  141  137  133  132  128   3371
               921   128  131  129  123  121  118  118  120  124  125  126  128  129  130  132  133  135  131  133  132  140  137  133  138   3094
               922   140  142  142  139  128  130  129  135  132  136  144  147  149  149  144  149  151  149  148  149  147  148  149  148   3424
               923   147  147  146  145  145  145  144  143  143  143  145  140  137  137  133  133  132  133  131  128  129  137  138  131   3332
               924   134  132  134  133  133  133  129  131  130  139  130  142  138  140  136  137  139  144  149  139  133  130  129  129   3243
               925   140  133  134  139  138  130  135  143  134  138  147  146  147  147  148  139  141  142  140  146  148  143  134  124   3356
               926   126  128  128  129  131  125  125  126  131  130  142  139  141  140  135  135  137  134  139  132  131  131  130  130   3175
               927   130  130  129  129  133  135  135  140  140  139  147  150  147  150  149  146  146  146  145  144  146  144  144  146   3390
               928   149  148  148  147  147  148  149  150  149  148  148  149  147  152  152  151  146  142  141  139  138  138  139  138   3503
               929   137  132  122  130  126  112  112  113  114  115  116  118  120  120  122  126  125  123  122  122  122  123  127  126   2925
               930   125  122  126  125  131  126  129  133  138  136  131  135  135  133  132  128  125  121  121  121  120  120  119  117   3049
              ------------------------------------------------------------------------------------------------------------------------------------
              TOTAL 4186 4186 4179 4167 4164 4127 4131 4141 4171 4208 4253 4320 4293 4295 4262 4228 4220 4202 4200 4179 4151 4162 4145 4134 100704
              MEAN   140  140  139  139  139  138  138  138  139  140  142  144  143  143  142  141  141  140  140  139  138  139  138  138   3357
              MAX    154  156  159  154  154  155  156  152  156  158  159  159  158  155  156  153  153  153  153  154  155  157  158  157   3664
                N     30   30   30   30   30   30   30   30   30   30   30   30   30   30   30   30   30   30   30   30   30   30   30   30     30
              NOTE                                                                                                                                
                                                                                                                                                  
                   *): WITH MISSING DATA; TOTAL,MEAN,MAXIMUM ESTIMATED                                                                            
                                                                                                                                                  
                                                                                                                                                  
                                                                                                                                                  
