                                                                                                                                                  
                                                                                                                                                  
                                                                *******************************                                                   
                                                                  DOWNWARD LONGWAVE RADIATION                                                     
                                                                *******************************                                                   
                                                                                                                  COUNTRY = JAPAN                 
                                                                                                                                                  
                                                                                                                                                  
                                                                     UNIT  = 0.01 MJ/m**2                                                         
                        STATION    : Tateno                                                                                                       
                        STATION NO.: 47646                                                                                                        
                        LOCATION   : 140ﾟ08' E                                                                                                    
                                      36ﾟ03' N                                                                                                    
                        ALTITUDE   :   25.2  m                                                                                                    
                        YEAR/MONTH : 2017/05                                                                                                      
                                                                                                                                                  
              DATE   -01  -02  -03  -04  -05  -06  -07  -08  -09  -10  -11  -12  -13  -14  -15  -16  -17  -18  -19  -20  -21  -22  -23  -24  TOTAL
                                                                                                                                                  
               5 1   112  111  110  110  110  110  111  113  115  122  132  140  138  139  135  133  118  111  114  111  118  107  100   98   2818
               5 2    97   96  100  100   99   97   96   98  100  102  104  106  107  108  109  110  109  109  108  106  105  105  105  104   2480
               5 3   104  104  104  104  105  106  106  108  109  113  118  117  115  115  119  118  120  121  120  120  118  119  119  118   2720
               5 4   120  119  116  116  120  119  118  116  113  119  118  124  127  123  130  123  116  116  116  122  119  114  113  112   2849
               5 5   112  112  112  112  112  112  114  121  125  126  125  123  122  123  124  126  130  126  124  121  119  118  118  118   2875
               5 6   126  127  115  114  123  132  138  130  127  130  132  135  143  147  144  135  134  134  132  132  132  135  143  132   3172
               5 7   141  135  141  146  145  143  141  139  132  137  132  134  136  135  134  132  128  137  139  131  119  109  108  107   3181
               5 8   106  106  106  108  108  107  107  109  111  113  116  119  121  121  122  124  125  124  123  122  121  122  127  122   2790
               5 9   119  115  112  113  115  113  116  120  122  124  125  126  127  128  129  128  129  130  131  131  131  132  133  134   2983
               510   136  139  137  137  138  138  139  139  139  139  139  138  139  139  139  140  141  140  139  139  138  138  138  138   3326
               511   133  134  130  133  129  117  117  120  119  121  124  125  133  135  133  131  138  140  137  137  133  131  122  120   3092
               512   119  119  120  121  119  118  125  120  123  127  129  129  131  132  136  138  138  136  135  138  140  140  142  143   3118
               513   144  142  144  144  144  145  146  145  143  142  143  143  142  141  141  141  142  142  142  142  142  141  131  139   3411
               514   140  140  141  140  140  140  139  139  140  140  141  141  141  141  140  141  140  140  133  134  125  130  121  122   3289
               515   131  135  135  136  136  137  138  137  138  139  139  140  139  140  141  139  139  141  142  142  141  140  140  140   3325
               516   140  139  132  135  123  127  133  115  123  120  125  128  133  132  129  136  131  131  130  130  133  133  139  140   3137
               517   139  136  138  134  129  133  135  133  134  136  136  136  135  138  137  136  135  128  127  126  126  118  122  117   3164
               518   134  129  129  136  118  122  124  127  136  135  139  139  135  124  120  126  121  120  119  119  118  117  116  115   3018
               519   115  114  114  113  113  119  123  116  118  120  122  123  123  125  128  134  134  126  124  122  121  119  118  118   2902
               520   117  117  117  117  116  116  117  119  121  124  127  130  131  132  133  134  136  133  133  130  128  126  124  123   3001
               521   123  122  122  121  121  121  122  125  127  129  132  134  136  137  135  136  137  134  131  131  128  125  124  125   3078
               522   124  123  123  123  122  122  125  127  130  131  133  134  133  130  129  127  125  124  122  122  123  121  120  121   3014
               523   120  120  120  119  119  119  121  124  132  145  143  130  128  125  123  120  121  120  123  122  122  121  122  123   2982
               524   124  124  128  129  132  129  129  140  144  147  149  146  143  143  143  144  144  143  143  143  145  141  141  140   3334
               525   142  141  141  143  144  146  147  146  147  148  146  148  148  147  146  145  144  142  142  140  139  141  140  139   3452
               526   139  141  141  141  141  141  142  142  142  142  142  143  143  143  143  143  143  143  141  139  134  140  142  142   3393
               527   142  141  141  141  141  141  141  142  142  142  142  141  139  137  135  137  125  125  125  129  125  131  133  137   3275
               528   136  138  138  135  134  133  137  137  122  125  129  134  140  136  127  128  127  127  133  129  138  133  133  130   3179
               529   126  121  120  120  120  120  127  126  131  126  131  128  127  129  130  130  130  128  125  125  125  124  123  122   3014
               530   122  122  121  121  121  121  122  125  127  130  133  135  137  137  138  136  136  138  138  137  135  133  130  131   3126
               531   130  134  135  134  135  134  135  137  139  142  144  146  145  144  139  140  141  138  136  133  133  132  137  135   3298
              ------------------------------------------------------------------------------------------------------------------------------------
              TOTAL 3913 3896 3883 3896 3872 3878 3931 3935 3971 4036 4090 4115 4137 4126 4111 4111 4077 4047 4027 4005 3974 3936 3924 3905  95796
              MEAN   126  126  125  126  125  125  127  127  128  130  132  133  133  133  133  133  132  131  130  129  128  127  127  126   3090
              MAX    144  142  144  146  145  146  147  146  147  148  149  148  148  147  146  145  144  143  143  143  145  141  143  143   3452
                N     31   31   31   31   31   31   31   31   31   31   31   31   31   31   31   31   31   31   31   31   31   31   31   31     31
              NOTE                                                                                                                                
                                                                                                                                                  
                   *): WITH MISSING DATA; TOTAL,MEAN,MAXIMUM ESTIMATED                                                                            
                                                                                                                                                  
                                                                                                                                                  
