                                                                                                                                                  
                                                                                                                                                  
                                                                *******************************                                                   
                                                                  DOWNWARD LONGWAVE RADIATION                                                     
                                                                *******************************                                                   
                                                                                                                  COUNTRY = JAPAN                 
                                                                                                                                                  
                                                                                                                                                  
                                                                     UNIT  = 0.01 MJ/m**2                                                         
                        STATION    : Tateno                                                                                                       
                        STATION NO.: 47646                                                                                                        
                        LOCATION   : 140ﾟ08' E                                                                                                    
                                      36ﾟ03' N                                                                                                    
                        ALTITUDE   :   25.2  m                                                                                                    
                        YEAR/MONTH : 2017/07                                                                                                      
                                                                                                                                                  
              DATE   -01  -02  -03  -04  -05  -06  -07  -08  -09  -10  -11  -12  -13  -14  -15  -16  -17  -18  -19  -20  -21  -22  -23  -24  TOTAL
                                                                                                                                                  
               7 1   143  149  149  147  150  152  151  153  152  152  154  154  153  150  151  149  146  145  142  144  147  147  146  146   3572
               7 2   146  149  150  150  148  148  147  149  148  145  147  149  151  158  158  158  156  157  156  154  152  152  153  153   3634
               7 3   153  152  152  152  151  151  152  150  146  149  151  153  152  153  155  155  154  153  152  150  149  150  151  150   3636
               7 4   148  150  153  153  152  153  155  155  152  156  155  156  156  158  159  159  154  154  156  157  156  156  155  154   3712
               7 5   151  143  140  139  137  139  144  144  144  149  147  151  152  158  162  160  158  155  152  153  153  153  151  151   3586
               7 6   150  147  147  149  151  150  151  150  150  147  141  141  142  141  141  142  142  147  144  140  141  140  141  149   3484
               7 7   148  147  144  141  147  141  138  141  150  149  147  151  153  155  153  154  149  146  145  143  142  142  141  141   3508
               7 8   139  139  139  139  138  138  139  141  143  146  149  155  155  152  153  152  150  148  147  146  144  142  140  139   3473
               7 9   139  138  137  137  136  136  138  140  142  143  144  146  146  144  145  145  147  144  141  139  139  138  138  138   3380
               710   137  136  135  135  135  135  138  149  149  144  145  145  144  144  143  143  145  144  141  140  139  139  139  138   3382
               711   136  137  153  148  138  140  142  150  148  151  154  147  150  148  147  147  146  144  143  143  143  144  146  149   3494
               712   148  148  147  151  149  146  150  157  155  158  161  162  160  156  154  154  154  158  159  155  155  159  156  155   3707
               713   159  160  154  149  149  153  158  161  157  160  156  155  154  154  154  154  152  156  156  154  153  152  152  154   3716
               714   152  146  146  145  147  151  146  148  148  150  153  149  146  145  145  148  146  148  144  143  142  139  137  137   3501
               715   137  135  134  134  134  134  135  142  155  150  147  149  150  150  148  148  153  152  148  148  147  146  148  146   3470
               716   148  150  149  146  143  144  147  147  152  153  157  160  161  164  163  162  161  157  156  160  150  147  149  147   3673
               717   149  153  153  154  154  155  157  153  147  148  150  154  158  156  155  156  152  151  148  147  146  152  159  156   3663
               718   154  156  148  141  141  145  144  147  149  152  149  156  152  150  149  152  146  148  145  144  139  138  136  136   3517
               719   135  135  136  148  136  140  150  152  152  148  156  151  144  143  147  152  153  153  150  144  143  141  150  151   3510
               720   148  140  140  142  143  141  141  150  156  152  154  154  154  155  155  157  153  151  149  148  147  145  144  143   3562
               721   143  144  144  143  143  143  146  156  155  151  151  152  155  158  151  150  150  149  148  147  145  145  144  145   3558
               722   144  146  143  143  143  143  146  150  155  156  162  158  152  151  151  153  154  155  153  149  147  148  145  145   3592
               723   146  148  150  151  152  150  154  155  155  155  156  156  156  156  156  157  157  157  157  156  156  155  155  155   3701
               724   153  154  155  155  153  153  153  156  156  156  157  160  159  158  159  159  157  156  157  158  157  158  157  156   3752
               725   155  153  155  158  158  157  158  160  160  160  166  167  167  167  165  163  162  160  159  158  159  158  157  157   3839
               726   156  155  155  155  155  155  155  155  156  156  156  156  156  156  155  155  153  153  152  152  152  152  150  151   3702
               727   151  153  153  153  153  153  152  152  153  153  153  154  155  155  155  154  154  154  154  154  153  153  153  153   3680
               728   154  154  154  154  154  154  155  155  156  155  151  153  152  153  149  148  147  149  148  146  145  147  145  147   3625
               729   152  153  153  155  155  154  153  153  157  158  159  161  159  158  160  159  159  159  158  156  155  154  156  155   3751
               730   156  156  154  152  152  152  153  155  154  154  155  156  158  158  155  156  155  154  154  154  151  150  150  152   3696
               731   152  144  143  150  146  142  142  147  151  155  153  160  159  157  162  160  161  160  154  152  151  150  150  148   3649
              ------------------------------------------------------------------------------------------------------------------------------------
              TOTAL 4582 4570 4565 4569 4543 4548 4590 4673 4703 4711 4736 4771 4761 4761 4755 4761 4726 4717 4668 4634 4598 4592 4594 4597 111725
              MEAN   148  147  147  147  147  147  148  151  152  152  153  154  154  154  153  154  152  152  151  149  148  148  148  148   3604
              MAX    159  160  155  158  158  157  158  161  160  160  166  167  167  167  165  163  162  160  159  160  159  159  159  157   3839
                N     31   31   31   31   31   31   31   31   31   31   31   31   31   31   31   31   31   31   31   31   31   31   31   31     31
              NOTE                                                                                                                                
                                                                                                                                                  
                   *): WITH MISSING DATA; TOTAL,MEAN,MAXIMUM ESTIMATED                                                                            
                                                                                                                                                  
                                                                                                                                                  
