                                                                                                                                                  
                                                                                                                                                  
                                                                *******************************                                                   
                                                                  DOWNWARD LONGWAVE RADIATION                                                     
                                                                *******************************                                                   
                                                                                                                  COUNTRY = JAPAN                 
                                                                                                                                                  
                                                                                                                                                  
                                                                     UNIT  = 0.01 MJ/m**2                                                         
                        STATION    : Tateno                                                                                                       
                        STATION NO.: 47646                                                                                                        
                        LOCATION   : 140ﾟ08' E                                                                                                    
                                      36ﾟ03' N                                                                                                    
                        ALTITUDE   :   25.2  m                                                                                                    
                        YEAR/MONTH : 2017/12                                                                                                      
                                                                                                                                                  
              DATE   -01  -02  -03  -04  -05  -06  -07  -08  -09  -10  -11  -12  -13  -14  -15  -16  -17  -18  -19  -20  -21  -22  -23  -24  TOTAL
                                                                                                                                                  
              12 1   124  124  124  124  124  123  122  122  121  121  121  116  120  116  116  108  108  121  119  121  116  111   96   98   2816
              12 2    95   91   90  100   90   91   86   86   87   88   89   90   91   93   92   92   94   92   92   93   94   94   96  100   2206
              12 3   102  103  104  101  103  110  110  109  107  101   95   96   97   97   97   96   96   96   96   96   96   94   94   94   2390
              12 4    94   93   92   92   92   92   93   96  104  112  110  121  129  127  123  123  125  125  123  125  124  123  117  114   2669
              12 5   108  121  124  123  123  123  111  108  118   99   92   94   96   99   98  102  102  107  107   93   89   88   87   87   2499
              12 6    86   86   84   84   83   83   83   83   85   86   88   90   89   89   89   90   92   99   95   97   93   89   89   89   2121
              12 7    88   88   89   87   87   87   87   88   95   91   92   93   96   98   96   97   95   95   99   99   97   92   91   91   2218
              12 8    88   87   88   89   89   88   88   89   94  103  105  110  113  115  115  116  118  120  121  118  116  116  113  109   2508
              12 9   111   90   84   82   81   88   85   82   82   83   84   85   87   88   89   89   89   89   88   89   88   89   88   87   2097
              1210    86   87   92   89   84   92   98   96   87   88   90   91   93   94   98  104  102  107  103  103   97   94   93   92   2260
              1211    92   93   94  107  112  114  107  102   92   94   96   97   99  100   99  100  102  101   97   94   92   98   89   84   2355
              1212    82   82   82   81   81   81   81   80   82   83   83   84   86   86   86   87   91   92   89   91   89   88   86   83   2036
              1213    83   83   82   81   81   80   80   80   81   83   84   85   86   87   88   91   91   90   85   83   81   81   80   79   2005
              1214    79   79   79   79   79   79   79   79   80   82   84   86   86   86   87   88   88   87   95   92   85   84   87   87   2016
              1215    89   90   93   98   94   94   91   86   85   92  103  111  112  113  114  115  106   93   93  103  113  111  115  111   2425
              1216   104  110  108  105   94   93   94   91   92   93   92   94   95   98  101  103  104  103  100  101  103  105  109   94   2386
              1217    91   93  105  101   85   83   83   84   85   89   88   87   88   84   84   82   83   82   81   80   80   80   83   79   2060
              1218    79   79   79   78   78   78   78   78   79   81   90   92   92   89   89   89   89   88   88   87   87   86   86   85   2024
              1219    85   84   83   83   83   83   83   83   84   86   88   90   91   92   93   94   93   91   88   87   86   85   84   84   2083
              1220    83   82   85   96   95   97   97   94  103   95   86   90   89   93   94   90   90   93   90   90   89   89   88   87   2185
              1221    85   84   84   83   84   83   85   87   89   89   89   90   91   92   92   92   92   92   91   91   91   90   89   88   2123
              1222    87   86   86   86   85   85   86   90  100  111  109  103   99   92   92   92   92   91   91   91   91   92   92   91   2220
              1223    91   89   87   86   85   85   84   84   86   87   89   92   93   95   96   96   98   98   99   97   94   93   92   92   2188
              1224    91   90   90   92   94  100  107  113  116  119  122  123  120  115  117  112  109  112  111  114  115  119  120  125   2646
              1225   125  126  127  128  127  126  109   96   93   95   96   95   95   93   93   92   91   90   89   88   87   87   86   86   2420
              1226    86   86   91  100  101   97   93   91   86   87   89   90   91   93   94   94   90   88   86   86   85   84   83   83   2154
              1227    82   82   81   80   81   79   79   79   79   81   81   92   90   84   82   82   80   80   79   79   79   79   79   79   1948
              1228    79   78   78   78   78   78   79   79   80   81   83   84   86   85   84   83   82   81   80   80   80   80   81   81   1938
              1229    81   81   81   82   80   79   79   79   81   82   83   84   86   87   87   87   87   87  104  107   95   89   84   83   2055
              1230    83   82   82   81   81   81   81   81   82   84   87   88   89   90   90   89   89   88   87   86   89   87   86   85   2048
              1231    85   88   92   98  104  112  112  110  113  114  115  116  117  118  117  119  116  117  119  119  114   90   89   88   2582
              ------------------------------------------------------------------------------------------------------------------------------------
              TOTAL 2824 2817 2840 2874 2838 2864 2830 2805 2848 2880 2903 2959 2992 2988 2992 2994 2984 2995 2985 2980 2935 2887 2852 2815  69681
              MEAN    91   91   92   93   92   92   91   90   92   93   94   95   97   96   97   97   96   97   96   96   95   93   92   91   2248
              MAX    125  126  127  128  127  126  122  122  121  121  122  123  129  127  123  123  125  125  123  125  124  123  120  125   2816
                N     31   31   31   31   31   31   31   31   31   31   31   31   31   31   31   31   31   31   31   31   31   31   31   31     31
              NOTE                                                                                                                                
                                                                                                                                                  
                   *): WITH MISSING DATA; TOTAL,MEAN,MAXIMUM ESTIMATED                                                                            
                                                                                                                                                  
                                                                                                                                                  
