                                                                                                                                                  
                                                                                                                                                  
                                                                *******************************                                                   
                                                                  DOWNWARD LONGWAVE RADIATION                                                     
                                                                *******************************                                                   
                                                                                                                  COUNTRY = JAPAN                 
                                                                                                                                                  
                                                                                                                                                  
                                                                     UNIT  = 0.01 MJ/m**2                                                         
                        STATION    : Tateno                                                                                                       
                        STATION NO.: 47646                                                                                                        
                        LOCATION   : 140ﾟ08' E                                                                                                    
                                      36ﾟ03' N                                                                                                    
                        ALTITUDE   :   25.2  m                                                                                                    
                        YEAR/MONTH : 2017/03                                                                                                      
                                                                                                                                                  
              DATE   -01  -02  -03  -04  -05  -06  -07  -08  -09  -10  -11  -12  -13  -14  -15  -16  -17  -18  -19  -20  -21  -22  -23  -24  TOTAL
                                                                                                                                                  
               3 1    86   86   86   86   85   85   85   98  102   94   96  101  103  109  108  100   97  105  111  115  117  120  121  121   2417
               3 2   121  120  120  120  119  120  120  120  121  122  122  124  125  126  125  124  125  125  126  122  121  123  122  121   2934
               3 3   111  115  114  109   98   93   91   91   92   93   95   95   95   94   93   91   89   88   85   85   85   85   85   85   2257
               3 4    85   84   84   95   87   86   86   89   92   93   95  101  102   98   98   98   98   97   97   98   97   96   95   95   2246
               3 5    94   93   92   92   92   92   91   91   94   97  100  103  103  106  110  111  113  114  116  115  112  109  101  112   2453
               3 6   109   99  105  103  109  113  113  106  107  117  121  122  123  123  125  122  120  121  125  125  111  108   98   96   2721
               3 7    96   96   93  101  108  112  113  112  111  110  113  115  115  115  117  106  100  110   90   86   87   85   83   82   2456
               3 8    81   81   87   80   80   80   80   80   81   83   85   85   86   88   93   98  100  102   91   88   87   86   86   85   2073
               3 9    85   83   82   81   81   80   80   80   82   85   87   88   89   91   91   92   92   91   90   90   91   91   91   90   2083
               310    89   89   88   86   86   87   91   95   93   91   92   98  102  101   95   90   91   90   95   87   87   86   93   96   2198
               311    86   85   86   87   84   84   84   84   86   87   88   89   92  107  102   93   91   90   90   91   94   91   91   88   2150
               312   101   89   85   85   85   84   88   88   90   94   96   96   91   94   94   93   93   95   97   99  108  111  118  118   2292
               313   118  118  118  118  117  118  118  118  119  120  121  120  115  122  123  117  110  119  120  114  114  113  121  122   2833
               314   122  121  121  122  122  122  122  123  123  119  124  124  125  125  124  125  123  125  123  121  120  118  116  116   2926
               315   118  119  118  118  117  117  116  116  115  115  114  114  113  112  112  110  107  105  103  101  102  102  101   98   2663
               316    99   96   89   88   87   86   87   88   89   91   92   94   97  103  105   93   93   95  103   98   95   93   92   90   2243
               317    88   87   86   87   84   83   83   84   86   88   89   90   91   93   95   95  107  112  117  118  116  103  100   92   2274
               318    88   87   86   86   87   87   88   88   92   91   94   97  103  101  101  106  108  106  100   99   98   95   95   92   2275
               319    91   90   90   90   91   91   92   93   94   96   98  102  108  115  110  103  101  104  118  114  107  100   97   96   2391
               320    93   90   91   91   91   90   90   90   91   93   95   96   98   98   99   99  100  103  107  111  113  115  115  116   2375
               321   119  118  123  124  123  121  122  125  125  127  127  126  127  128  128  128  127  126  125  125  124  123  122  118   2981
               322   107   96   94  102  115  105  104   89   89   91   92   94   98  103  103   98   95   93   91   95  102  109  108   92   2365
               323    91   88   88   93   94   89   91   99  105  107  109  109  107  102  100   98  101  101   95   96  100  110  108  111   2392
               324   112  108  106  110  116  112  104  103  103   92   90  102   95   88   90   96   94   88   86   84   84   83   82   83   2311
               325    83   82   83   84   81   80   80   81   83   86   86   87   90   93   96   93   91   91   91   91   95  104  112  115   2158
               326   115  116  115  116  117  119  118  112  115  115  120  122  123  124  124  123  117  118  123  122  122  123  123  123   2865
               327   122  123  122  121  117  116  116  116  117  118  118  117  117  118  117  115  113  105  102  111  105  108  101   95   2730
               328    90   90   89   92   93   89   86   91   93   90   95   98   95   95   97  110  119  120  119   99  106  119  120  121   2416
               329   111   97   92   91   90   89   89   90   94  100  103  104  100  102  105  101  105  101   99   95   95   95   96   96   2340
               330    96   96   96  100  100   98   98   93   94   96   98  100  102  104  106  105  106  106  106  106  105  104  102   99   2416
               331    98   96   98  101   91   95  104  106  110  116  118  120  121  119  119  118  119  120  120  119  119  119  119  119   2684
              ------------------------------------------------------------------------------------------------------------------------------------
              TOTAL 3105 3038 3027 3059 3047 3023 3030 3039 3088 3117 3173 3233 3251 3297 3305 3251 3245 3266 3261 3220 3219 3227 3214 3183  75918
              MEAN   100   98   98   99   98   98   98   98  100  101  102  104  105  106  107  105  105  105  105  104  104  104  104  103   2449
              MAX    122  123  123  124  123  122  122  125  125  127  127  126  127  128  128  128  127  126  126  125  124  123  123  123   2981
                N     31   31   31   31   31   31   31   31   31   31   31   31   31   31   31   31   31   31   31   31   31   31   31   31     31
              NOTE                                                                                                                                
                                                                                                                                                  
                   *): WITH MISSING DATA; TOTAL,MEAN,MAXIMUM ESTIMATED                                                                            
                                                                                                                                                  
                                                                                                                                                  
