                                                                                                                                                  
                                                                                                                                                  
                                                                *******************************                                                   
                                                                  DOWNWARD LONGWAVE RADIATION                                                     
                                                                *******************************                                                   
                                                                                                                  COUNTRY = JAPAN                 
                                                                                                                                                  
                                                                                                                                                  
                                                                     UNIT  = 0.01 MJ/m**2                                                         
                        STATION    : Tateno                                                                                                       
                        STATION NO.: 47646                                                                                                        
                        LOCATION   : 140ﾟ08' E                                                                                                    
                                      36ﾟ03' N                                                                                                    
                        ALTITUDE   :   25.2  m                                                                                                    
                        YEAR/MONTH : 2017/11                                                                                                      
                                                                                                                                                  
              DATE   -01  -02  -03  -04  -05  -06  -07  -08  -09  -10  -11  -12  -13  -14  -15  -16  -17  -18  -19  -20  -21  -22  -23  -24  TOTAL
                                                                                                                                                  
              11 1   102  106  112  116  122  117  119  124  108  114  118  119  128  118  123  117  114  113  111  110  110  108  107  106   2742
              11 2   105  104  103  102  102  102  102  105  108  110  114  115  115  115  115  114  115  113  112  114  123  134  136  135   2713
              11 3   136  135  134  133  133  133  124  121  117  113  113  115  117  119  119  121  121  116  117  124  124  127  129  123   2964
              11 4   128  128  130  127  125  122  122  119  117  116  118  125  134  138  138  135  134  132  129  126  124  110  100   98   2975
              11 5    99   98   95   95   94   94   95   95   97   98  100  101  102  102  103  102  101  101  101  101  100  100  100  101   2375
              11 6   102  100  100   99   99   98   98  100  101  103  106  109  110  111  112  115  114  111  111  112  111  111  109  106   2548
              11 7   105  104  102  102  102  100   99  100  101  104  106  107  109  112  114  116  117  118  119  122  121  121  123  122   2646
              11 8   122  122  125  126  127  129  129  135  130  133  129  130  131  131  131  130  128  127  121  113  111  112  112  107   2991
              11 9   107  107  105  105  104  104  103  102  102  103  103  104  104  103  103  102  101  100   98   97   95   94   93   93   2432
              1110    93   94   94   94  107  103   97   95   99  104  126  129  125  117  124  118  119  129  113  108  106  105  105  105   2609
              1111   112  115  115  113  112  112  115  125  125  128  116  119  126  129  125  112  117  104  101  100   97   95   94   93   2700
              1112    92   92   91   91   91   91   91   91   93   94   96   97   98   98   98   98   98   98   98   97   97   97  111  109   2307
              1113    98   95   95   94   94   94   94   95  115  114  113  117  125  115  114  113  116  117  118  133  131  124  126  126   2676
              1114   131  132  132  133  134  134  133  132  131  135  134  136  131  131  132  131  130  130  129  128  125  115  105  105   3089
              1115   103  101  104  116  118  124  120  123  128  125  124  125  123  124  117  119  108  107  111  124  115  122  112  113   2806
              1116   102  101   96   95   95   94   93   93   93   94   96   97   98  102  117  117  112  103  110  102  102   98   94   97   2401
              1117   102  101  102  103  109   97   88   89   91   92   94   95   96   97   98   98   99  100  101  103  108  115  108  115   2401
              1118   114  112  114  115  116  116  116  118  116  118  122  123  123  124  125  126  125  126  120  118  110  104  117  120   2838
              1119   115  102   90   86   85   85   85   85   86   88   92  104  101  107   99   95   94   95  113  109   94   89   88   86   2273
              1120    85   85   86   93   96   90   96  104  107  110  111  114  113  117  115  106  107  106   95   91   90   89   87   87   2380
              1121    87   87   87   87   85   83   84   85   86   87   87   88   89   89   89   89   90   89   88   87   87   87   88   88   2093
              1122    88   87   86   97  101   88   87  105  102   96  108  108  107  107  117  116  118  120  124  124  124  123  124  124   2581
              1123   123  125  125  126  125  125  125  125  127  127  128  128  129  117  105  104  104  114  122  119  100   91   91   91   2796
              1124    91   98  111  113  114  100  109  114  109  101   95   96   96   96   98   99  103   99   94   92   91   90   90   90   2389
              1125    89   88   88   87   87   87   87   87   89   91   93   95   95   99  104  103  104  108  103   99  100  100   99   96   2278
              1126    96   94   92   93   90   90   90   87   89   90   93   99  104  112  114  116  118  114  112  116  119  120  122  123   2493
              1127   117  114  109  106  100   95   94   94   95   97   98  101  119  122  123  120  115  120  118  114  121  118  125  127   2662
              1128   127  128  127  127  126  128  128  128  127  128  127  130  128  130  131  132  126  121  114  117  132  131  126  123   3042
              1129   110  100   98   96   95  104   98  110  110  100  103  106  116  127  126  110  115  112  110  112  116  117  123  126   2640
              1130   121  119  115  118  125  124  127  123  125  129  130  128  128  127  126  125  124  124  124  124  124  124  124  124   2982
              ------------------------------------------------------------------------------------------------------------------------------------
              TOTAL 3202 3174 3163 3188 3213 3163 3148 3209 3224 3242 3293 3360 3420 3436 3455 3399 3387 3367 3337 3336 3308 3271 3268 3259  78822
              MEAN   107  106  105  106  107  105  105  107  107  108  110  112  114  115  115  113  113  112  111  111  110  109  109  109   2627
              MAX    136  135  134  133  134  134  133  135  131  135  134  136  134  138  138  135  134  132  129  133  132  134  136  135   3089
                N     30   30   30   30   30   30   30   30   30   30   30   30   30   30   30   30   30   30   30   30   30   30   30   30     30
              NOTE                                                                                                                                
                                                                                                                                                  
                   *): WITH MISSING DATA; TOTAL,MEAN,MAXIMUM ESTIMATED                                                                            
                                                                                                                                                  
                                                                                                                                                  
                                                                                                                                                  
