                                                                                                                                                  
                                                                                                                                                  
                                                                *******************************                                                   
                                                                  DOWNWARD LONGWAVE RADIATION                                                     
                                                                *******************************                                                   
                                                                                                                  COUNTRY = JAPAN                 
                                                                                                                                                  
                                                                                                                                                  
                                                                     UNIT  = 0.01 MJ/m**2                                                         
                        STATION    : Tateno                                                                                                       
                        STATION NO.: 47646                                                                                                        
                        LOCATION   : 140ﾟ08' E                                                                                                    
                                      36ﾟ03' N                                                                                                    
                        ALTITUDE   :   25.2  m                                                                                                    
                        YEAR/MONTH : 2017/01                                                                                                      
                                                                                                                                                  
              DATE   -01  -02  -03  -04  -05  -06  -07  -08  -09  -10  -11  -12  -13  -14  -15  -16  -17  -18  -19  -20  -21  -22  -23  -24  TOTAL
                                                                                                                                                  
               1 1    91   94   93   92   87   88   87   87   88   89   91   92   94   95   95   96   96   95   94   93   93   91   91   90   2202
               1 2    90   90   90   93  101  102  103  110  116  116  114  104  104  101   97   96   96   96   95   94   93   93   93   92   2379
               1 3    92   91   90   89   90   90   88   89   89   92   94   94   95   94   94   94  101   93   92   90   89   89   92   89   2200
               1 4    90   89   95  100  100   88   87   87   88   89   92   95   97   97   98  102   97   95   91   88   86   86   86   85   2208
               1 5    85   86   86   85   85   85   85   85   85   87   88   88   89   89   91   95   88   85   84   83   83   82   81   80   2060
               1 6    79   79   79   78   79   78   79   82   81   81   82   83   84   88   92   91   88   85   85   85   85   85   85   84   1997
               1 7    83   83   82   81   80   80   80   80   81   83   85   87   88   89   89   89   89   89   89   88   88   88   88   88   2047
               1 8    90   88   86   86   87   87   87   89   95   98  102  109  115  117  120  123  122  122  121  121  122  123  123  123   2556
               1 9   121  120  120  120  120  119  120  120  120  120  119  120  119  120  117  102  102   95   95   94   93   92   91   90   2649
               110    90   90   89   88   85   84   84   84   85   86   88   90   92   92   92   93   93   93   93   93   93   91   90   90   2148
               111    88   86   85   85   84   83   83   83   83   83   84   86   87   88   89   90   90   96   94   86   85   84   82   81   2065
               112    81   82   81   81   81   81   81   81   82   84   86   87   88   89   89   88   88   87   88   89   88   89   87   86   2044
               113    85   85   84   84   84   84   84   84   85   86   88   88   90   94   95   96  109  104   90   87   84   83   82   82   2117
               114    82   82   82   83   90   91   79   78   80   84   89   92  101   94   95   86   91   80   84   84   80   75   74   74   2030
               115    75   72   72   73   73   73   74   75   75   77   77   77   78   79   81   80   81   88   80   78   78   78   78   77   1849
               116    76   76   77   76   76   76   77   77   78   79   81   81   81   82   85   87   89   83   83   84   87   89   85   84   1949
               117    91   84   83   83   82   82   83   83   83   85   87   87   88   89   96  100   90   89   87   87   86   86   84   84   2079
               118    84   84   83   82   82   82   81   81   82   83   85   87   88   89   91   97   99   99   99  100   96   94   95   97   2140
               119    98   92   90   90   89   92   98  103  103  103  101   95   93   92   89   88   89   89   88   86   85   84   84   84   2205
               120    84   93  100  107   96   98   92  110  112  113  113  114  115  116  116  117  116  115  116  115  115  107  106  113   2599
               121   113  112  110   91   88   85   88   92   87   87   88   89   95  107   95  105  110   99   90   86   83   84   88  103   2275
               122   106  108  107  104  107   94   83   82   82   83   84   86   87   89   90   90   89   89   89   88   87   86   86   85   2181
               123    83   83   82   82   81   80   78   78   78   78   79   80   81   81   79   79   78   77   77   76   76   76   76   75   1893
               124    75   75   75   76   76   75   75   75   76   77   78   83   81   86   89   83   80   79   78   77   77   77   76   76   1875
               125    76   76   76   76   76   77   77   77   78   79   81   83   89   87   84   84   83   82   81   80   79   79   79   79   1918
               126    79   79   79   79   78   79   79   78   78   80   81   83   84   85   85   86   86   86   85   85   85   87   89  107   2002
               127    91   89   92   94   91   93   90   94   99  101  102  100   96   98  107  105  102  102  101   98   96   94   93   92   2320
               128    90   89   87   88   88   86   85   89   86   87   88   89   91   93   93   93   93   93   93   95   94   94   94   94   2172
               129    97  108  112  115  110  106  109  100   94  114  120  110   99  112  114  111  109  116  113  115  119  118  117  120   2658
               130   118  118  118  118  125  124  124  123  121  113  105  106  108  120  123  107  105  105  105   97   92   90   88   86   2639
               131    86   85   84   83   83   81   80   80   80   81   82   83   84   85   85   86   85   85   87   96   95  108  102  104   2090
              ------------------------------------------------------------------------------------------------------------------------------------
              TOTAL 2769 2768 2769 2762 2754 2723 2700 2736 2750 2798 2834 2848 2881 2937 2955 2939 2934 2891 2847 2818 2792 2782 2765 2794  67546
              MEAN    89   89   89   89   89   88   87   88   89   90   91   92   93   95   95   95   95   93   92   91   90   90   89   90   2179
              MAX    121  120  120  120  125  124  124  123  121  120  120  120  119  120  123  123  122  122  121  121  122  123  123  123   2658
                N     31   31   31   31   31   31   31   31   31   31   31   31   31   31   31   31   31   31   31   31   31   31   31   31     31
              NOTE                                                                                                                                
                                                                                                                                                  
                   *): WITH MISSING DATA; TOTAL,MEAN,MAXIMUM ESTIMATED                                                                            
                                                                                                                                                  
                                                                                                                                                  
