                                                                                                                                                  
                                                                                                                                                  
                                                                *******************************                                                   
                                                                  DOWNWARD LONGWAVE RADIATION                                                     
                                                                *******************************                                                   
                                                                                                                  COUNTRY = JAPAN                 
                                                                                                                                                  
                                                                                                                                                  
                                                                     UNIT  = 0.01 MJ/m**2                                                         
                        STATION    : Tateno                                                                                                       
                        STATION NO.: 47646                                                                                                        
                        LOCATION   : 140ﾟ08' E                                                                                                    
                                      36ﾟ03' N                                                                                                    
                        ALTITUDE   :   25.2  m                                                                                                    
                        YEAR/MONTH : 2017/04                                                                                                      
                                                                                                                                                  
              DATE   -01  -02  -03  -04  -05  -06  -07  -08  -09  -10  -11  -12  -13  -14  -15  -16  -17  -18  -19  -20  -21  -22  -23  -24  TOTAL
                                                                                                                                                  
               4 1   118  119  119  118  117  118  117  115  116  116  118  118  118  116  116  114  114  115  115  114  115  115  111  108   2780
               4 2   107  100   99   96   98  104   90   91   94   96  100  106  100  102  100   96   97   98   95  109  103  103  115  116   2415
               4 3   117  115  114  114  106  109  113  110   92   95  106  101  102  107  105  108  103  120  122  102   98   93   92   91   2535
               4 4    92   91   90   93   93   91   92   93   94   97  102  111  113  113  105  102  102  101  100  100  100  100  104  103   2382
               4 5   102  101   99   98   98   96   95   97  100  102  105  108  111  109  110  114  115  114  113  114  118  120  117  118   2574
               4 6   108  109  107  104  104  105  105  107  115  118  120  119  119  119  120  123  121  127  128  133  132  133  133  134   2843
               4 7   134  134  135  135  135  137  136  135  137  137  135  135  130  128  131  124  122  121  128  136  122  118  137  128   3150
               4 8   139  140  141  141  137  135  134  134  134  135  135  135  134  133  132  132  134  134  136  137  137  136  136  136   3257
               4 9   135  136  136  136  136  137  138  138  138  139  140  137  137  136  133  129  123  123  121  119  118  123  116  108   3132
               410    96   95   92   90   89   92   98   92   97  100   98   99  101  101  103  104  106  104   99   94   94   94   95   95   2328
               411    95   98  102  110  115  117  121  125  126  127  128  131  132  132  133  133  133  133  134  134  133  131  115  106   2944
               412   106  105  104  103  103  108  106  106  109  111  113  113  120  123  119  118  130  130  129  125  120  121  123  122   2767
               413   121  118  107   92   91   91   92   92   93   94   96   99  105  105  106  105  106  107  115  121  103   99   98   98   2454
               414    97   96   95   95   94   94   94   96   98  100  104  106  106  106  108  109  111  113  110  109  111  110  108  108   2478
               415   107  105  104  105  106  110  109  108  113  117  121  122  122  123  134  139  135  127  112  111  109  109  107  107   2762
               416   112  112  107  103  102  101  100  101  103  107  111  114  118  120  118  118  116  115  115  115  116  111  112  110   2657
               417   109  111  116  112  115  112  119  117  117  118  119  122  126  128  131  132  133  136  140  140  138  136  137  139   3003
               418   139  140  142  144  144  145  145  146  144  145  141  129  137  135  130  129  130  126  124  132  134  130  117  110   3238
               419   109  106  106  107  108  109  110  112  114  117  116  117  118  115  115  113  107  103  100   98   98   98   98   99   2593
               420    98   97   97   97   96   96   97   99  101  103  105  108  112  120  119  120  124  125  126  126  126  126  126  125   2669
               421   125  126  127  130  129  129  131  130  133  132  137  136  136  131  132  131  129  124  121  113  113  112  113  115   3035
               422   114  120  116  115  118  124  117  125  127  131  131  128  128  123  131  127  124  124  129  129  127  126  126  125   2985
               423   122  122  122  118  103  102   98   98  112  112  113  113  108  109  107  103  102  101  100  100  101  112  118  119   2615
               424   118  118  113  101  107  105  113  122  116  125  117  128  126  124  117  108  107  108  104  104  104  106  106  118   2715
               425   109  106  102  102  102  105  103  104  107  113  115  110  111  112  113  112  113  111  110  111  111  111  110  113   2616
               426   112  110  115  118  117  117  119  123  129  132  133  134  133  131  129  132  131  122  118  117  120  128  130  130   2980
               427   132  132  132  130  130  131  132  129  126  119  118  120  114  116  110  112  108  109  110  115  119  123  115  115   2897
               428   118  124  125  125  111  116  117  123  116  122  130  126  123  113  112  113  111  110  109  112  107  105  104  105   2777
               429   104  106  126  104  102  102  103  105  107  108  113  116  113  114  116  121  129  130  132  126  107  104  103  102   2693
               430   101  100  100  100  100   99  100  103  105  107  111  113  114  117  119  116  115  116  115  115  115  114  113  113   2621
              ------------------------------------------------------------------------------------------------------------------------------------
              TOTAL 3396 3392 3390 3336 3306 3337 3344 3376 3413 3475 3531 3554 3567 3561 3554 3537 3531 3527 3510 3511 3449 3447 3435 3416  82895
              MEAN   113  113  113  111  110  111  111  113  114  116  118  118  119  119  118  118  118  118  117  117  115  115  115  114   2763
              MAX    139  140  142  144  144  145  145  146  144  145  141  137  137  136  134  139  135  136  140  140  138  136  137  139   3257
                N     30   30   30   30   30   30   30   30   30   30   30   30   30   30   30   30   30   30   30   30   30   30   30   30     30
              NOTE                                                                                                                                
                                                                                                                                                  
                   *): WITH MISSING DATA; TOTAL,MEAN,MAXIMUM ESTIMATED                                                                            
                                                                                                                                                  
                                                                                                                                                  
                                                                                                                                                  
