                                                                                                                                                  
                                                                                                                                                  
                                                                *******************************                                                   
                                                                  DOWNWARD LONGWAVE RADIATION                                                     
                                                                *******************************                                                   
                                                                                                                  COUNTRY = JAPAN                 
                                                                                                                                                  
                                                                                                                                                  
                                                                     UNIT  = 0.01 MJ/m**2                                                         
                        STATION    : Tateno                                                                                                       
                        STATION NO.: 47646                                                                                                        
                        LOCATION   : 140ﾟ08' E                                                                                                    
                                      36ﾟ03' N                                                                                                    
                        ALTITUDE   :   25.2  m                                                                                                    
                        YEAR/MONTH : 2017/10                                                                                                      
                                                                                                                                                  
              DATE   -01  -02  -03  -04  -05  -06  -07  -08  -09  -10  -11  -12  -13  -14  -15  -16  -17  -18  -19  -20  -21  -22  -23  -24  TOTAL
                                                                                                                                                  
              10 1   117  116  114  113  113  112  112  113  116  118  120  123  131  135  137  138  137  138  134  142  129  133  129  135   3005
              10 2   131  140  130  132  126  130  132  135  136  139  140  143  144  144  143  143  145  146  145  149  146  148  148  146   3361
              10 3   146  145  148  148  146  147  147  147  150  150  149  147  153  150  149  143  145  151  151  144  145  141  136  137   3515
              10 4   139  141  140  139  139  138  137  136  135  130  134  133  133  129  122  115  114  118  132  135  133  133  127  120   3152
              10 5   114  119  120  120  119  117  118  118  116  113  112  116  122  127  116  114  117  114  109  109  111  117  119  120   2797
              10 6   121  122  122  123  125  124  125  129  134  131  131  136  134  134  133  134  137  138  138  139  139  139  139  139   3166
              10 7   141  142  143  143  144  144  144  144  145  145  145  142  144  140  137  146  141  145  147  142  136  135  130  130   3395
              10 8   128  128  128  127  126  126  132  135  140  135  135  135  136  132  133  131  127  123  122  122  132  142  141  132   3148
              10 9   124  128  120  120  118  117  118  119  122  124  126  129  130  130  133  135  135  132  130  128  128  128  134  129   3037
              1010   141  145  138  140  134  129  138  145  135  133  135  139  147  141  140  140  138  138  137  136  135  134  134  134   3306
              1011   133  133  132  131  141  149  149  148  148  140  148  148  147  148  148  147  146  146  146  146  146  146  146  146   3458
              1012   145  145  144  140  144  146  145  144  133  144  138  137  138  140  144  142  149  146  148  146  146  145  144  144   3437
              1013   143  142  141  140  139  137  137  137  138  138  137  136  135  135  136  137  136  137  137  137  137  137  137  137   3303
              1014   136  137  136  137  136  137  135  136  136  136  136  137  138  138  139  140  139  138  138  138  138  137  138  138   3294
              1015   137  137  134  131  133  134  133  137  138  138  137  136  136  135  136  135  136  135  136  135  134  136  135  135   3249
              1016   134  134  134  133  133  132  132  132  133  134  135  134  134  134  133  133  133  133  132  132  132  133  132  132   3193
              1017   132  132  132  130  131  132  132  132  134  133  132  133  132  133  133  130  126  110  110  109  108  108  108  107   2999
              1018   107  107  106  105  105  105  103  102  104  106  107  114  119  115  120  123  123  124  129  130  130  130  129  129   2772
              1019   129  129  128  128  127  127  128  128  129  129  130  130  131  132  131  131  132  132  133  133  133  133  133  133   3129
              1020   133  133  133  132  133  133  133  134  135  136  137  138  140  141  142  142  141  141  141  141  141  140  140  140   3300
              1021   140  140  141  142  143  143  143  143  143  143  144  144  145  145  145  145  144  144  145  145  145  145  145  144   3446
              1022   146  146  145  145  145  145  146  145  145  145  145  146  144  144  144  144  144  144  144  144  143  143  143  143   3468
              1023   143  145  153  154  152  152  148  142  141  140  139  121  116  128  119  111  110  108  107  107  108  111  111  113   3079
              1024   111  113  111  115  118  119  114  119  121  116  121  123  125  126  124  125  123  122  123  123  122  119  123  122   2878
              1025   123  124  125  127  128  128  130  130  132  135  135  134  134  134  134  131  130  132  132  125  118  111  107  106   3045
              1026   105  103  102  102  101  100   98  100  101  103  104  106  107  107  107  106  106  105  105  105  104  104  104  102   2487
              1027   102  102  103  104  105  103  103  104  104  106  108  110  112  113  112  112  111  109  108  108  110  115  120  119   2603
              1028   123  122  122  127  130  129  130  133  133  133  131  130  136  135  135  136  135  134  134  134  133  134  133  135   3157
              1029   137  137  137  137  137  137  138  138  138  138  139  139  140  140  140  140  139  139  140  140  140  136  118  115   3279
              1030   116  118  117  113  111  109  107  106  106  105  102  100  100  100  100   98   97   96   96   96   95   95   95   95   2473
              1031    95   94   94   95   95   95   95   96   97  101  104  103  106  105  106  113  105  104  103  103  103  102  103  106   2423
              ------------------------------------------------------------------------------------------------------------------------------------
              TOTAL 3972 3999 3973 3973 3977 3976 3982 4007 4018 4017 4036 4042 4089 4090 4071 4060 4041 4022 4032 4023 4000 4010 3981 3963  96354
              MEAN   128  129  128  128  128  128  128  129  130  130  130  130  132  132  131  131  130  130  130  130  129  129  128  128   3108
              MAX    146  146  153  154  152  152  149  148  150  150  149  148  153  150  149  147  149  151  151  149  146  148  148  146   3515
                N     31   31   31   31   31   31   31   31   31   31   31   31   31   31   31   31   31   31   31   31   31   31   31   31     31
              NOTE                                                                                                                                
                                                                                                                                                  
                   *): WITH MISSING DATA; TOTAL,MEAN,MAXIMUM ESTIMATED                                                                            
                                                                                                                                                  
                                                                                                                                                  
