                                                                                                                                                  
                                                                                                                                                  
                                                                *******************************                                                   
                                                                  DOWNWARD LONGWAVE RADIATION                                                     
                                                                *******************************                                                   
                                                                                                                  COUNTRY = JAPAN                 
                                                                                                                                                  
                                                                                                                                                  
                                                                     UNIT  = 0.01 MJ/m**2                                                         
                        STATION    : Tateno                                                                                                       
                        STATION NO.: 47646                                                                                                        
                        LOCATION   : 140ﾟ08' E                                                                                                    
                                      36ﾟ03' N                                                                                                    
                        ALTITUDE   :   25.2  m                                                                                                    
                        YEAR/MONTH : 2017/08                                                                                                      
                                                                                                                                                  
              DATE   -01  -02  -03  -04  -05  -06  -07  -08  -09  -10  -11  -12  -13  -14  -15  -16  -17  -18  -19  -20  -21  -22  -23  -24  TOTAL
                                                                                                                                                  
               8 1   148  150  150  155  153  156  158  157  159  158  157  157  156  156  157  158  156  155  154  153  152  150  150  145   3700
               8 2   143  143  144  146  148  148  148  148  149  150  152  153  153  153  152  150  149  142  142  137  134  129  137  132   3482
               8 3   132  128  130  129  129  133  132  133  136  146  149  153  154  155  155  154  151  154  154  154  154  153  153  153   3474
               8 4   153  152  152  152  152  152  152  153  154  155  156  158  157  157  159  158  156  149  157  157  157  154  146  154   3702
               8 5   157  157  157  157  152  152  152  158  160  161  162  162  161  163  159  159  161  152  149  149  154  160  160  154   3768
               8 6   148  146  152  152  159  159  159  160  160  159  159  164  164  159  155  156  157  159  161  161  160  155  151  148   3763
               8 7   152  157  156  155  156  158  155  159  155  157  158  156  161  166  164  161  157  160  155  155  163  161  159  158   3794
               8 8   160  160  155  160  159  155  157  162  161  162  162  162  160  164  162  164  162  160  159  158  159  157  158  157   3835
               8 9   158  158  152  150  147  147  149  151  153  155  157  159  162  161  154  153  153  154  155  156  157  157  157  158   3713
               810   158  157  157  157  157  156  156  156  156  156  157  157  157  157  156  155  154  154  153  153  152  153  152  152   3728
               811   152  151  151  151  151  151  151  151  151  152  152  153  154  155  155  154  154  153  152  152  151  151  151  151   3650
               812   150  150  150  150  151  151  151  151  153  154  155  156  157  158  159  156  147  145  146  149  145  148  154  153   3639
               813   151  149  143  141  141  143  146  145  150  151  152  153  156  151  149  148  149  153  154  156  154  156  156  151   3598
               814   152  154  155  153  155  154  154  154  155  156  156  155  155  155  155  155  155  155  155  154  154  154  154  154   3708
               815   154  153  153  153  153  152  153  154  154  155  157  156  155  155  155  156  156  155  154  153  153  153  153  153   3698
               816   153  153  153  153  152  151  149  150  151  151  152  152  153  153  153  153  152  152  152  152  152  151  151  151   3645
               817   151  150  150  150  151  151  151  153  154  155  156  157  158  158  156  151  157  157  151  153  149  154  154  154   3681
               818   155  155  153  151  153  153  153  154  154  157  157  161  162  161  159  157  154  151  156  158  159  159  158  154   3744
               819   153  158  159  158  159  158  158  158  158  159  160  159  159  158  159  157  155  151  149  149  150  149  153  153   3739
               820   154  153  153  152  150  146  143  152  155  155  156  154  157  157  153  148  147  150  150  154  149  145  149  147   3629
               821   151  153  153  153  152  152  153  154  158  157  158  160  158  156  151  151  159  155  156  151  149  147  150  148   3685
               822   146  145  145  152  147  149  146  153  154  154  159  158  159  161  158  160  156  155  153  154  153  154  155  158   3684
               823   156  155  157  149  145  142  145  152  150  149  155  158  159  162  164  161  157  158  157  154  156  153  153  156   3703
               824   154  155  151  149  149  145  152  155  153  154  158  161  159  161  160  158  159  156  153  150  148  149  148  146   3683
               825   145  145  145  145  144  144  145  149  152  159  161  162  164  162  162  163  162  164  162  158  157  153  152  151   3706
               826   150  151  151  151  148  151  156  156  153  163  163  159  161  159  159  158  159  156  152  153  146  152  150  153   3710
               827   153  154  151  152  146  140  146  148  146  146  136  136  136  137  136  133  133  135  135  134  133  132  132  132   3362
               828   134  134  137  135  134  137  139  143  146  146  147  150  149  146  148  148  153  148  151  154  152  148  147  149   3475
               829   145  144  144  144  146  152  150  156  156  163  160  158  159  159  159  156  155  152  151  150  151  151  150  149   3660
               830   150  152  152  149  148  152  158  161  162  161  153  151  149  151  152  157  156  155  155  154  153  152  151  149   3683
               831   144  140  149  150  150  153  153  151  149  149  148  147  147  147  147  145  146  146  146  141  138  144  144  143   3517
              ------------------------------------------------------------------------------------------------------------------------------------
              TOTAL 4662 4662 4660 4654 4637 4643 4670 4737 4757 4805 4820 4837 4851 4853 4822 4793 4777 4741 4729 4716 4694 4684 4688 4666 113558
              MEAN   150  150  150  150  150  150  151  153  153  155  155  156  156  157  156  155  154  153  153  152  151  151  151  151   3663
              MAX    160  160  159  160  159  159  159  162  162  163  163  164  164  166  164  164  162  164  162  161  163  161  160  158   3835
                N     31   31   31   31   31   31   31   31   31   31   31   31   31   31   31   31   31   31   31   31   31   31   31   31     31
              NOTE                                                                                                                                
                                                                                                                                                  
                   *): WITH MISSING DATA; TOTAL,MEAN,MAXIMUM ESTIMATED                                                                            
                                                                                                                                                  
                                                                                                                                                  
