                                                                                                                                                  
                                                                                                                                                  
                                                                *******************************                                                   
                                                                  DOWNWARD LONGWAVE RADIATION                                                     
                                                                *******************************                                                   
                                                                                                                  COUNTRY = JAPAN                 
                                                                                                                                                  
                                                                                                                                                  
                                                                     UNIT  = 0.01 MJ/m**2                                                         
                        STATION    : Tateno                                                                                                       
                        STATION NO.: 47646                                                                                                        
                        LOCATION   : 140ﾟ08' E                                                                                                    
                                      36ﾟ03' N                                                                                                    
                        ALTITUDE   :   25.2  m                                                                                                    
                        YEAR/MONTH : 2017/02                                                                                                      
                                                                                                                                                  
              DATE   -01  -02  -03  -04  -05  -06  -07  -08  -09  -10  -11  -12  -13  -14  -15  -16  -17  -18  -19  -20  -21  -22  -23  -24  TOTAL
                                                                                                                                                  
               2 1   111  112  113  113  113  113  113  109  110  113  108  104   93   94  100  106  104   91   89   89   88   86   84   82   2438
               2 2    80   79   78   77   76   76   76   77   78   80   81   83   86   86   86   84   83   81   81   81   81   81   82   83   1936
               2 3    83   83   85   85   84   84   83   84   85   87   89   90   91   90   90   90   90   89   88   87   85   84   85   84   2075
               2 4    84   84   84   83   82   82   82   82   83   84   85   87   88   90   90   90   91   91   90   90   91   91   93   97   2094
               2 5    94   92  108  104  112  109  107  102   98   97  117  120  120  121  121  122  123  121  123  123  123  123  123  121   2724
               2 6   122  119  124  123  122  109   93   90   92   95   96   96   95   94   94   93   88   87   87   86   86   86   86   85   2348
               2 7    85   84   83   83   82   82   81   81   81   82   83   84   83   84   85   82   81   84   86   86   85   83   81   81   1992
               2 8    82   81   81   83   92   89   93   82   85   83   84   86   87   87   87   89   90   91   90   93   95  105  107  108   2150
               2 9   101  111  111  113  114  114  115  115  114  114  115  115  116  116  116  117  116  116  115  115  115  115  115  115   2739
               210   115  114  115  115  115  114  108  113  104   88   89   89   96  106  106  106  106  105  106  103  101   89   81   80   2464
               211    81   78   77   77   75   75   75   75   76   78   79   81   82   82   84   85   83   81   79   78   78   78   79   80   1896
               212    82   82   82   82   82   82   81   81   82   84   86   87   91   99  100   89   88   86   84   82   82   81   81   81   2037
               213    80   80   79   79   79   79   79   79   80   82   83   84   85   86   91   89   93  107  107  105   89   85   92   96   2088
               214    97   83   81   80   80   79   79   79   80   82   83   91  101   96   90   91   89   87   86   85   84   83   82   82   2050
               215    82   82   81   81   80   80   81   80   82   83   85   87   88   89   89   89   89   88   87   86   86   86   85   85   2031
               216    85   85   84   84   84   85   84   84   85   87   88   90   92   93   94   93   94   94   94   95   95   96  102  105   2172
               217   107  107  100   95   91   90   93   92   96  101  109  113  116  125  117  116  115  113  114  111  111  110  112  100   2554
               218   114  101  118  117  118  109  104  114  111  106  114  114  115  115  112  113  112  113  113  114  114  114  112  114   2701
               219   114  113  109   92   81   78   77   78   79   81   82   83   84   86   85   86   87   87   88   98  103   95   91  103   2160
               220    99   91   96   96  110  108   91   90   93   96  101  108  110  117  119  133  135  131  127  126  123  112  115  100   2627
               221    84   84   84   85   88   85   83   82   83   85   90   85   85   84   83   82   80   80   81   81   81   81   80   81   1997
               222    80   81   86   83   81   84   82   82   83   86   89  114  117  118  119  120  120  117  119  119  119  120  120  117   2456
               223   122  122  121  121  122  125  127  129  128  127  128  129  130  123  115  121  130  128  120  118  115  123  124  123   2971
               224   121  119  118  116  115  111   98   91   82   81   84   84   86   85   85   86   86   98   99   97  111  111  112  111   2387
               225   111  111  111  109  110  111  104   96   88   86   87   90   95   94   97  101  100   97  102   95   96  107  100  103   2401
               226    93  107  111   97   93   88   87   86   87   89   90   92   92   94   94  102  106  106  103  100  110  101  109  115   2352
               227   102   99  102  111  110  114  113  114  115  115  114  109  109  107   99   91   92   93   90  101   99   88   90   92   2469
               228    90   89   87   97  107  107  108  106   96  107  110  112  108   98   91   89   88   87   87   86   86   86   86   86   2294
              ------------------------------------------------------------------------------------------------------------------------------------
              TOTAL 2701 2673 2709 2681 2698 2662 2597 2573 2556 2579 2649 2707 2741 2759 2739 2755 2759 2749 2735 2730 2732 2700 2709 2710  64603
              MEAN    96   95   97   96   96   95   93   92   91   92   95   97   98   99   98   98   99   98   98   98   98   96   97   97   2307
              MAX    122  122  124  123  122  125  127  129  128  127  128  129  130  125  121  133  135  131  127  126  123  123  124  123   2971
                N     28   28   28   28   28   28   28   28   28   28   28   28   28   28   28   28   28   28   28   28   28   28   28   28     28
              NOTE                                                                                                                                
                                                                                                                                                  
                   *): WITH MISSING DATA; TOTAL,MEAN,MAXIMUM ESTIMATED                                                                            
                                                                                                                                                  
                                                                                                                                                  
                                                                                                                                                  
                                                                                                                                                  
                                                                                                                                                  
