                                                                                                                                                  
                                                                                                                                                  
                                                                *******************************                                                   
                                                                  DOWNWARD LONGWAVE RADIATION                                                     
                                                                *******************************                                                   
                                                                                                                  COUNTRY = JAPAN                 
                                                                                                                                                  
                                                                                                                                                  
                                                                     UNIT  = 0.01 MJ/m**2                                                         
                        STATION    : Tateno                                                                                                       
                        STATION NO.: 47646                                                                                                        
                        LOCATION   : 140ﾟ08' E                                                                                                    
                                      36ﾟ03' N                                                                                                    
                        ALTITUDE   :   25.2  m                                                                                                    
                        YEAR/MONTH : 2018/02                                                                                                      
                                                                                                                                                  
              DATE   -01  -02  -03  -04  -05  -06  -07  -08  -09  -10  -11  -12  -13  -14  -15  -16  -17  -18  -19  -20  -21  -22  -23  -24  TOTAL
                                                                                                                                                  
               2 1   106  100  104  100   94   87   87   90   92  108  110  113  115  116  114  113  114  114  115  116  116  115  114  114   2567
               2 2   114  114  114  114  113  113  113  114  113  114  114  115  115  115  114  111  101  102  109  111  112  112  113  112   2692
               2 3   112  109  107  104  102  101   98   97   95   91   94  102  104  103  103  102   97   94  101  109  108  101  100   97   2431
               2 4    89  106  102  100  108  108  102   96   98   91  100  108   89   90   93  102  114  102  104   90   83   81   80   80   2316
               2 5    81   81   80   80   79   78   78   78   79   81   80   82   83   88   87   98  110  109  101   93  103   91   85   81   2086
               2 6    79   78   77   77   75   74   74   74   75   76   77   78   78   79   80   84   84   84   80   79   78   77   76   76   1869
               2 7    75   74   74   73   73   73   72   73   74   75   76   77   78   79   80   81   84   83   87   97   92   80   78   78   1886
               2 8    77   77   76   76   75   75   75   75   77   80   80   81   82   81   81   83   85   86   79   78   79   79   79   78   1894
               2 9    78   78   78   76   76   76   76   77   78   80   81   83   84   85   85   87   87   87   87   87   89   88   90   89   1982
               210    87   86   91   87   86   86   93   99   89   90   98  109  109  100   97  103  117  122  117  116  122  124  124  124   2476
               211   124  123  123  122  116  104  105  115   99  101  116  120  121  121  118  119  120  115  105   97   93   93  103  105   2678
               212   104   99   99   79   75   74   74   75   76   78   80   80   81   87   87   82   81   80   80   80   79   79   78   77   1964
               213    77   76   76   76   75   75   75   75   77   78   79   80   82   83   92   85   83   82   82   81   80   80   79   80   1908
               214    79   78   78   78   78   79   79   79   82   84   86   87   88   89   89   89   90   90   89   90   90   93   95   94   2053
               215    92   93   98   99   98   93   95   94   96  101  103   98   98   98  100   99   99   98   98  100   97   91   96   89   2323
               216    85   83   83   82  105  110  110  109  108   94   88   91   95  110  101  108  114  115  113  111  110  113  117  117   2472
               217   118  118  118  118  118  113  112  116  114   93   91   91   93  108   91   93   91   82   79   78   78   77   75   75   2340
               218    74   75   75   75   75   75   75   75   76   80   82   84   84   84   82   81   81   83   86   85   83   82   86   80   1918
               219    81   81   85   84   79   81   80   80   80   82   84   84   85   86   87   88   90   93  100  104  106  107  111  115   2153
               220   113  113  115  115  113   93   85   84   85   87   88   89   91   91   92   94   93   94   96   95  101  112  113  100   2352
               221    90   88   88   93   99   99   99   99   99   99  100  103  108  108  111  110  106   99   95   95   97  100  112  109   2406
               222   107  112  111  111  110  111  111  110  110  111  111  112  112  112  112  113  113  113  110  108  113  114  115  116   2678
               223   115  115  115  114  114  115  112  114  113  110  112  112  116  113   92   96   93   90   90   89   89   88   88   87   2492
               224    86   85   84   82   82   83   83   84   96   89   96   93   95   96   97   99  100   97   95   93   92   91   89   89   2176
               225    89   86   85   84   90  107  109  108  110  111  112  113  114  114  114  115  115  116  116  116  116  116  116  116   2588
               226   115  115  115  114  115  114  112  105   98   99   94   92   90   90   90   89   89   88   88   87  101  111  109  103   2423
               227   100   86   85   87   88   92   91   88   88   89   91  100  109  108  110  116  119  109  112  110  100   94   93   92   2357
               228    90   89   88   88   87   87   87   88   91   97  110  106  110  113  104  103  109  110  114  116  115  116  122  124   2464
              ------------------------------------------------------------------------------------------------------------------------------------
              TOTAL 2637 2618 2624 2588 2598 2576 2562 2571 2568 2569 2633 2683 2709 2747 2703 2743 2779 2737 2728 2711 2722 2705 2736 2697  63944
              MEAN    94   94   94   92   93   92   92   92   92   92   94   96   97   98   97   98   99   98   97   97   97   97   98   96   2284
              MAX    124  123  123  122  118  115  113  116  114  114  116  120  121  121  118  119  120  122  117  116  122  124  124  124   2692
                N     28   28   28   28   28   28   28   28   28   28   28   28   28   28   28   28   28   28   28   28   28   28   28   28     28
              NOTE                                                                                                                                
                                                                                                                                                  
                   *): WITH MISSING DATA; TOTAL,MEAN,MAXIMUM ESTIMATED                                                                            
                                                                                                                                                  
                                                                                                                                                  
                                                                                                                                                  
                                                                                                                                                  
                                                                                                                                                  
