                                                                                                                                                  
                                                                                                                                                  
                                                                *******************************                                                   
                                                                  DOWNWARD LONGWAVE RADIATION                                                     
                                                                *******************************                                                   
                                                                                                                  COUNTRY = JAPAN                 
                                                                                                                                                  
                                                                                                                                                  
                                                                     UNIT  = 0.01 MJ/m**2                                                         
                        STATION    : Tateno                                                                                                       
                        STATION NO.: 47646                                                                                                        
                        LOCATION   : 140ﾟ08' E                                                                                                    
                                      36ﾟ03' N                                                                                                    
                        ALTITUDE   :   25.2  m                                                                                                    
                        YEAR/MONTH : 2018/04                                                                                                      
                                                                                                                                                  
              DATE   -01  -02  -03  -04  -05  -06  -07  -08  -09  -10  -11  -12  -13  -14  -15  -16  -17  -18  -19  -20  -21  -22  -23  -24  TOTAL
                                                                                                                                                  
               4 1   107  108  113  115  105  111  104  105  107  109  111  114  113  114  114  114  116  119  116  116  116  120  122  120   2709
               4 2   118  112  111  110  110  110  110  112  113  119  124  127  128  124  119  117  116  120  120  114  120  122  118  133   2827
               4 3   134  134  128  123  132  131  129  132  128  116  119  119  120  122  121  121  120  120  120  119  119  118  117  117   2959
               4 4   117  116  116  116  115  113  114  115  117  120  122  124  125  124  123  125  125  129  127  124  121  122  116  128   2894
               4 5   124  124  112  123  107  109  124  124  124  122  117  124  128  127  126  126  127  128  128  129  130  130  131  131   2975
               4 6   130  130  130  130  131  130  131  133  130  132  131  132  134  132  128  135  139  141  134  135  139  143  142  145   3217
               4 7   146  145  146  141  136  123  122  128  136  134  133  128  126  126  128  128  126  124  122  123  123  118  115  104   3081
               4 8    93   94   98   93   93   93   92   93   95   95   95   96   96   96   97  101  102  114  101   99  102  106  110  104   2358
               4 9    99  101  108   98   96   95   93   92   94   97  101  103  109  115  117  121  113  106  102  101   99   98   96   95   2449
               410    94   94   93   93   93   92   92   94   96   98   99  101  105  110  106  107  106  106  107  109  110  117  120  108   2450
               411   105  107  108  113  113  117  129  128  118  123  125  127  126  125  125  125  125  123  120  122  135  136  123  129   2927
               412   124  124  122  120  120  118  120  121  121  125  125  130  123  127  129  134  132  120  112  115  108  107  109  107   2893
               413   102   98   97   97   97   95   93   93   95   97   99  101  101  103  103  103  104  103  103  103  101  100   99   99   2386
               414    99   99  106  118  117  121  124  127  126  127  122  127  133  134  133  135  137  137  137  137  137  136  137  136   3042
               415   137  138  138  138  141  144  145  142  139  137  139  139  141  140  141  139  138  135  135  134  130  125  117  119   3271
               416   109  101   99  102  105  104  102  105  114  118  121  123  120  108  110  120  113  112  115  122  117  113  125  127   2705
               417   127  127  127  126  126  127  126  128  128  128  130  131  133  133  133  132  132  132  129  130  131  131  133  132   3112
               418   130  131  131  131  130  131  131  132  134  132  133  133  133  125  135  133  117  110  109  108  107  107  113  106   2982
               419   105  104  104  104  104  106  105  107  109  116  125  125  118  116  115  116  115  115  114  114  114  113  112  113   2689
               420   114  113  111  112  111  110  110  111  112  115  117  116  117  119  118  116  115  112  111  110  110  111  110  110   2711
               421   109  108  108  108  108  107  107  109  112  115  118  121  123  123  122  120  118  117  116  115  114  113  112  111   2734
               422   111  110  110  111  111  111  111  113  116  120  122  124  124  123  124  124  123  122  119  118  118  118  116  115   2814
               423   121  139  138  136  133  125  128  136  136  136  133  136  137  137  137  136  136  135  134  135  135  131  135  135   3220
               424   135  136  136  136  136  137  137  138  138  135  138  141  141  141  140  140  141  141  141  141  140  140  141  142   3332
               425   143  144  144  145  144  145  145  145  145  146  147  148  148  147  145  142  131  134  136  137  139  139  139  138   3416
               426   138  137  136  131  134  132  134  130  134  120  113  115  115  115  116  118  122  120  118  117  115  113  115  115   2953
               427   114  117  115  110  116  120  118  114  117  125  129  132  133  134  133  135  133  129  129  129  129  127  122  131   2991
               428   127  116  110  108  106  105  106  108  110  112  113  114  116  116  116  120  118  115  114  113  116  124  135  131   2769
               429   132  116  115  115  114  114  114  116  117  119  121  122  121  119  120  123  122  121  123  131  126  118  118  117   2874
               430   116  116  115  115  116  114  116  120  127  124  128  129  129  127  129  133  133  132  133  135  133  130  128  122   3000
              ------------------------------------------------------------------------------------------------------------------------------------
              TOTAL 3560 3539 3525 3518 3500 3490 3512 3551 3588 3612 3650 3702 3716 3702 3703 3739 3695 3672 3625 3635 3634 3626 3626 3620  86740
              MEAN   119  118  118  117  117  116  117  118  120  120  122  123  124  123  123  125  123  122  121  121  121  121  121  121   2891
              MAX    146  145  146  145  144  145  145  145  145  146  147  148  148  147  145  142  141  141  141  141  140  143  142  145   3416
                N     30   30   30   30   30   30   30   30   30   30   30   30   30   30   30   30   30   30   30   30   30   30   30   30     30
              NOTE                                                                                                                                
                                                                                                                                                  
                   *): WITH MISSING DATA; TOTAL,MEAN,MAXIMUM ESTIMATED                                                                            
                                                                                                                                                  
                                                                                                                                                  
                                                                                                                                                  
