                                                                                                                                                  
                                                                                                                                                  
                                                                *******************************                                                   
                                                                  DOWNWARD LONGWAVE RADIATION                                                     
                                                                *******************************                                                   
                                                                                                                  COUNTRY = JAPAN                 
                                                                                                                                                  
                                                                                                                                                  
                                                                     UNIT  = 0.01 MJ/m**2                                                         
                        STATION    : Tateno                                                                                                       
                        STATION NO.: 47646                                                                                                        
                        LOCATION   : 140ﾟ08' E                                                                                                    
                                      36ﾟ03' N                                                                                                    
                        ALTITUDE   :   25.2  m                                                                                                    
                        YEAR/MONTH : 2018/12                                                                                                      
                                                                                                                                                  
              DATE   -01  -02  -03  -04  -05  -06  -07  -08  -09  -10  -11  -12  -13  -14  -15  -16  -17  -18  -19  -20  -21  -22  -23  -24  TOTAL
                                                                                                                                                  
              12 1   110  112  112   99   97   99   98   98   98   98  100  101  103  104  105  104  102   99   97   97   95   97  101   98   2424
              12 2   100   98  100  101  104  106  114  106  118  114  120  121  125  125  126  127  127  127  128  128  130  130  130  129   2834
              12 3   131  130  130  124  125  123  121  119  116  121  124  127  129  129  128  127  128  129  130  131  129  132  124  123   3030
              12 4   124  131  134  133  135  135  135  135  136  135  131  129  119  120  124  127  130  127  129  136  141  138  127  131   3142
              12 5   135  140  126  129  130  128  131  134  134  133  125  121  125  126  125  124  115  122  117  119  128  125  119  108   3019
              12 6   127  127  126  124  126  128  128  128  128  128  128  128  128  128  127  127  127  127  127  128  128  119  120  119   3031
              12 7   110  113  113  112  116  120  120  120  120  118  117  120  119  112  113  116  117  115  113  110  107  101   99  102   2723
              12 8   104  104  120  118  119  119  118  118  115  117  115  111  116  120  117  113   98   95   94   95   95   97   96   98   2612
              12 9    93   93   94   89   92   91   98   97   95  100  103  101  102  100   99   92   87   87   86   85   84   84   84   84   2220
              1210    84   88   97  109  107   97   97  100   95   91   94   98   94   93   89   88   89   88   89   88   87   86   86   85   2219
              1211    84   85   84   83   83   83   83   83   85   95  109  112  109  119  120  120  119  119  120  120  120  120  119  118   2492
              1212   118  119  119  120  119  120  121  120  120  120  122  118  119  120  122  122  119  118  118  107  105   90   87   85   2748
              1213    85   85   85   84   84   84   84   84   85   87   92  103  114  113  118  114  115  114  116  117  112  118  115   94   2402
              1214    91   90   89   88   87   85   86   86   86   86   87   84   85   85   85   84   84   84   83   83   85   85   87   84   2059
              1215    83   82   83   81   81   81   81   81   82   83   84   85   86   86   87   87   86   86   84   83   82   82   82   81   1999
              1216    81   81   81   81   81   81   81   82   85   95  107  114  114  117  117  115  110  111  111   95   95   91   97   95   2318
              1217    97  110  111  117  117  117  118  118  119  118  115  113  103  100  100  100  107  119  112  101  110  103   98   96   2619
              1218    93   91   90   90   89   88   87   87   87   88   89   89   90   91   93   94   98  110  109  102   95   93   92   89   2224
              1219    89   88   87   87   86   85   85   85   86   88   90   91   93   93   95   95   95   95   94   93   93   93   92   93   2171
              1220    95   95   92   91   91   90   89   91   93  102   98   95   98  102  103  101   98   98   98   96   95   94   93   92   2290
              1221    91   90   88   88   87   86   87   87   88   90   92   94   95   95   95   97  101   98   98  101  117  124  127  127   2343
              1222   126  122  121  121  115  114  108  109  103  117  119  125  125  126  125  126  126  120  121  119  115  108  101  103   2815
              1223   104  105  101  120  119  115  122  118  120  122  124  126  127  129  128  129  129  129  128  128  126  105  100   99   2853
              1224    98  100  115  112  108  104   95   91   91   91   91   89   87   86   85   84   84   84   82   82   83   83   83   82   2190
              1225    82   88   89   97   98   86   81   81   82   84   85   87   89   96   96   95   95   93   95   99  101   91   98   92   2180
              1226    90   89   88   87   87   91   98  106  108  105  105  101   96   98   99  110  119  118  109  107  107  113  109  111   2451
              1227   105   99   99   93   96   92   94   98   99  104  107  100   93   94   95   95   94  105   96   91   90   89   86   85   2299
              1228    83   83   81   80   79   78   77   78   78   79   79   80   82   84   84   82   81   80   79   79   78   78   78   77   1917
              1229    77   77   77   76   77   77   77   77   78   80   82   84   98   91   85   83   82   80   79   77   78   78   78   78   1926
              1230    78   78   78   77   77   77   77   77   78   80   81   83   90   94   84   83   82   82   81   80   80   79   79   79   1934
              1231    79   79   79   90   85   80   83   83   84   82   82   88   84   85   86   85   85   84   84   83   83   82   81   81   1997
              ------------------------------------------------------------------------------------------------------------------------------------
              TOTAL 3047 3072 3089 3101 3097 3060 3074 3077 3092 3151 3197 3218 3237 3261 3255 3246 3229 3243 3207 3160 3174 3108 3068 3018  75481
              MEAN    98   99  100  100  100   99   99   99  100  102  103  104  104  105  105  105  104  105  103  102  102  100   99   97   2435
              MAX    135  140  134  133  135  135  135  135  136  135  131  129  129  129  128  129  130  129  130  136  141  138  130  131   3142
                N     31   31   31   31   31   31   31   31   31   31   31   31   31   31   31   31   31   31   31   31   31   31   31   31     31
              NOTE                                                                                                                                
                                                                                                                                                  
                   *): WITH MISSING DATA; TOTAL,MEAN,MAXIMUM ESTIMATED                                                                            
                                                                                                                                                  
                                                                                                                                                  
