                                                                                                                                                  
                                                                                                                                                  
                                                                *******************************                                                   
                                                                  DOWNWARD LONGWAVE RADIATION                                                     
                                                                *******************************                                                   
                                                                                                                  COUNTRY = JAPAN                 
                                                                                                                                                  
                                                                                                                                                  
                                                                     UNIT  = 0.01 MJ/m**2                                                         
                        STATION    : Tateno                                                                                                       
                        STATION NO.: 47646                                                                                                        
                        LOCATION   : 140ﾟ08' E                                                                                                    
                                      36ﾟ03' N                                                                                                    
                        ALTITUDE   :   25.2  m                                                                                                    
                        YEAR/MONTH : 2018/09                                                                                                      
                                                                                                                                                  
              DATE   -01  -02  -03  -04  -05  -06  -07  -08  -09  -10  -11  -12  -13  -14  -15  -16  -17  -18  -19  -20  -21  -22  -23  -24  TOTAL
                                                                                                                                                  
               9 1   143  148  149  148  153  150  147  150  149  150  152  158  156  160  159  156  156  152  150  152  152  150  148  149   3637
               9 2   150  150  150  149  149  148  149  149  149  148  148  148  152  152  154  154  154  153  153  151  152  150  145  150   3607
               9 3   145  150  152  153  152  152  152  153  153  151  152  150  153  154  154  153  147  148  150  154  143  145  140  139   3595
               9 4   139  140  140  147  152  152  155  156  158  155  156  162  159  163  161  159  159  158  159  157  159  156  156  159   3717
               9 5   158  161  159  160  151  151  150  147  151  147  150  147  148  148  148  147  146  144  142  144  144  144  144  145   3576
               9 6   146  145  147  141  136  135  136  138  139  142  144  148  150  155  153  152  153  150  151  149  150  149  148  141   3498
               9 7   149  152  153  152  152  149  150  152  154  157  159  159  155  154  154  153  150  149  145  144  144  144  144  146   3620
               9 8   147  146  147  147  147  147  149  149  149  151  153  158  159  159  159  162  159  158  156  155  155  156  156  155   3679
               9 9   151  151  156  147  147  155  157  155  149  153  150  148  145  144  143  144  145  145  145  143  146  146  143  145   3553
               910   145  143  150  154  150  149  150  155  156  156  157  159  158  158  155  154  156  152  151  151  152  152  151  150   3664
               911   149  147  145  145  142  138  142  143  144  140  145  145  149  146  144  138  131  135  142  135  124  126  127  125   3347
               912   125  125  125  125  124  124  128  124  125  126  133  138  139  138  138  139  136  136  138  140  141  139  138  137   3181
               913   143  137  136  137  139  137  138  133  141  142  139  147  153  150  149  153  150  147  148  145  146  145  147  145   3447
               914   148  147  147  147  147  147  145  146  148  150  149  150  150  151  151  149  142  138  145  143  143  144  147  146   3520
               915   148  149  147  146  148  147  148  150  150  151  150  150  149  149  147  149  147  148  147  147  146  148  148  148   3557
               916   148  147  147  143  143  142  144  145  141  144  154  155  155  149  155  155  144  141  140  145  142  138  142  139   3498
               917   138  137  136  136  136  136  137  139  141  143  145  150  153  154  144  146  146  152  152  150  148  146  147  146   3458
               918   143  144  144  142  133  139  138  132  134  145  144  142  148  149  150  149  142  148  150  149  146  145  148  147   3451
               919   142  142  143  139  134  135  129  129  128  123  125  128  134  130  126  125  126  125  124  124  128  134  129  126   3128
               920   124  125  139  139  140  136  137  139  139  141  142  143  144  145  146  146  143  141  140  139  138  139  139  140   3344
               921   140  140  141  142  143  144  144  144  144  145  146  147  148  149  148  148  148  148  148  148  148  147  147  146   3493
               922   147  145  144  146  147  147  147  147  148  149  150  148  147  152  152  149  145  140  139  137  136  135  142  149   3488
               923   149  146  148  149  149  145  145  146  147  144  137  142  138  141  145  136  143  137  139  141  146  150  149  149   3461
               924   146  146  143  139  146  147  150  150  146  154  155  153  154  156  153  148  144  142  141  137  141  143  145  136   3515
               925   136  136  139  146  141  142  148  147  147  151  152  150  151  147  146  144  143  145  144  144  141  141  142  144   3467
               926   144  144  143  143  142  142  141  141  142  142  143  144  144  144  144  144  143  142  142  142  140  140  140  140   3416
               927   140  138  139  139  138  137  137  138  138  140  138  142  142  142  141  137  132  127  126  125  125  121  118  117   3217
               928   116  115  114  113  121  137  137  134  132  116  119  121  123  128  125  125  124  123  121  124  126  127  125  125   2971
               929   131  123  130  134  126  133  138  139  141  142  142  144  147  147  146  146  145  145  143  142  141  140  142  141   3348
               930   142  143  143  144  144  145  146  147  148  149  148  147  143  143  148  151  152  151  152  150  149  153  160  159   3557
              ------------------------------------------------------------------------------------------------------------------------------------
              TOTAL 4272 4262 4296 4292 4272 4288 4314 4317 4331 4347 4377 4423 4446 4457 4438 4411 4351 4320 4323 4307 4292 4293 4297 4284 104010
              MEAN   142  142  143  143  142  143  144  144  144  145  146  147  148  149  148  147  145  144  144  144  143  143  143  143   3467
              MAX    158  161  159  160  153  155  157  156  158  157  159  162  159  163  161  162  159  158  159  157  159  156  160  159   3717
                N     30   30   30   30   30   30   30   30   30   30   30   30   30   30   30   30   30   30   30   30   30   30   30   30     30
              NOTE                                                                                                                                
                                                                                                                                                  
                   *): WITH MISSING DATA; TOTAL,MEAN,MAXIMUM ESTIMATED                                                                            
                                                                                                                                                  
                                                                                                                                                  
                                                                                                                                                  
