                                                                                                                                                  
                                                                                                                                                  
                                                                *******************************                                                   
                                                                  DOWNWARD LONGWAVE RADIATION                                                     
                                                                *******************************                                                   
                                                                                                                  COUNTRY = JAPAN                 
                                                                                                                                                  
                                                                                                                                                  
                                                                     UNIT  = 0.01 MJ/m**2                                                         
                        STATION    : Tateno                                                                                                       
                        STATION NO.: 47646                                                                                                        
                        LOCATION   : 140ﾟ08' E                                                                                                    
                                      36ﾟ03' N                                                                                                    
                        ALTITUDE   :   25.2  m                                                                                                    
                        YEAR/MONTH : 2018/01                                                                                                      
                                                                                                                                                  
              DATE   -01  -02  -03  -04  -05  -06  -07  -08  -09  -10  -11  -12  -13  -14  -15  -16  -17  -18  -19  -20  -21  -22  -23  -24  TOTAL
                                                                                                                                                  
               1 1    88   88   87   87   86   86   86   85   84   85   87   90   90   90   90   89   88   87   86   86   86   85   84   83   2083
               1 2    83   82   82   82   81   81   82   82   82   84   85   85   86   86   86   86   86   86   86   86   85   86   85   86   2021
               1 3    84   82   82   81   80   80   79   79   79   80   80   80   82   83   83   83   82   82   81   80   80   80   80   80   1942
               1 4    81   81   81   80   80   80   80   79   80   82   83   84   86   85   86   84   83   82   82   82   82   81   81   80   1965
               1 5    84   86   93   97   99   91   80   86   89   89   90  101  108  109  112  111  110  112  111  109   95   93   86   82   2323
               1 6    81   81   80   79   79   80   78   80   83   83   85   85   86   87   89   89   89   90   89   87   85   83   83   83   2014
               1 7    82   82   81   81   81   81   81   81   82   83   84   86   87   88   88   89   88   89   93   97   95   93   93   95   2080
               1 8   105  114  114  113  115  114  109  101  104  111  115  117  112  114  121  120  120  122  121  121  122  123  122  121   2771
               1 9   122  122  123  122  122  121  120  119  121  111  119  118  101  121  115   99   97   92   89   87   86   84   83   83   2577
               110    82   82   81   81   81   81   81   81   82   83   85   87   88   90   93   91   90   88   87   86   86   86   86   85   2043
               111    84   83   83   82   81   81   81   80   80   82   83   84   85   85   83   82   82   80   79   79   78   76   76   75   1944
               112    75   75   75   74   74   74   75   74   75   77   78   79   80   80   80   82   85   84   84   85   87   80   78   78   1888
               113    78   78   77   77   77   76   76   76   76   77   79   80   81   82   82   83   83   83   82   83   83   85   83   82   1919
               114    81   79   78   77   76   77   77   77   77   79   80   81   81   81   82   82   82   81   81   81   82   83   82   82   1919
               115    81   81   80   80   81   81   81   81   82   85   93   95   97   99   94   91   91   90   88   87   87   87   88   87   2087
               116    87   87   87   86   87   89   86   85   87   89   92   98  109  110  106  101  103  101   99  101   98   97   96   96   2277
               117    97   96   96  109  114  115  113  116  117  116  124  126  127  127  128  129  129  128  128  127  127  125  123  122   2859
               118   122  106   95   92   91   91   90   90   91   93   95   99   99  102  105  108  120  105  101  112  103  104  104   98   2416
               119    93   92   92   92   92   90   90   91   94   94   98  110  102  108  114  118  118  118  118  117  115  114  109  102   2481
               120   103   96  111  114  115  115  115  115  116  116  112  115  116  115  113   98   93   93   92   92   91   91   91   91   2519
               121    90   90   89   89   89   88   88   87   87   90   92   94   98   96   94   94   94   95   95   98   99   94   94   91   2215
               122    85   85   93   98   95   91  108  112  113  113  112  112  113  113  113  113  113  113  112  111  111  111  111  109   2560
               123   108  109  103  106   92   84   84   84   84   85   86   88   87   87   89   89   87   88   85   82   81   79   79   79   2125
               124    78   78   77   77   77   76   76   76   76   77   78   79   79   80   81   82   85   79   76   75   74   74   72   72   1854
               125    71   70   69   68   69   69   69   70   71   72   73   73   73   74   74   74   75   75   74   74   73   73   74   74   1731
               126    73   73   73   73   74   74   74   74   74   75   76   76   76   77   77   76   75   73   71   72   73   73   73   73   1778
               127    73   73   73   73   73   73   74   75   75   76   77   78   80   81   81   80   79   77   76   77   77   77   77   77   1832
               128    77   77   76   76   76   76   78   79   88   93  109  112  112  112  113  108  102   87   86   85   85   85   84   84   2160
               129    84   88   95   86   83   82   82   81   82   86   88   90   98  104   92   93   90   89   91   94   98  115  113   95   2199
               130    94  101  111  108   86   78   79   84   83   78   78   78   79   81   82   83   83   82   82   83  105  100   86   82   2086
               131    82   81   80   79   78   77   77   77   77   78   80   82   83   85   89   91   92   93   89   89   89   92   88   88   2016
              ------------------------------------------------------------------------------------------------------------------------------------
              TOTAL 2708 2698 2717 2719 2684 2652 2649 2657 2691 2722 2796 2862 2881 2932 2935 2898 2894 2844 2814 2825 2818 2809 2764 2715  66684
              MEAN    87   87   88   88   87   86   85   86   87   88   90   92   93   95   95   93   93   92   91   91   91   91   89   88   2151
              MAX    122  122  123  122  122  121  120  119  121  116  124  126  127  127  128  129  129  128  128  127  127  125  123  122   2859
                N     31   31   31   31   31   31   31   31   31   31   31   31   31   31   31   31   31   31   31   31   31   31   31   31     31
              NOTE                                                                                                                                
                                                                                                                                                  
                   *): WITH MISSING DATA; TOTAL,MEAN,MAXIMUM ESTIMATED                                                                            
                                                                                                                                                  
                                                                                                                                                  
