                                                                                                                                                  
                                                                                                                                                  
                                                                *******************************                                                   
                                                                  DOWNWARD LONGWAVE RADIATION                                                     
                                                                *******************************                                                   
                                                                                                                  COUNTRY = JAPAN                 
                                                                                                                                                  
                                                                                                                                                  
                                                                     UNIT  = 0.01 MJ/m**2                                                         
                        STATION    : Tateno                                                                                                       
                        STATION NO.: 47646                                                                                                        
                        LOCATION   : 140ﾟ08' E                                                                                                    
                                      36ﾟ03' N                                                                                                    
                        ALTITUDE   :   25.2  m                                                                                                    
                        YEAR/MONTH : 2018/08                                                                                                      
                                                                                                                                                  
              DATE   -01  -02  -03  -04  -05  -06  -07  -08  -09  -10  -11  -12  -13  -14  -15  -16  -17  -18  -19  -20  -21  -22  -23  -24  TOTAL
                                                                                                                                                  
               8 1   145  145  145  145  146  147  151  152  151  154  157  159  161  164  168  170  168  166  157  155  153  155  156  159   3729
               8 2   153  152  149  149  148  147  148  150  153  158  159  161  163  162  160  158  157  156  155  155  155  151  150  150   3699
               8 3   150  149  152  153  150  150  150  154  154  155  155  154  153  153  152  152  151  149  148  147  147  149  149  146   3622
               8 4   148  154  149  145  143  141  142  144  145  148  150  152  156  156  153  153  154  153  151  151  152  150  149  148   3587
               8 5   147  147  146  147  149  149  155  162  155  154  156  158  161  160  160  158  156  156  155  154  156  158  153  152   3704
               8 6   151  152  160  163  163  162  160  160  161  161  160  160  157  158  154  154  160  158  156  156  157  156  156  155   3790
               8 7   155  154  154  153  153  153  152  152  152  152  153  154  153  155  156  156  156  156  154  152  153  152  152  153   3685
               8 8   152  147  147  145  141  154  155  156  157  158  159  159  159  159  159  160  161  161  161  161  161  160  160  159   3751
               8 9   158  157  157  157  157  156  156  156  158  160  161  160  160  160  162  164  161  158  153  152  150  149  148  149   3759
               810   157  156  150  149  150  156  158  154  155  158  162  167  164  162  164  160  157  154  152  153  155  157  158  161   3769
               811   156  156  158  160  160  157  159  160  154  156  160  161  164  163  166  165  163  163  157  155  152  158  158  153   3814
               812   152  147  152  156  154  154  157  159  159  161  161  162  162  161  162  158  160  161  154  154  155  152  153  152   3758
               813   153  154  159  159  160  159  160  161  161  159  155  162  164  166  167  168  163  157  161  158  152  150  150  151   3809
               814   153  149  148  147  148  151  155  150  155  156  160  161  161  160  158  157  155  153  151  150  150  150  150  149   3677
               815   150  151  150  147  145  146  147  150  152  153  153  154  155  156  155  156  157  153  153  153  153  151  152  150   3642
               816   151  150  148  151  153  151  152  156  156  154  156  157  157  158  159  160  158  160  161  155  152  155  155  154   3719
               817   154  154  153  151  142  136  127  124  126  127  129  131  129  130  134  130  129  131  125  123  121  121  120  118   3165
               818   118  117  116  116  116  116  116  117  120  124  125  130  131  129  127  127  127  126  127  125  124  122  121  121   2938
               819   121  121  121  121  122  121  121  123  126  134  136  138  140  138  140  141  139  134  131  133  130  127  127  127   3112
               820   129  133  136  144  147  143  149  151  151  149  154  155  156  157  158  157  157  156  154  154  155  156  151  154   3606
               821   154  147  155  155  154  154  156  158  160  156  155  157  155  153  152  150  148  147  147  147  146  145  146  146   3643
               822   149  149  148  146  146  146  147  153  154  155  155  152  154  155  155  153  151  153  151  148  146  144  144  143   3597
               823   142  143  142  142  142  142  144  146  151  157  157  160  163  163  163  161  156  154  155  152  153  154  156  155   3653
               824   156  161  162  159  159  163  162  160  160  161  164  163  163  162  160  158  157  154  153  152  152  152  154  151   3798
               825   151  151  151  151  151  152  150  153  155  157  160  161  163  163  161  161  159  159  162  157  156  157  155  152   3748
               826   151  152  151  152  149  148  149  151  153  155  157  157  158  160  160  161  162  161  160  160  154  154  152  150   3717
               827   147  145  144  144  143  143  143  145  148  150  154  160  157  155  154  152  147  148  155  157  155  154  156  156   3612
               828   154  150  149  151  147  145  152  152  151  150  155  156  157  159  157  153  153  154  152  151  156  151  152  151   3658
               829   156  155  153  155  154  155  156  156  156  156  157  157  156  159  155  152  154  147  157  156  153  155  156  155   3721
               830   156  153  155  152  155  157  156  150  149  160  157  154  160  157  158  157  156  159  157  150  155  150  147  146   3706
               831   148  148  148  146  146  145  145  147  150  152  156  159  162  160  158  162  162  153  153  150  147  146  143  145   3631
              ------------------------------------------------------------------------------------------------------------------------------------
              TOTAL 4617 4599 4608 4611 4593 4599 4630 4662 4688 4740 4788 4831 4854 4853 4847 4824 4794 4750 4718 4676 4656 4641 4629 4611 112819
              MEAN   149  148  149  149  148  148  149  150  151  153  154  156  157  157  156  156  155  153  152  151  150  150  149  149   3639
              MAX    158  161  162  163  163  163  162  162  161  161  164  167  164  166  168  170  168  166  162  161  161  160  160  161   3814
                N     31   31   31   31   31   31   31   31   31   31   31   31   31   31   31   31   31   31   31   31   31   31   31   31     31
              NOTE                                                                                                                                
                                                                                                                                                  
                   *): WITH MISSING DATA; TOTAL,MEAN,MAXIMUM ESTIMATED                                                                            
                                                                                                                                                  
                                                                                                                                                  
