                                                                                                                                                  
                                                                                                                                                  
                                                                *******************************                                                   
                                                                  DOWNWARD LONGWAVE RADIATION                                                     
                                                                *******************************                                                   
                                                                                                                  COUNTRY = JAPAN                 
                                                                                                                                                  
                                                                                                                                                  
                                                                     UNIT  = 0.01 MJ/m**2                                                         
                        STATION    : Tateno                                                                                                       
                        STATION NO.: 47646                                                                                                        
                        LOCATION   : 140ﾟ08' E                                                                                                    
                                      36ﾟ03' N                                                                                                    
                        ALTITUDE   :   25.2  m                                                                                                    
                        YEAR/MONTH : 2018/03                                                                                                      
                                                                                                                                                  
              DATE   -01  -02  -03  -04  -05  -06  -07  -08  -09  -10  -11  -12  -13  -14  -15  -16  -17  -18  -19  -20  -21  -22  -23  -24  TOTAL
                                                                                                                                                  
               3 1   126  126  128  129  131  132  132  130  128  132  115  108  106  107  107  103  102  100   99   98   96   92   90   89   2706
               3 2    89   88   87   86   85   85   84   84   86   88   87   88   87   88   89   89   89   88   88   88   87   87   87   85   2089
               3 3    85   85   85   85   85   85   85   87   89   91   94   98  105  106  111  109  110  111  112  111  110  109  109  105   2362
               3 4    97   96   95   94   94   93   92   93   95   99  104  110  115  113  112  111  110  110  109  108  108  108  108  108   2482
               3 5   108  109  117  125  119  130  129  125  134  130  133  138  142  143  143  144  144  145  144  144  142  134  127  126   3175
               3 6   124  123  123  122  120  119  119  118  117  118  118  119  118  100  102  100   91   90   89   89   86   85   84   83   2557
               3 7    83   82   82   81   81   81   81   82   85   85   85   89   96  109  106  102   98   99  106  106  106  102  115  117   2259
               3 8   117  114  111  115  117  117  118  119  120  121  122  123  124  124  126  128  129  128  129  130  129  129  130  135   2955
               3 9   140  141  139  136  141  142  143  143  143  141  136  135  133  132  133  131  128  126  124  123  122  121  121  120   3194
               310   119  119  118  118  117  108  105  111  115  111  116  117  117  117  110  101   93   92   92   91   91   91  103   99   2571
               311   113  105  105  113  115  115  114  114  105  115  120  116  122  122  107  111  109  107   98   98  110   97   92   90   2613
               312    88   87   85   84   84   84   84   84   86   87   88   90   91   92   93   95   95   95   94   94   94   94   95  108   2171
               313   104   96   96  103   99  106   99   95   97   99  101  103  104  105  106  105  103  104  104  103  104  103  103  102   2444
               314   102  101   99   97   96   95   94   94   97   99  101  104  107  108  110  112  110  111  109  109  108  107  107  106   2483
               315   106  105  104  103  102  101  102  103  107  112  112  113  118  121  114  113  112  110  110  110  110  111  113  123   2635
               316   131  132  130  129  132  131  132  132  132  133  132  134  133  130  129  128  126  125  123  121  119  117  116  114   3061
               317   112  100   97   86   88   85   82   83   84   85   86   87   88   89   94   93   91   90   90   90   90   90   90   92   2162
               318   104  111  116  109  104  101  101  111  114  100  103  105  114  115  119  119  118  119  119  118  116  116  116  116   2684
               319   119  117  107  110  112  113  116  120  121  123  120  120  124  125  126  128  131  130  127  130  129  129  130  130   2937
               320   130  129  128  127  126  124  123  122  121  121  121  122  122  121  119  116  112  112  112  107  109  112  111  109   2856
               321   111  113  113  113  114  115  115  115  116  116  118  118  117  117  117  118  118  118  119  120  120  120  121  123   2805
               322   126  126  128  129  130  131  129  124  125  126  123  128  128  128  123  113  113  111  106  107  106  123  122  122   2927
               323   122  120  120  118  119  120  120  116  118  117  112  109  114  120  122  117  110  103  109  107  107  116  119  119   2774
               324   121  119  120  115  101   97   94   95   98   99  104  120  121  119  114  118  116  116  114  108  119  120  106  106   2660
               325   109   98   95   94   93   92   92   93   95   97   99  100  101  101  102  103  104  104  102  102  102  102  101  100   2381
               326   101  101  100   99   99   97   96   98  101  105  106  106  109  108  109  110  109  109  107  106  106  106  106  105   2499
               327   104  102  101  101  101   99   99  101  106  108  112  113  116  118  122  124  127  129  117  115  115  121  113  119   2683
               328   116  114  109  109  108  106  106  107  108  111  113  114  115  117  117  117  117  115  112  111  110  110  110  109   2681
               329   109  109  108  108  107  106  105  106  108  111  113  116  118  119  120  116  118  116  116  116  117  118  121  121   2722
               330   127  115  111  107  103   99   96   92   91   92   93   95   96   96   97   97   98   97   97   97   97   96   97  105   2391
               331   106   94   92   92   92   92   92   93   95   97   99  100  101  103  105  106  106  106  105  106  106  106  106  107   2407
              ------------------------------------------------------------------------------------------------------------------------------------
              TOTAL 3449 3377 3349 3337 3315 3301 3279 3290 3337 3369 3386 3438 3502 3513 3504 3477 3437 3416 3382 3363 3371 3372 3369 3393  81326
              MEAN   111  109  108  108  107  106  106  106  108  109  109  111  113  113  113  112  111  110  109  108  109  109  109  109   2623
              MAX    140  141  139  136  141  142  143  143  143  141  136  138  142  143  143  144  144  145  144  144  142  134  130  135   3194
                N     31   31   31   31   31   31   31   31   31   31   31   31   31   31   31   31   31   31   31   31   31   31   31   31     31
              NOTE                                                                                                                                
                                                                                                                                                  
                   *): WITH MISSING DATA; TOTAL,MEAN,MAXIMUM ESTIMATED                                                                            
                                                                                                                                                  
                                                                                                                                                  
