                                                                                                                                                  
                                                                                                                                                  
                                                                *******************************                                                   
                                                                  DOWNWARD LONGWAVE RADIATION                                                     
                                                                *******************************                                                   
                                                                                                                  COUNTRY = JAPAN                 
                                                                                                                                                  
                                                                                                                                                  
                                                                     UNIT  = 0.01 MJ/m**2                                                         
                        STATION    : Tateno                                                                                                       
                        STATION NO.: 47646                                                                                                        
                        LOCATION   : 140ﾟ08' E                                                                                                    
                                      36ﾟ03' N                                                                                                    
                        ALTITUDE   :   25.2  m                                                                                                    
                        YEAR/MONTH : 2018/07                                                                                                      
                                                                                                                                                  
              DATE   -01  -02  -03  -04  -05  -06  -07  -08  -09  -10  -11  -12  -13  -14  -15  -16  -17  -18  -19  -20  -21  -22  -23  -24  TOTAL
                                                                                                                                                  
               7 1   144  142  142  141  146  148  149  149  149  145  145  145  144  142  143  143  144  142  141  140  140  140  140  140   3444
               7 2   140  140  140  139  138  139  140  142  144  146  148  149  149  151  152  151  150  148  145  143  143  144  143  142   3466
               7 3   142  142  142  142  142  143  144  146  149  151  152  150  147  145  141  140  140  140  141  138  139  139  139  137   3431
               7 4   140  141  141  141  143  151  152  152  152  156  157  156  154  155  155  151  150  151  154  154  155  156  156  153   3626
               7 5   154  149  152  154  155  156  155  155  156  157  159  158  157  157  157  157  155  154  154  154  154  155  155  156   3725
               7 6   155  157  157  158  156  153  153  152  151  150  150  149  148  148  147  147  146  146  145  146  146  146  147  147   3600
               7 7   147  147  148  148  148  148  150  150  149  151  150  148  148  150  150  148  147  146  144  144  142  138  138  139   3518
               7 8   139  139  138  137  139  141  143  146  151  153  152  150  150  150  150  149  149  146  149  146  145  146  145  144   3497
               7 9   144  144  144  143  144  144  149  154  159  156  152  150  150  157  153  152  153  151  151  151  149  150  151  145   3596
               710   143  145  142  144  143  143  145  147  152  158  159  158  158  155  151  154  155  152  156  152  156  155  150  148   3621
               711   147  154  155  155  151  147  149  150  150  150  151  154  157  160  161  159  159  158  157  154  154  156  160  155   3703
               712   154  151  151  151  149  152  151  150  149  151  157  156  157  152  156  152  153  151  150  149  148  151  151  153   3645
               713   154  151  147  152  150  147  148  151  153  153  154  154  157  156  158  166  165  159  157  154  153  153  150  149   3691
               714   148  147  147  147  147  146  150  153  155  155  156  155  154  155  157  157  157  159  161  158  157  147  150  152   3670
               715   156  158  160  160  160  159  159  156  158  159  160  160  158  156  156  154  153  152  151  149  149  149  149  149   3730
               716   148  149  148  148  148  148  150  155  157  158  160  161  161  162  163  159  158  158  158  157  152  152  152  150   3712
               717   151  152  151  153  151  153  150  155  165  163  161  158  160  160  159  159  157  158  156  153  154  153  153  153   3738
               718   151  150  153  154  152  152  150  151  152  154  160  164  164  166  162  164  160  160  158  157  157  155  155  155   3756
               719   151  149  148  148  148  149  149  152  159  160  160  161  161  160  158  157  155  153  151  150  148  147  147  148   3669
               720   147  150  152  148  148  147  155  156  165  166  166  161  156  157  155  154  152  150  149  148  148  147  148  148   3673
               721   148  147  147  147  147  147  148  151  154  156  159  163  167  164  162  158  157  155  153  152  152  151  152  152   3689
               722   150  149  148  148  148  149  150  153  156  158  160  160  163  162  159  160  161  160  159  158  157  157  159  158   3742
               723   156  154  151  149  147  149  151  151  153  155  156  156  155  156  158  161  164  161  156  156  153  150  155  156   3709
               724   153  153  157  155  155  158  158  159  159  153  149  152  151  153  155  159  160  155  152  154  160  158  158  155   3731
               725   158  159  159  157  158  150  149  152  158  159  160  151  151  150  148  147  148  146  144  147  150  147  152  151   3651
               726   152  150  153  153  153  152  151  151  149  156  153  144  151  154  143  137  135  135  137  150  151  137  147  144   3538
               727   137  131  130  139  147  138  131  131  140  147  153  155  152  154  152  145  143  142  142  141  143  143  147  150   3433
               728   150  150  149  150  151  152  153  154  156  158  159  160  161  161  162  161  160  160  161  161  162  162  161  161   3775
               729   161  160  160  160  160  159  158  159  153  156  159  156  155  158  156  153  151  151  148  147  145  149  159  160   3733
               730   155  145  147  150  152  148  150  149  152  158  160  157  163  162  157  162  159  153  151  149  148  148  151  146   3672
               731   144  144  143  145  146  142  143  147  153  155  157  155  156  158  158  155  155  152  150  148  148  147  146  146   3593
              ------------------------------------------------------------------------------------------------------------------------------------
              TOTAL 4619 4599 4602 4616 4622 4610 4633 4679 4758 4803 4834 4806 4815 4826 4794 4771 4751 4704 4681 4660 4658 4628 4666 4642 112777
              MEAN   149  148  148  149  149  149  149  151  153  155  156  155  155  156  155  154  153  152  151  150  150  149  151  150   3638
              MAX    161  160  160  160  160  159  159  159  165  166  166  164  167  166  163  166  165  161  161  161  162  162  161  161   3775
                N     31   31   31   31   31   31   31   31   31   31   31   31   31   31   31   31   31   31   31   31   31   31   31   31     31
              NOTE                                                                                                                                
                                                                                                                                                  
                   *): WITH MISSING DATA; TOTAL,MEAN,MAXIMUM ESTIMATED                                                                            
                                                                                                                                                  
                                                                                                                                                  
