                                                                                                                                                  
                                                                                                                                                  
                                                                *******************************                                                   
                                                                  DOWNWARD LONGWAVE RADIATION                                                     
                                                                *******************************                                                   
                                                                                                                  COUNTRY = JAPAN                 
                                                                                                                                                  
                                                                                                                                                  
                                                                     UNIT  = 0.01 MJ/m**2                                                         
                        STATION    : Tateno                                                                                                       
                        STATION NO.: 47646                                                                                                        
                        LOCATION   : 140ﾟ08' E                                                                                                    
                                      36ﾟ03' N                                                                                                    
                        ALTITUDE   :   25.2  m                                                                                                    
                        YEAR/MONTH : 2018/11                                                                                                      
                                                                                                                                                  
              DATE   -01  -02  -03  -04  -05  -06  -07  -08  -09  -10  -11  -12  -13  -14  -15  -16  -17  -18  -19  -20  -21  -22  -23  -24  TOTAL
                                                                                                                                                  
              11 1    97   96   96   94   95   95   96   97   99  100  101  102  103  103  104  104  105  104  104  104  103  107  103  104   2416
              11 2   103  100  100   98   98   97   96   97   99  102  103  105  106  106  106  106  107  107  106  106  120  124  112  105   2509
              11 3   104  104  103  103  102  102  103  102  104  106  109  115  116  119  116  114  113  112  111  111  111  112  118  113   2623
              11 4   117  120  117  111  113  130  130  130  132  130  133  135  139  138  135  136  139  137  138  138  139  137  139  139   3152
              11 5   136  135  137  136  137  138  129  126  123  122  130  129  134  133  136  133  131  125  127  127  127  134  139  138   3162
              11 6   132  126  130  125  125  127  132  136  134  139  140  141  145  143  143  144  143  142  140  141  140  140  140  139   3287
              11 7   137  137  136  137  135  130  125  130  128  120  131  127  128  122  119  115  116  115  112  113  113  114  115  112   2967
              11 8   111  113  111  111  113  110  111  111  114  117  116  118  122  121  121  118  118  134  138  138  138  139  138  138   2919
              11 9   139  138  138  138  139  139  139  140  140  140  140  140  139  138  141  141  140  141  141  140  130  122  123  128   3294
              1110   140  136  140  141  141  140  140  140  141  139  125  134  131  125  137  134  134  133  137  128  126  131  133  132   3238
              1111   122  126  111  118  124  107  104  103  105  107  119  116  124  120  114  112  133  128  117  126  132  134  123  127   2852
              1112   127  126  126  128  125  126  130  130  135  137  137  139  138  137  132  130  126  132  133  135  132  136  137  135   3169
              1113   134  130  130  132  133  128  132  124  123  132  132  132  132  132  130  128  129  125  128  123  130  129  128  128   3104
              1114   127  126  126  126  122  124  123  118  104  104  101  101  103  102  101  101  102  101  100  100   99   99   98   97   2605
              1115    96   96   95   95   94   94   93   94   96   98  100  101  102  103  103  103  102  101  101  101  101  100   99   99   2367
              1116    98  100   99   98   97   96   95   95   98  101  104  113  110  125  119  115  117  125  111  109  111  113  118  120   2587
              1117   121  121  121  121  121  117  114  108  103  105  105  107  110  111  113  111  109  107  105  105  105  107  116  112   2675
              1118   122  110  108  106  105  106  109  111  110  109  112  112  114  116  111  115  115  116  128  129  130  130  130  131   2785
              1119   132  132  132  132  132  131  131  131  131  123  122  125  127  128  129  129  129  129  124  131  134  132  130  129   3105
              1120   126  127  126  126  124  122  113  114  115  116  109  108  109  103  115  114  106   99   98   98   97   97   96   95   2653
              1121    94   93   93   92   92   93   93   92   93   95  101  108  104  102  103  103  106  106  108  116  116  123  130  131   2487
              1122   130  129  130  130  131  129  130  131  131  130  128  131  129  126  124  118  104  101  100   99   99   98   97   95   2850
              1123    93   92   91   91   90   90   89   89   90   92   93   94   95   95   96   98  110  105  113  105   98  104  105  115   2333
              1124   114  108  116  114  114  107  113  104  111  116  119  120  114  115  118  122  108  122  122  110  109  106  123  105   2730
              1125   111  119  117  115  109   99   97   95  101   98  101  101  102  103  104  104  105  107  106  102  104  107  107  108   2522
              1126   108  108  108  106  106  102   99   98   99  101  106  109  112  112  113  114  114  114  114  115  113  115  116  119   2621
              1127   116  115  120  115  123  129  130  131  132  132  135  136  133  113  110  110  109  108  107  107  106  106  105  105   2833
              1128   104  103  109  116  105  102  112  110  111  102  103  105  107  111  112  113  117  124  126  129  129  130  128  130   2738
              1129   130  129  129  123  115  117  124  125  118  108  103  106  105  101  100  101  105  105  114  121  113  123  120  111   2746
              1130   100  100   96   93   92   92   91   91   93   94   96   97   98   99  106  105  103  118  121  122  123  118  115  108   2471
              ------------------------------------------------------------------------------------------------------------------------------------
              TOTAL 3521 3495 3491 3471 3452 3419 3423 3403 3413 3415 3454 3507 3531 3502 3511 3491 3495 3523 3530 3529 3528 3567 3581 3548  83800
              MEAN   117  117  116  116  115  114  114  113  114  114  115  117  118  117  117  116  117  117  118  118  118  119  119  118   2793
              MAX    140  138  140  141  141  140  140  140  141  140  140  141  145  143  143  144  143  142  141  141  140  140  140  139   3294
                N     30   30   30   30   30   30   30   30   30   30   30   30   30   30   30   30   30   30   30   30   30   30   30   30     30
              NOTE                                                                                                                                
                                                                                                                                                  
                   *): WITH MISSING DATA; TOTAL,MEAN,MAXIMUM ESTIMATED                                                                            
                                                                                                                                                  
                                                                                                                                                  
                                                                                                                                                  
