                                                                                                                                                  
                                                                                                                                                  
                                                                *******************************                                                   
                                                                  DOWNWARD LONGWAVE RADIATION                                                     
                                                                *******************************                                                   
                                                                                                                  COUNTRY = JAPAN                 
                                                                                                                                                  
                                                                                                                                                  
                                                                     UNIT  = 0.01 MJ/m**2                                                         
                        STATION    : Tateno                                                                                                       
                        STATION NO.: 47646                                                                                                        
                        LOCATION   : 140ﾟ08' E                                                                                                    
                                      36ﾟ03' N                                                                                                    
                        ALTITUDE   :   25.2  m                                                                                                    
                        YEAR/MONTH : 2018/06                                                                                                      
                                                                                                                                                  
              DATE   -01  -02  -03  -04  -05  -06  -07  -08  -09  -10  -11  -12  -13  -14  -15  -16  -17  -18  -19  -20  -21  -22  -23  -24  TOTAL
                                                                                                                                                  
               6 1   133  135  127  126  118  114  116  117  121  122  128  135  142  142  135  125  124  123  126  137  136  129  133  135   3079
               6 2   136  138  138  132  123  128  138  131  121  133  131  140  133  131  133  129  128  127  126  124  123  123  122  122   3110
               6 3   121  120  119  119  118  118  119  121  122  124  126  134  136  128  130  134  130  126  124  123  122  124  122  123   2983
               6 4   124  125  127  125  124  120  122  122  122  121  120  124  126  126  125  123  120  118  120  122  120  119  118  116   2929
               6 5   116  118  127  133  139  136  141  143  141  130  129  134  135  140  139  138  139  143  140  143  142  140  141  142   3269
               6 6   142  143  143  144  145  144  143  144  144  144  146  146  148  147  147  146  146  145  145  145  145  144  144  145   3475
               6 7   143  143  142  141  140  137  135  133  131  130  133  133  134  134  135  136  138  138  134  132  129  127  126  125   3229
               6 8   124  124  123  123  124  124  127  133  140  140  138  137  140  143  149  138  137  137  141  145  148  146  146  147   3274
               6 9   146  149  143  135  135  135  142  145  140  141  146  151  152  146  150  154  145  144  141  140  145  140  144  144   3453
               610   144  147  146  145  145  145  145  145  145  146  146  146  146  145  145  145  146  146  147  147  148  148  149  148   3505
               611   147  146  148  149  148  147  146  146  146  147  147  147  148  148  149  149  149  148  148  147  146  146  146  145   3533
               612   145  140  143  144  144  145  145  146  147  147  147  147  147  147  147  146  145  145  145  144  144  144  144  143   3481
               613   142  142  142  141  143  143  143  144  144  145  138  134  131  132  132  132  133  131  128  128  133  127  124  135   3267
               614   128  131  127  135  142  139  137  141  140  131  136  141  141  143  142  137  132  134  136  140  139  135  142  141   3290
               615   142  144  144  144  143  142  142  141  140  140  140  140  140  140  140  140  138  139  139  139  139  138  139  138   3371
               616   137  136  136  136  136  135  136  135  135  135  136  137  137  138  137  137  136  136  136  135  135  135  135  135   3262
               617   130  129  130  131  132  134  133  132  136  137  140  142  142  143  143  141  142  138  142  142  141  141  141  141   3303
               618   135  139  139  141  143  141  141  144  145  147  147  146  147  146  146  146  145  146  141  141  132  127  141  144   3410
               619   141  141  142  143  144  138  129  131  138  140  140  144  137  135  134  131  130  129  128  128  134  143  143  143   3286
               620   143  143  144  145  146  148  149  149  149  150  150  150  151  151  151  150  148  147  147  146  147  147  147  147   3545
               621   146  146  146  144  145  144  143  146  146  145  149  149  150  149  149  151  152  151  148  145  132  131  130  130   3467
               622   128  128  128  140  144  147  148  145  134  139  138  136  141  143  135  133  131  131  131  131  130  130  131  129   3251
               623   129  130  129  131  133  135  135  138  140  144  145  144  147  146  147  149  149  147  147  146  139  136  130  128   3344
               624   137  137  134  139  139  142  144  146  146  146  146  143  139  137  142  143  139  135  136  137  134  132  131  134   3338
               625   133  131  130  131  127  127  128  128  130  133  137  140  143  144  143  142  142  142  140  137  133  133  135  137   3246
               626   141  148  146  146  151  151  150  138  142  141  138  140  142  146  142  144  144  143  142  141  141  141  145  146   3449
               627   146  142  149  151  150  149  148  151  150  154  154  150  149  150  150  150  151  152  147  143  142  145  146  148   3567
               628   151  152  153  153  153  154  154  154  156  156  154  156  156  158  157  152  149  150  145  143  141  140  138  138   3613
               629   138  137  138  137  137  139  142  143  144  145  146  147  148  147  146  146  145  144  142  141  141  141  142  143   3419
               630   143  143  143  142  142  141  142  144  147  149  148  150  148  147  147  148  148  147  147  147  146  146  146  145   3496
              ------------------------------------------------------------------------------------------------------------------------------------
              TOTAL 4111 4127 4126 4146 4153 4142 4163 4176 4182 4202 4219 4263 4276 4272 4267 4235 4201 4182 4159 4159 4127 4098 4121 4137 100244
              MEAN   137  138  138  138  138  138  139  139  139  140  141  142  143  142  142  141  140  139  139  139  138  137  137  138   3341
              MAX    151  152  153  153  153  154  154  154  156  156  154  156  156  158  157  154  152  152  148  147  148  148  149  148   3613
                N     30   30   30   30   30   30   30   30   30   30   30   30   30   30   30   30   30   30   30   30   30   30   30   30     30
              NOTE                                                                                                                                
                                                                                                                                                  
                   *): WITH MISSING DATA; TOTAL,MEAN,MAXIMUM ESTIMATED                                                                            
                                                                                                                                                  
                                                                                                                                                  
                                                                                                                                                  
