                                                                                                                                                  
                                                                                                                                                  
                                                                *******************************                                                   
                                                                  DOWNWARD LONGWAVE RADIATION                                                     
                                                                *******************************                                                   
                                                                                                                  COUNTRY = JAPAN                 
                                                                                                                                                  
                                                                                                                                                  
                                                                     UNIT  = 0.01 MJ/m**2                                                         
                        STATION    : Tateno                                                                                                       
                        STATION NO.: 47646                                                                                                        
                        LOCATION   : 140ﾟ08' E                                                                                                    
                                      36ﾟ03' N                                                                                                    
                        ALTITUDE   :   25.2  m                                                                                                    
                        YEAR/MONTH : 2018/10                                                                                                      
                                                                                                                                                  
              DATE   -01  -02  -03  -04  -05  -06  -07  -08  -09  -10  -11  -12  -13  -14  -15  -16  -17  -18  -19  -20  -21  -22  -23  -24  TOTAL
                                                                                                                                                  
              10 1   159  158  157  151  144  142  138  138  138  139  142  143  142  141  139  137  136  134  137  137  143  132  127  126   3380
              10 2   123  120  118  117  115  113  113  115  118  118  119  122  125  122  123  124  126  127  135  137  135  128  126  125   2944
              10 3   128  127  131  131  130  131  134  133  131  133  141  141  137  137  137  137  137  133  134  136  138  135  134  133   3219
              10 4   131  129  130  130  130  131  129  134  136  140  143  144  142  141  140  140  140  140  139  139  139  137  130  135   3269
              10 5   138  142  142  144  145  144  144  144  144  145  146  147  147  148  148  148  149  148  147  147  147  147  147  147   3495
              10 6   148  147  144  146  146  147  147  147  146  151  152  156  152  145  144  143  141  140  139  140  151  146  149  150   3517
              10 7   143  139  138  137  136  137  138  140  142  144  145  144  144  144  144  144  144  140  142  149  147  137  137  143   3398
              10 8   147  148  148  147  146  147  146  146  146  147  146  146  146  142  129  135  143  145  145  144  144  141  131  123   3428
              10 9   123  129  127  126  133  135  134  127  127  137  142  142  145  143  137  132  130  128  128  127  126  126  126  125   3155
              1010   124  123  123  123  123  123  123  123  128  132  132  129  128  131  132  131  132  138  135  132  136  141  143  145   3130
              1011   145  147  145  145  147  147  145  149  149  149  150  150  150  150  150  150  150  149  148  147  149  149  149  149   3558
              1012   149  148  147  147  147  146  143  141  144  147  144  137  141  141  141  142  142  141  138  135  129  137  136  136   3399
              1013   130  128  133  134  135  135  134  134  135  136  136  137  138  137  137  129  122  123  119  117  129  128  131  134   3151
              1014   134  133  134  133  134  133  131  131  134  131  136  139  140  139  141  140  140  138  126  135  136  126  127  127   3218
              1015   127  124  123  119  129  128  130  131  134  130  134  138  134  136  134  136  136  136  135  135  135  135  135  130   3164
              1016   125  122  119  119  121  131  132  130  123  127  132  134  135  134  131  131  131  130  128  129  126  128  126  128   3072
              1017   134  133  132  135  135  134  133  133  126  126  139  138  140  127  128  126  133  132  130  124  123  125  124  122   3132
              1018   122  114  113  111  111  110  110  111  113  116  120  133  134  129  121  118  116  114  113  112  112  112  118  125   2808
              1019   122  126  131  127  129  131  128  125  118  124  134  136  139  133  132  134  135  135  133  129  131  130  123  115   3100
              1020   115  115  120  120  119  120  117  121  118  122  128  126  131  129  123  117  118  133  133  127  120  123  114  114   2923
              1021   111  108  107  105  104  102  100  100  102  105  107  108  109  110  111  111  109  108  107  106  105  105  106  106   2552
              1022   105  104  104  104  103  103  103  104  105  107  109  112  112  111  110  111  109  107  105  104  105  107  109  111   2564
              1023   109  109  110  112  124  125  130  132  132  134  135  135  134  134  132  123  117  120  128  132  129  133  136  137   3042
              1024   138  138  138  138  137  131  135  132  133  138  129  130  130  132  127  124  126  128  119  116  114  114  113  113   3073
              1025   124  119  115  111  109  108  107  107  109  111  112  113  116  118  116  114  114  113  113  113  117  116  119  110   2724
              1026   111  117  116  130  125  126  126  113  112  118  124  124  135  136  132  132  134  129  123  133  129  127  127  134   3013
              1027   138  138  139  140  137  138  141  139  141  143  141  138  140  131  127  126  140  146  146  140  143  139  140  127   3318
              1028   129  127  123  119  121  123  123  123  125  128  124  130  132  132  123  117  115  114  114  123  118  115  114  114   2926
              1029   117  110  110  106  105  105  104  105  107  109  111  112  113  114  115  115  116  115  114  114  113  112  112  114   2668
              1030   115  116  109  107  107  106  104  105  106  108  110  112  112  113  114  115  120  125  129  129  124  125  131  112   2754
              1031   107  105  103  100  104  103  102  106  113  111  114  109  108  110  108  107  107  106  104  109  106  101  100   99   2542
              ------------------------------------------------------------------------------------------------------------------------------------
              TOTAL 3971 3943 3929 3914 3931 3935 3924 3919 3935 4006 4077 4105 4131 4090 4026 3989 4008 4015 3986 3997 3999 3957 3940 3909  95636
              MEAN   128  127  127  126  127  127  127  126  127  129  132  132  133  132  130  129  129  130  129  129  129  128  127  126   3085
              MAX    159  158  157  151  147  147  147  149  149  151  152  156  152  150  150  150  150  149  148  149  151  149  149  150   3558
                N     31   31   31   31   31   31   31   31   31   31   31   31   31   31   31   31   31   31   31   31   31   31   31   31     31
              NOTE                                                                                                                                
                                                                                                                                                  
                   *): WITH MISSING DATA; TOTAL,MEAN,MAXIMUM ESTIMATED                                                                            
                                                                                                                                                  
                                                                                                                                                  
