                                                                                                                                                  
                                                                                                                                                  
                                                                *******************************                                                   
                                                                  DOWNWARD LONGWAVE RADIATION                                                     
                                                                *******************************                                                   
                                                                                                                  COUNTRY = JAPAN                 
                                                                                                                                                  
                                                                                                                                                  
                                                                     UNIT  = 0.01 MJ/m**2                                                         
                        STATION    : Tateno                                                                                                       
                        STATION NO.: 47646                                                                                                        
                        LOCATION   : 140ﾟ08' E                                                                                                    
                                      36ﾟ03' N                                                                                                    
                        ALTITUDE   :   25.2  m                                                                                                    
                        YEAR/MONTH : 2018/05                                                                                                      
                                                                                                                                                  
              DATE   -01  -02  -03  -04  -05  -06  -07  -08  -09  -10  -11  -12  -13  -14  -15  -16  -17  -18  -19  -20  -21  -22  -23  -24  TOTAL
                                                                                                                                                  
               5 1   122  121  120  120  119  116  116  118  120  120  122  125  128  130  128  129  126  124  123  122  121  120  123  122   2935
               5 2   120  120  119  118  130  142  143  143  140  140  139  142  140  142  143  139  142  142  143  142  141  142  143  144   3299
               5 3   145  148  149  150  150  150  150  151  151  152  150  141  138  142  143  143  139  140  139  138  139  138  136  135   3457
               5 4   130  131  133  126  124  121  115  111  116  108  110  112  117  128  120  125  127  130  128  122  125  126  117  112   2914
               5 5   104  103  102  101  102  101  103  104  107  108  110  113  115  115  115  115  114  114  113  113  113  113  113  114   2625
               5 6   117  120  118  112  109  109  110  111  115  121  122  123  122  127  126  127  127  131  138  139  139  138  138  139   2978
               5 7   139  139  136  136  137  136  133  135  133  139  143  141  143  143  142  139  139  138  136  137  137  136  136  134   3307
               5 8   133  132  132  131  130  130  131  131  131  132  132  133  133  133  133  132  132  131  131  131  130  130  130  131   3155
               5 9   130  131  130  129  130  130  128  128  129  131  131  131  131  131  131  129  129  129  128  125  126  126  129  123   3095
               510   119  113  115  119  121  123  125  128  129  129  129  129  128  123  116  114  109  106  106  105  105  117  108  103   2819
               511   101  101   98   97   97   97   99  100  103  106  109  113  114  114  115  115  115  115  117  118  119  119  117  116   2615
               512   114  112  111  110  109  108  110  113  116  121  130  133  137  130  130  122  124  126  117  117  120  120  123  124   2877
               513   118  114  119  124  128  126  129  135  136  137  138  140  141  143  144  145  145  143  141  141  139  138  137  139   3240
               514   136  133  136  139  139  140  141  141  137  137  123  123  126  126  127  124  123  121  119  117  116  114  113  114   3065
               515   114  113  111  110  110  111  113  115  117  119  123  126  128  127  127  127  127  126  126  125  124  124  124  124   2891
               516   124  123  122  122  123  123  124  126  127  129  131  132  133  133  134  134  134  133  130  131  131  129  129  131   3088
               517   138  139  142  142  142  138  133  133  137  140  142  143  143  143  146  145  142  146  146  144  139  138  138  138   3377
               518   136  135  138  137  135  131  130  131  132  133  133  139  134  137  138  143  144  143  143  143  142  142  141  142   3302
               519   143  144  146  148  149  149  149  142  144  143  140  138  139  129  129  127  121  125  116  113  114  111  110  115   3184
               520   112  107  126  128  127  126  118  103  104  105  107  106  105  106  108  110  110  109  109  112  117  117  115  113   2700
               521   111  113  111  111  113  115  117  118  118  122  124  123  121  118  120  124  123  123  125  119  120  116  116  115   2836
               522   113  112  111  110  110  110  112  114  117  119  122  123  123  124  125  121  120  119  117  115  114  113  113  113   2790
               523   113  125  124  124  126  131  125  130  136  137  142  143  141  142  142  143  144  145  145  146  146  146  145  143   3284
               524   142  142  142  143  141  139  125  132  139  141  139  141  138  138  136  139  139  138  130  130  140  132  121  120   3267
               525   119  119  119  121  126  126  136  146  142  146  136  130  132  135  135  134  131  128  128  127  127  128  128  130   3129
               526   131  131  130  129  128  128  129  124  127  131  132  129  133  132  132  131  131  131  128  127  124  123  127  131   3099
               527   140  141  133  126  119  118  118  119  120  121  124  126  126  129  131  139  134  131  126  136  140  132  132  133   3094
               528   132  134  138  136  134  137  142  142  145  142  144  145  147  147  145  140  141  147  140  134  131  129  126  126   3324
               529   125  126  133  132  133  128  131  135  133  142  145  148  147  140  140  140  137  131  133  132  133  133  129  126   3232
               530   125  129  137  139  139  139  140  141  141  144  147  150  147  146  146  147  146  146  144  143  143  145  144  142   3410
               531   139  141  142  130  126  125  122  125  132  136  138  141  142  140  140  139  142  140  139  139  139  137  135  139   3268
              ------------------------------------------------------------------------------------------------------------------------------------
              TOTAL 3885 3892 3923 3900 3906 3903 3897 3925 3974 4031 4057 4082 4092 4093 4087 4081 4057 4051 4004 3983 3994 3972 3936 3931  95656
              MEAN   125  126  127  126  126  126  126  127  128  130  131  132  132  132  132  132  131  131  129  128  129  128  127  127   3086
              MAX    145  148  149  150  150  150  150  151  151  152  150  150  147  147  146  147  146  147  146  146  146  146  145  144   3457
                N     31   31   31   31   31   31   31   31   31   31   31   31   31   31   31   31   31   31   31   31   31   31   31   31     31
              NOTE                                                                                                                                
                                                                                                                                                  
                   *): WITH MISSING DATA; TOTAL,MEAN,MAXIMUM ESTIMATED                                                                            
                                                                                                                                                  
                                                                                                                                                  
