                                                                                                                                                  
                                                                                                                                                  
                                                                *******************************                                                   
                                                                  DOWNWARD LONGWAVE RADIATION                                                     
                                                                *******************************                                                   
                                                                                                                  COUNTRY = JAPAN                 
                                                                                                                                                  
                                                                                                                                                  
                                                                     UNIT  = 0.01 MJ/m**2                                                         
                        STATION    : Tateno                                                                                                       
                        STATION NO.: 47646                                                                                                        
                        LOCATION   : 140ﾟ08' E                                                                                                    
                                      36ﾟ03' N                                                                                                    
                        ALTITUDE   :   25.2  m                                                                                                    
                        YEAR/MONTH : 2019/06                                                                                                      
                                                                                                                                                  
              DATE   -01  -02  -03  -04  -05  -06  -07  -08  -09  -10  -11  -12  -13  -14  -15  -16  -17  -18  -19  -20  -21  -22  -23  -24  TOTAL
                                                                                                                                                  
               6 1   131  128  137  136  126  132  128  128  135  130  130  128  129  131  133  134  137  135  133  132  129  140  132  131   3165
               6 2   132  131  133  133  133  132  132  136  138  139  139  146  144  143  145  144  143  143  143  145  142  138  139  138   3331
               6 3   138  139  138  139  140  141  139  134  129  139  143  133  132  132  131  133  133  131  129  126  125  124  124  124   3196
               6 4   124  124  123  123  124  125  126  130  139  136  137  136  136  137  137  139  138  138  135  134  131  127  126  128   3153
               6 5   130  131  132  133  134  139  143  145  139  142  141  143  141  140  138  137  134  130  130  136  129  127  128  129   3251
               6 6   127  127  130  127  132  130  130  132  136  134  136  140  141  141  145  139  136  135  135  135  134  137  137  136   3232
               6 7   140  149  149  148  148  147  147  149  145  148  150  149  148  149  149  147  148  148  148  146  147  147  146  146   3538
               6 8   146  146  146  146  145  147  147  147  148  149  149  149  149  148  148  145  146  144  136  141  143  145  142  136   3488
               6 9   124  132  139  139  138  138  139  139  139  139  139  138  137  141  142  142  141  140  139  139  139  140  140  140   3323
               610   141  141  142  141  141  141  141  142  142  142  143  142  142  142  141  141  141  139  139  138  137  137  137  138   3371
               611   137  138  139  138  137  137  134  135  131  133  141  142  143  143  131  139  142  142  140  138  138  138  138  137   3311
               612   134  135  135  132  135  136  134  133  137  140  141  141  141  141  140  122  122  125  128  121  121  120  124  127   3165
               613   128  138  137  136  138  118  114  115  118  121  122  124  130  127  126  126  126  126  126  125  122  121  120  119   3003
               614   119  119  119  118  118  118  120  124  129  131  138  140  139  137  135  137  134  135  136  136  137  138  139  142   3138
               615   139  142  142  142  143  143  140  141  141  142  143  143  143  143  143  144  145  145  145  144  144  145  144  140   3426
               616   144  145  142  132  140  147  145  142  130  130  133  138  142  141  149  143  134  135  130  126  123  122  121  121   3255
               617   120  119  118  118  122  121  120  123  124  122  123  124  124  126  130  129  131  129  126  129  140  141  136  137   3032
               618   135  133  138  131  138  126  124  129  134  138  139  137  144  144  137  138  138  135  135  133  130  128  130  131   3225
               619   127  128  128  127  126  127  128  135  141  143  141  143  141  144  141  146  138  137  135  134  138  137  146  149   3280
               620   134  133  138  140  144  144  148  148  147  145  144  148  141  135  135  134  133  133  135  137  146  144  146  147   3379
               621   147  147  149  144  145  148  148  148  151  150  151  146  149  147  146  145  147  150  141  144  144  139  139  139   3504
               622   141  139  133  132  131  131  133  140  147  147  151  152  151  151  149  150  151  149  149  150  147  143  144  137   3448
               623   135  135  135  136  135  134  136  137  139  141  143  148  147  145  148  148  148  147  147  147  147  147  147  147   3419
               624   146  146  146  145  143  142  143  144  144  145  145  145  145  143  145  141  142  146  144  133  138  140  125  125   3401
               625   127  128  124  126  140  143  135  130  144  141  143  147  142  138  138  143  140  136  133  137  130  129  128  128   3250
               626   128  127  128  128  127  128  129  138  146  144  143  140  135  132  133  131  132  132  133  133  134  135  136  135   3207
               627   137  135  135  136  136  138  137  139  141  152  157  157  156  155  154  154  153  152  152  152  153  153  156  157   3547
               628   156  155  152  151  154  154  151  152  155  152  155  154  153  150  152  152  157  149  148  147  147  147  147  147   3637
               629   147  147  146  145  146  146  146  146  146  147  147  148  148  148  149  149  149  149  149  149  149  149  149  149   3543
               630   149  148  149  148  150  150  151  151  151  152  152  153  153  152  152  153  152  152  153  153  152  152  151  151   3630
              ------------------------------------------------------------------------------------------------------------------------------------
              TOTAL 4063 4085 4102 4070 4109 4103 4088 4132 4186 4214 4259 4274 4266 4246 4242 4225 4211 4187 4152 4140 4136 4130 4117 4111  99848
              MEAN   135  136  137  136  137  137  136  138  140  140  142  142  142  142  141  141  140  140  138  138  138  138  137  137   3328
              MAX    156  155  152  151  154  154  151  152  155  152  157  157  156  155  154  154  157  152  153  153  153  153  156  157   3637
                N     30   30   30   30   30   30   30   30   30   30   30   30   30   30   30   30   30   30   30   30   30   30   30   30     30
              NOTE                                                                                                                                
                                                                                                                                                  
                   *): WITH MISSING DATA; TOTAL,MEAN,MAXIMUM ESTIMATED                                                                            
                                                                                                                                                  
                                                                                                                                                  
                                                                                                                                                  
