                                                                                                                                                  
                                                                                                                                                  
                                                                *******************************                                                   
                                                                  DOWNWARD LONGWAVE RADIATION                                                     
                                                                *******************************                                                   
                                                                                                                  COUNTRY = JAPAN                 
                                                                                                                                                  
                                                                                                                                                  
                                                                     UNIT  = 0.01 MJ/m**2                                                         
                        STATION    : Tateno                                                                                                       
                        STATION NO.: 47646                                                                                                        
                        LOCATION   : 140ﾟ08' E                                                                                                    
                                      36ﾟ03' N                                                                                                    
                        ALTITUDE   :   25.2  m                                                                                                    
                        YEAR/MONTH : 2019/07                                                                                                      
                                                                                                                                                  
              DATE   -01  -02  -03  -04  -05  -06  -07  -08  -09  -10  -11  -12  -13  -14  -15  -16  -17  -18  -19  -20  -21  -22  -23  -24  TOTAL
                                                                                                                                                  
               7 1   151  150  146  150  142  150  152  152  153  153  153  154  153  153  153  153  153  152  151  151  147  144  141  142   3599
               7 2   144  137  142  146  147  147  149  149  149  153  155  153  152  153  152  153  151  149  148  146  145  145  144  143   3552
               7 3   141  147  143  141  145  141  144  147  146  148  150  147  147  148  148  148  149  153  148  149  154  153  153  154   3544
               7 4   154  155  155  155  156  155  154  154  156  156  156  153  151  150  149  148  148  143  138  134  133  131  136  132   3552
               7 5   131  135  143  130  129  134  144  145  147  146  141  140  142  144  144  144  142  141  141  141  141  142  145  145   3377
               7 6   144  147  146  144  145  146  146  146  146  146  149  148  150  149  144  145  145  148  148  148  149  149  149  149   3526
               7 7   149  149  148  149  149  149  148  148  148  148  149  150  150  149  148  148  148  147  147  147  146  146  146  145   3551
               7 8   145  144  144  144  144  144  140  143  145  146  147  148  148  142  141  135  145  144  143  134  132  134  138  138   3408
               7 9   136  138  142  142  142  142  142  142  142  143  144  145  143  144  144  144  144  144  143  140  142  141  139  141   3409
               710   141  141  141  136  137  137  129  126  135  140  140  144  141  143  147  136  130  128  126  125  124  125  126  129   3227
               711   127  140  140  143  143  139  134  138  141  140  138  143  146  143  147  144  145  144  143  144  144  144  144  145   3399
               712   145  145  145  144  145  145  146  147  147  148  149  149  149  149  149  149  149  149  149  149  149  137  133  135   3501
               713   133  133  136  139  142  140  144  142  144  144  145  152  153  155  154  152  152  151  154  153  151  150  150  151   3520
               714   150  151  151  150  149  149  149  150  150  150  151  152  152  152  152  151  151  151  152  150  147  149  149  148   3606
               715   149  149  148  148  148  148  148  148  149  150  150  152  152  152  151  151  149  148  148  148  146  145  146  146   3569
               716   147  147  147  146  147  147  148  149  148  147  150  150  151  151  151  151  151  150  150  150  149  149  150  150   3576
               717   149  148  149  149  150  151  149  151  152  152  154  154  156  153  151  146  147  142  139  139  139  148  141  146   3555
               718   139  147  152  151  152  150  150  154  154  155  156  154  158  159  153  157  157  157  154  155  157  155  157  157   3690
               719   156  155  155  147  148  151  156  157  158  156  157  161  158  153  154  158  157  156  157  159  157  156  154  154   3730
               720   154  152  153  153  154  153  154  156  156  154  155  156  159  161  160  157  159  156  156  154  153  153  152  150   3720
               721   152  154  152  151  148  155  156  156  156  155  155  155  156  156  155  155  154  153  152  152  151  151  151  151   3682
               722   151  151  150  150  150  150  150  150  151  151  152  153  153  154  154  154  154  154  154  154  154  154  154  154   3656
               723   154  154  154  154  154  154  154  155  156  157  157  157  158  158  157  157  156  158  156  155  154  152  151  152   3724
               724   151  153  155  154  153  151  153  152  154  159  159  156  153  152  155  156  157  157  148  149  153  158  147  145   3680
               725   146  150  156  153  155  151  154  158  159  159  154  160  161  161  161  161  157  154  151  149  151  151  147  145   3704
               726   144  143  143  143  143  143  145  147  147  149  150  152  153  155  157  162  157  154  155  155  158  159  157  157   3628
               727   154  152  150  152  152  156  160  159  159  154  154  158  157  152  153  152  151  151  150  149  148  154  158  159   3694
               728   158  154  157  161  159  159  159  158  157  156  151  151  151  154  158  156  155  157  155  154  154  156  156  155   3741
               729   155  152  151  153  147  147  149  150  157  158  160  162  162  163  163  164  163  163  157  154  152  151  150  150   3733
               730   152  149  149  152  152  154  150  152  154  157  160  160  161  159  159  156  154  153  152  152  151  151  151  151   3691
               731   156  156  151  151  148  148  149  152  154  158  163  164  169  171  164  164  163  163  159  157  156  154  152  151   3773
              ------------------------------------------------------------------------------------------------------------------------------------
              TOTAL 4558 4578 4594 4581 4575 4586 4605 4633 4670 4688 4704 4733 4745 4738 4728 4707 4693 4670 4624 4596 4587 4587 4567 4570 111317
              MEAN   147  148  148  148  148  148  149  149  151  151  152  153  153  153  153  152  151  151  149  148  148  148  147  147   3591
              MAX    158  156  157  161  159  159  160  159  159  159  163  164  169  171  164  164  163  163  159  159  158  159  158  159   3773
                N     31   31   31   31   31   31   31   31   31   31   31   31   31   31   31   31   31   31   31   31   31   31   31   31     31
              NOTE                                                                                                                                
                                                                                                                                                  
                   *): WITH MISSING DATA; TOTAL,MEAN,MAXIMUM ESTIMATED                                                                            
                                                                                                                                                  
                                                                                                                                                  
