                                                                                                                                                  
                                                                                                                                                  
                                                                *******************************                                                   
                                                                  DOWNWARD LONGWAVE RADIATION                                                     
                                                                *******************************                                                   
                                                                                                                  COUNTRY = JAPAN                 
                                                                                                                                                  
                                                                                                                                                  
                                                                     UNIT  = 0.01 MJ/m**2                                                         
                        STATION    : Tateno                                                                                                       
                        STATION NO.: 47646                                                                                                        
                        LOCATION   : 140ﾟ08' E                                                                                                    
                                      36ﾟ03' N                                                                                                    
                        ALTITUDE   :   25.2  m                                                                                                    
                        YEAR/MONTH : 2019/12                                                                                                      
                                                                                                                                                  
              DATE   -01  -02  -03  -04  -05  -06  -07  -08  -09  -10  -11  -12  -13  -14  -15  -16  -17  -18  -19  -20  -21  -22  -23  -24  TOTAL
                                                                                                                                                  
              12 1    90   95  108  111  116  110  111  115  117  117  106  104  104  103  120  118  107   99  100  102  100  100  101  102   2556
              12 2   110  113  121  123  118  120  127  127  127  128  130  131  132  132  136  134  135  135  128  123  121  110  126  127   3014
              12 3   125  126  125  121  119  113   97   93   93   94   94   95   96   97   98   99   99   98  105  107  113  109   96   94   2506
              12 4    92   91   89   88   88   88   87   87   88   91   93   94   95   96   97   98   98   97   95   95   94   93   93   94   2221
              12 5    89   88   89   89   89   88   87   88   89   91   93   94   96  104   98   97  105  102  109  105  103  101  101  102   2297
              12 6   110  111  113  114  114  113  109  109  112  113  106  100  105  108  108  104  103  105  101  106  107  113  114  114   2612
              12 7   114  114  115  115  115  115  116  117  117  117  118  117  117  118  118  116  114  111  109  109  109  107  106  104   2728
              12 8   103   89   86   86   86   86   86   87   89   91   92   93   94   94   94   95   94   94   92   92   91   90   89   89   2182
              12 9    88   89   89   89   89   88   91  113  115  116  117  118  118  117  120  121  122  121  118  115  124  123  123  123   2647
              1210   123  123  123  123  122  123  121  116  119  126  125  129  130  125  126  133  130  129  131  132  131  132  132  126   3030
              1211   122  118  118  125  116  106  112  129  126  129  130  127  121  134  135  135  137  136  135  129  129  130  125  131   3035
              1212   108  103  102   99   98   97   95   96   98  100  102  104  105  105  104  102  111   98   96   99   94   90   88   87   2381
              1213    86   86   87   93  102  112  113  114  114  115  115  116  116  117  118  117  115  115  116  115  109  117  117  116   2641
              1214   116  116  111  100   95  117   96   91   90   91   92   93   94   96   98   99  100   98   96   96   94   93   92   91   2355
              1215    89   88   87   88   88   89   98  102  102   98   97   94   96   91   97   98   97   97   92   89   89   89   89   89   2233
              1216    89   90   91   90   90   88   87   87   88   89   91   92   94   95   96   96   96   97   99  103  108  118  123  123   2320
              1217   124  124  124  122  123  121  117  122  122  124  126  124  128  129  130  130  129  127  127  126  127  127  127  127   3007
              1218   124  124  123  122  124  127  126  125  126  126  120  113  126  116  116  118  111  105  101   99  101  102  110  121   2806
              1219   122  122  121  121  116  119  113  109  117  122  123  123  123  123  122  122  123  123  123  124  124  124  124  124   2907
              1220   124  123  120  121  118  104   95   94   94   94   95   96   98   99   99   99  101  104  100   96  108  104  115  115   2516
              1221   105  111  120  121  121  120  120  121  121  121  121  119  121  122  122  122  122  122  123  118  122  123  121  104   2863
              1222    97   95   98  100  102  101  102  105  104  105  111  119  122  123  123  123  120  122  122  121  121  120  120  120   2696
              1223   120  120  119  118  117  115  114  112  100  105  101   97   95   96   97   97   96   96   96   95   95   95   95   95   2486
              1224    95   93   92   92   90   89   88   87   88   89   90   94   94   93   95   96   95   93   90   87   86   91   88   86   2181
              1225    90  110  112  114  113  110  114  115  112  113  114  118  119  120  116  116  105  106  118  103  108   96   95   96   2633
              1226    99  101  104  107  107  108  109  109  111  115  116  118  124  126  126  125  124  124  125  123  120  124  124  126   2795
              1227   125  124  125  126  126  125  123  109  109  101   98   98   98  101   97   93   95   94   91   87   86   85   85   84   2485
              1228    83   84   83   83   84   83   82   82   83   85   86   87   89   89   88   88   87   86   86   86   85   85   85   84   2043
              1229    83   83   82   82   81   81   82   81   82   84   86   87   88   89   90   91   94   93  110  112  111  114  116  109   2211
              1230   114  111  108  115  118  118  119  122  122  122  122  122  123  124  121  120  111  107  104  106  111  117  112  111   2780
              1231   113  125  127  126  125  125  126  114  114  112   98  100  101  104  104  101   94   89   82   81   81   81   80   79   2482
              ------------------------------------------------------------------------------------------------------------------------------------
              TOTAL 3272 3290 3312 3324 3310 3299 3263 3278 3289 3324 3308 3316 3362 3386 3409 3403 3370 3323 3320 3281 3302 3303 3312 3293  79649
              MEAN   106  106  107  107  107  106  105  106  106  107  107  107  108  109  110  110  109  107  107  106  107  107  107  106   2569
              MAX    125  126  127  126  126  127  127  129  127  129  130  131  132  134  136  135  137  136  135  132  131  132  132  131   3035
                N     31   31   31   31   31   31   31   31   31   31   31   31   31   31   31   31   31   31   31   31   31   31   31   31     31
              NOTE                                                                                                                                
                                                                                                                                                  
                   *): WITH MISSING DATA; TOTAL,MEAN,MAXIMUM ESTIMATED                                                                            
                                                                                                                                                  
                                                                                                                                                  
