                                                                                                                                                  
                                                                                                                                                  
                                                                *******************************                                                   
                                                                  DOWNWARD LONGWAVE RADIATION                                                     
                                                                *******************************                                                   
                                                                                                                  COUNTRY = JAPAN                 
                                                                                                                                                  
                                                                                                                                                  
                                                                     UNIT  = 0.01 MJ/m**2                                                         
                        STATION    : Tateno                                                                                                       
                        STATION NO.: 47646                                                                                                        
                        LOCATION   : 140ﾟ08' E                                                                                                    
                                      36ﾟ03' N                                                                                                    
                        ALTITUDE   :   25.2  m                                                                                                    
                        YEAR/MONTH : 2019/04                                                                                                      
                                                                                                                                                  
              DATE   -01  -02  -03  -04  -05  -06  -07  -08  -09  -10  -11  -12  -13  -14  -15  -16  -17  -18  -19  -20  -21  -22  -23  -24  TOTAL
                                                                                                                                                  
               4 1    89   88   87   86   86   85   86   88   89   91   91   92   95  109  116  117  115  115  115  119  119  119  118  116   2431
               4 2   117  114  104   94   88   86   87   85   84   84   86   91   90   91  101  105   91   88   88   87   85   85   84   84   2199
               4 3    83   83   82   82   82   81   82   83   85   87   97   99   97   94   91   90   89   89   87   86   87   86   87   87   2096
               4 4    87   86   86   87   90   88   85   84   86   89   92   93   95   96   97   98   97   96   97   97   97   97   97   96   2213
               4 5    95   95   93   92   92   93   93   95   99  100  105  108  109  109  108  108  108  108  107  114  109  106  105  104   2455
               4 6   104  103  106  101  100  101  101  101  102  104  104  104  104  105  106  107  107  108  111  111  114  113  111  118   2546
               4 7   116  115  116  120  116  114  110  106  108  114  116  123  120  117  122  124  116  114  112  111  111  112  111  109   2753
               4 8   110  106  114  122  124  124  123  122  121  121  121  122  123  122  121  123  121  118  115  116  119  103   96  100   2807
               4 9    93  107   94   88   87   87   88   89   90   92   94   96  112  115  104  100   96   95   92   93   93   97   98  102   2302
               410   109  113  114  116  118  119  120  121  121  121  122  121  121  122  121  122  122  121  120  120  120  119  119  119   2861
               411   120  119  120  121  116  105   95   93   95   99   99  101  101  107  121  123  122  121  114  112  104  102   99   95   2604
               412   103  106  103   97  100  104  109  105  112  108  117  119  120  117  112  116  110  107   98  100   96   96   99   96   2550
               413    92   91   90   90   89   88   88   89   92   95   98   96   96   97   97   98   99  100  104  104  106  110  110  108   2327
               414   109  104  102  106  112  115  107  106  110  115  118  122  124  124  124  130  130  130  129  132  133  132  132  132   2878
               415   132  131  131  132  132  133  135  124  129  120  111  110  106  106  104  105  102  100   98   96   94   95   95   95   2716
               416    95   94   94   93   93   93   93   95   96   97   98   99  100  102  103  105  106  105  105  106  106  104  104  104   2390
               417   104  105  104  104  105  107  108  109  112  117  118  122  126  128  126  124  121  120  120  118  122  123  124  124   2791
               418   124  123  123  122  121  120  115  109  112  119  114  114  115  114  114  118  120  117  112  112  111  110  115  121   2795
               419   111  115  114  112  113  117  118  115  119  119  118  120  122  130  131  135  137  138  136  127  128  128  118  117   2938
               420   111  109  115  119  116  100  100  100   97  100  100  100  102  107  107  107  108  108  106  114  129  130  131  132   2648
               421   133  134  133  131  114  107  108  111  119  129  134  131  124  117  122  119  118  117  118  120  120  122  122  126   2929
               422   130  132  123  122  121  121  118  129  124  125  125  124  125  124  123  123  121  117  116  130  134  133  133  131   3004
               423   130  118  124  121  116  117  115  109  110  111  113  116  123  135  130  128  126  120  119  120  124  137  135  133   2930
               424   135  137  136  139  141  142  140  134  139  141  141  143  141  140  139  141  141  142  142  142  142  143  143  141   3365
               425   142  143  144  145  145  144  144  144  146  142  149  149  150  149  143  151  151  149  142  134  144  145  139  139   3473
               426   137  136  136  136  135  133  131  130  129  129  129  129  128  129  129  128  128  128  127  127  126  126  125  125   3116
               427   125  125  124  124  123  123  123  123  125  123  122  113  128  124  126  126  124  123  121  123  119   99   97   92   2875
               428    91   91   90   90   89   88   89   91   93   95   98  100  101  103  105  109  106  111  118  118  116  110   98   98   2398
               429    98  116  124  124  124  122  114  111  110  111  125  128  128  127  122  124  129  126  130  132  132  133  133  134   2957
               430   133  133  134  134  133  132  133  135  137  138  137  138  138  139  138  137  137  138  139  139  139  137  137  138   3273
              ------------------------------------------------------------------------------------------------------------------------------------
              TOTAL 3358 3372 3360 3350 3321 3289 3258 3236 3291 3336 3392 3423 3464 3499 3503 3541 3498 3469 3438 3460 3479 3452 3415 3416  81620
              MEAN   112  112  112  112  111  110  109  108  110  111  113  114  115  117  117  118  117  116  115  115  116  115  114  114   2721
              MAX    142  143  144  145  145  144  144  144  146  142  149  149  150  149  143  151  151  149  142  142  144  145  143  141   3473
                N     30   30   30   30   30   30   30   30   30   30   30   30   30   30   30   30   30   30   30   30   30   30   30   30     30
              NOTE                                                                                                                                
                                                                                                                                                  
                   *): WITH MISSING DATA; TOTAL,MEAN,MAXIMUM ESTIMATED                                                                            
                                                                                                                                                  
                                                                                                                                                  
                                                                                                                                                  
