                                                                                                                                                  
                                                                                                                                                  
                                                                *******************************                                                   
                                                                  DOWNWARD LONGWAVE RADIATION                                                     
                                                                *******************************                                                   
                                                                                                                  COUNTRY = JAPAN                 
                                                                                                                                                  
                                                                                                                                                  
                                                                     UNIT  = 0.01 MJ/m**2                                                         
                        STATION    : Tateno                                                                                                       
                        STATION NO.: 47646                                                                                                        
                        LOCATION   : 140ﾟ08' E                                                                                                    
                                      36ﾟ03' N                                                                                                    
                        ALTITUDE   :   25.2  m                                                                                                    
                        YEAR/MONTH : 2019/05                                                                                                      
                                                                                                                                                  
              DATE   -01  -02  -03  -04  -05  -06  -07  -08  -09  -10  -11  -12  -13  -14  -15  -16  -17  -18  -19  -20  -21  -22  -23  -24  TOTAL
                                                                                                                                                  
               5 1   138  139  139  139  139  139  138  139  141  143  141  138  140  147  148  147  146  147  144  141  139  138  138  137   3385
               5 2   135  132  133  130  115  114  121  119  130  135  137  136  131  118  113  112  111  110  110  109  109  108  108  109   2885
               5 3   110  112  109  106  114  106  108  110  113  112  114  118  121  123  126  126  126  127  127  125  125  123  121  120   2822
               5 4   118  117  119  130  119  115  117  114  116  117  118  117  117  118  118  121  126  128  133  124  117  114  114  111   2858
               5 5   110  110  109  108  107  106  108  110  113  116  120  121  122  125  133  134  124  125  121  119  117  115  114  115   2802
               5 6   115  118  118  126  128  130  132  131  136  138  139  140  139  140  139  139  136  133  128  120  120  121  124  122   3112
               5 7   127  128  129  128  125  122  119  115  126  123  132  133  132  132  129  128  124  118  103   99   98   96   95   94   2855
               5 8    93   93   91   90   90   90   91   93   95   99  102  104  106  107  109  109  109  109  108  109  111  113  115  115   2451
               5 9   115  120  118  118  113  117  118  115  115  113  128  131  133  133  132  135  129  123  124  126  123  114  111  111   2915
               510   110  110  107  106  106  105  107  109  112  114  116  119  119  120  123  127  127  126  124  121  117  116  116  117   2774
               511   114  113  112  110  111  113  115  120  126  125  129  130  123  121  126  128  127  126  125  124  122  121  119  118   2898
               512   129  121  131  133  134  135  135  133  126  118  113  111  112  111  112  112  111  111  110  110  124  131  131  131   2925
               513   131  131  131  131  131  130  131  131  132  130  120  120  130  121  117  117  120  123  121  123  128  122  136  138   3045
               514   137  136  138  138  139  139  139  140  141  140  141  139  137  136  135  134  136  137  137  135  136  135  134  136   3295
               515   136  134  132  128  132  132  128  128  129  129  131  133  140  137  139  136  124  120  119  119  120  131  130  129   3116
               516   119  118  118  119  132  119  116  117  117  117  118  122  120  121  121  121  120  120  118  117  117  116  115  116   2854
               517   119  116  114  114  114  114  115  117  122  125  121  123  124  122  121  120  119  119  119  117  117  119  119  117   2847
               518   115  115  116  116  114  114  115  120  130  135  134  131  134  137  132  128  125  125  129  126  128  129  130  129   3007
               519   130  130  130  130  129  128  130  131  131  131  128  130  131  139  133  128  123  121  118  116  116  116  116  120   3035
               520   134  128  132  138  139  138  130  126  140  135  141  142  142  140  138  142  139  137  140  141  140  140  141  142   3305
               521   142  145  145  145  146  146  147  147  147  148  148  149  150  150  148  149  150  150  149  146  144  143  141  138   3513
               522   115  117  131  114  130  116  117  120  123  121  117  121  122  126  125  127  126  120  121  126  128  124  121  120   2928
               523   119  115  115  112  112  112  111  112  114  117  119  120  120  120  120  119  120  119  118  116  115  115  114  115   2789
               524   118  118  116  115  115  114  115  116  117  117  119  121  124  124  124  125  125  125  126  125  122  120  119  119   2879
               525   118  118  117  116  116  115  116  118  120  123  126  129  130  131  131  135  135  131  130  128  125  123  121  121   2973
               526   122  121  121  120  119  119  120  123  126  130  133  137  137  139  141  141  143  141  139  136  133  132  128  126   3127
               527   125  124  123  122  121  121  123  125  128  132  134  137  140  142  139  137  137  134  130  128  128  126  123  127   3106
               528   130  128  136  138  137  136  135  139  142  148  148  147  147  145  145  146  144  143  144  143  145  144  142  141   3393
               529   141  141  140  143  144  145  145  146  147  147  148  146  145  132  129  128  131  135  133  134  134  134  136  136   3340
               530   135  124  115  113  112  111  112  115  115  115  116  118  117  119  126  125  124  121  120  122  123  128  128  128   2882
               531   128  126  125  126  129  126  130  134  137  141  139  142  144  146  142  142  143  141  143  141  138  139  140  140   3282
              ------------------------------------------------------------------------------------------------------------------------------------
              TOTAL 3828 3798 3810 3802 3812 3767 3784 3813 3907 3934 3970 4005 4029 4022 4014 4018 3980 3945 3911 3866 3859 3846 3840 3838  93398
              MEAN   123  123  123  123  123  122  122  123  126  127  128  129  130  130  129  130  128  127  126  125  124  124  124  124   3013
              MAX    142  145  145  145  146  146  147  147  147  148  148  149  150  150  148  149  150  150  149  146  145  144  142  142   3513
                N     31   31   31   31   31   31   31   31   31   31   31   31   31   31   31   31   31   31   31   31   31   31   31   31     31
              NOTE                                                                                                                                
                                                                                                                                                  
                   *): WITH MISSING DATA; TOTAL,MEAN,MAXIMUM ESTIMATED                                                                            
                                                                                                                                                  
                                                                                                                                                  
