                                                                                                                                                  
                                                                                                                                                  
                                                                *******************************                                                   
                                                                  DOWNWARD LONGWAVE RADIATION                                                     
                                                                *******************************                                                   
                                                                                                                  COUNTRY = JAPAN                 
                                                                                                                                                  
                                                                                                                                                  
                                                                     UNIT  = 0.01 MJ/m**2                                                         
                        STATION    : Tateno                                                                                                       
                        STATION NO.: 47646                                                                                                        
                        LOCATION   : 140ﾟ08' E                                                                                                    
                                      36ﾟ03' N                                                                                                    
                        ALTITUDE   :   25.2  m                                                                                                    
                        YEAR/MONTH : 2019/09                                                                                                      
                                                                                                                                                  
              DATE   -01  -02  -03  -04  -05  -06  -07  -08  -09  -10  -11  -12  -13  -14  -15  -16  -17  -18  -19  -20  -21  -22  -23  -24  TOTAL
                                                                                                                                                  
               9 1   149  149  149  147  153  147  150  156  156  155  152  153  155  152  147  149  148  147  144  145  150  157  151  152   3613
               9 2   153  145  149  147  148  156  156  155  145  154  155  158  154  155  151  151  153  151  147  145  155  158  157  153   3651
               9 3   155  155  156  155  155  156  157  157  156  156  156  157  155  153  157  157  155  156  153  152  149  152  153  153   3716
               9 4   152  152  152  152  152  152  152  151  151  152  152  154  155  154  154  154  154  153  153  153  153  152  152  152   3663
               9 5   152  152  152  153  153  152  152  142  152  156  158  157  159  159  158  156  149  148  148  149  152  155  155  154   3673
               9 6   147  142  141  141  141  148  153  145  146  147  151  151  154  153  152  156  153  150  148  147  146  144  143  142   3541
               9 7   141  141  140  140  144  142  141  150  151  147  150  153  158  161  159  156  154  152  149  148  146  146  146  146   3561
               9 8   147  146  145  143  142  142  143  147  154  158  164  165  162  157  160  159  156  156  158  161  159  160  162  162   3708
               9 9   164  163  162  161  161  160  160  159  160  161  162  163  160  159  160  160  159  156  153  151  150  154  154  152   3804
               910   157  152  155  151  155  147  147  149  152  155  156  159  160  161  160  159  158  156  156  158  161  158  155  151   3728
               911   152  154  151  153  150  156  154  156  160  162  161  158  163  161  161  160  162  159  157  159  160  159  159  156   3783
               912   154  149  151  141  138  135  133  132  132  137  142  137  135  132  133  135  137  139  145  143  143  146  135  145   3349
               913   145  140  143  146  147  146  146  147  146  146  145  146  147  147  147  145  138  145  145  145  144  136  129  124   3435
               914   124  136  144  145  146  146  147  147  146  146  146  150  153  153  150  147  139  139  148  146  149  150  137  131   3465
               915   130  130  129  128  128  128  128  132  141  145  140  141  146  145  154  153  150  154  150  152  150  154  155  155   3418
               916   154  153  153  154  153  153  153  153  153  154  155  156  156  157  157  158  156  148  145  144  143  150  153  153   3664
               917   152  152  152  148  140  145  140  139  141  143  146  153  144  144  142  140  139  137  136  137  136  145  150  149   3450
               918   147  133  131  130  129  136  137  136  139  147  149  150  146  147  145  144  145  145  144  144  143  143  141  139   3390
               919   130  126  125  122  119  123  133  138  137  126  127  126  129  132  130  127  126  126  128  126  127  127  130  141   3081
               920   141  128  135  141  140  128  131  141  143  134  129  128  132  131  131  130  130  130  138  140  140  140  141  140   3242
               921   137  140  142  140  141  141  138  140  143  144  145  146  147  147  147  146  146  145  144  144  145  144  143  135   3430
               922   126  126  125  124  125  125  126  129  135  137  142  150  152  149  144  148  151  150  151  151  151  150  151  151   3369
               923   151  151  151  147  138  143  150  151  144  155  155  159  161  158  154  151  149  148  148  147  145  145  145  144   3590
               924   142  141  141  140  139  139  140  140  142  144  152  152  151  154  155  153  152  149  150  147  146  151  147  150   3517
               925   146  149  149  148  148  142  134  132  132  130  131  133  136  141  138  144  145  135  131  129  128  131  130  126   3288
               926   128  134  129  127  130  130  124  124  140  137  131  148  141  131  128  127  126  126  125  125  125  125  125  126   3112
               927   126  124  123  122  122  121  121  123  132  126  129  131  133  136  136  135  135  134  130  129  130  129  128  130   3085
               928   130  131  132  138  140  141  141  142  143  140  135  144  147  144  150  152  151  150  149  147  145  146  139  144   3421
               929   146  146  146  147  148  146  147  147  149  148  152  156  154  153  157  148  146  156  156  153  149  149  144  142   3585
               930   143  140  139  140  145  137  135  136  138  135  135  135  134  131  133  131  128  128  129  129  128  132  133  132   3226
              ------------------------------------------------------------------------------------------------------------------------------------
              TOTAL 4321 4280 4292 4271 4270 4263 4269 4296 4359 4377 4403 4469 4479 4457 4450 4431 4390 4368 4358 4346 4348 4388 4343 4330 104558
              MEAN   144  143  143  142  142  142  142  143  145  146  147  149  149  149  148  148  146  146  145  145  145  146  145  144   3485
              MAX    164  163  162  161  161  160  160  159  160  162  164  165  163  161  161  160  162  159  158  161  161  160  162  162   3804
                N     30   30   30   30   30   30   30   30   30   30   30   30   30   30   30   30   30   30   30   30   30   30   30   30     30
              NOTE                                                                                                                                
                                                                                                                                                  
                   *): WITH MISSING DATA; TOTAL,MEAN,MAXIMUM ESTIMATED                                                                            
                                                                                                                                                  
                                                                                                                                                  
                                                                                                                                                  
