                                                                                                                                                  
                                                                                                                                                  
                                                                *******************************                                                   
                                                                  DOWNWARD LONGWAVE RADIATION                                                     
                                                                *******************************                                                   
                                                                                                                  COUNTRY = JAPAN                 
                                                                                                                                                  
                                                                                                                                                  
                                                                     UNIT  = 0.01 MJ/m**2                                                         
                        STATION    : Tateno                                                                                                       
                        STATION NO.: 47646                                                                                                        
                        LOCATION   : 140ﾟ08' E                                                                                                    
                                      36ﾟ03' N                                                                                                    
                        ALTITUDE   :   25.2  m                                                                                                    
                        YEAR/MONTH : 2019/11                                                                                                      
                                                                                                                                                  
              DATE   -01  -02  -03  -04  -05  -06  -07  -08  -09  -10  -11  -12  -13  -14  -15  -16  -17  -18  -19  -20  -21  -22  -23  -24  TOTAL
                                                                                                                                                  
              11 1   111  109  108  108  111  114  114  120  114  105  107  109  111  112  114  116  117  116  115  114  112  110  109  106   2682
              11 2   104  103  101  101  101  102  102  102  104  107  107  108  110  111  110  109  109  108  109  111  127  134  135  133   2648
              11 3   118  124  128  121  120  128  123  119  118  126  123  133  132  140  140  138  142  140  136  137  138  136  134  131   3125
              11 4   131  131  129  120  106  105  105  113  123  118  116  111  112  111  111  109  107  105  104  104  101   99   98   97   2666
              11 5    97   97   96   95   95   94   93   94   96   98  100  101  103  104  105  104  105  104  103  103  103  103  103  103   2399
              11 6   102  102  100   99   98   98   97   97   97   97   98   99  103  106  108  108  108  107  106  105  103  105  106  106   2455
              11 7   105  110  111  104  104  103  102  102  102  105  107  113  121  124  128  130  133  132  130  126  119  114  105  105   2735
              11 8   105  106  105  103  102  101  100  100  101  102  103  105  106  108  109  109  112  128  128  128  126  122  126  126   2661
              11 9   110  102  102  121  125  119   99   99  100  101  103  106  104  104  104  104  103  101  101  102  104  111  112  113   2550
              1110   111  108  106  105   99   99   98   98  100  102  103  104  105  106  107  107  107  106  107  110  111  119  130  130   2578
              1111   118  120  118  125  132  132  131  121  124  135  135  128  113  121  117  129  130  120  110  107  106  105  104  104   2885
              1112   103  103  103  102  101  102  102  103  105  107  109  112  112  114  114  111  108  107  106  105  103  103  109  120   2564
              1113   117  106  123  121  118  125  123  124  124  125  132  132  123  131  137  138  137  128  117  119  127  126  124  122   2999
              1114   122  127  129  125  125  128  129  128  127  126  122  117  117  118  121  134  126  121  109  109  104  100  109  116   2889
              1115   120  114  108  110  111  111  105  107  100  102  104  111  105  105  105  105  104  104  103  102  102  101  100   97   2536
              1116    96   96   95   94   94   95   95   96   98  100  103  105  107  108  108  108  107  107  107  106  105  106  105  104   2445
              1117   103  101  100   99   96   95   95   96   99  101  104  105  107  107  109  105  106  110  104  102  106  115  117  112   2494
              1118   111  114  120  123  128  128  130  130  131  128  124  118  111  114  116  118  122  121  129  129  131  140  142  146   3004
              1119   146  140  139  138  136  136  137  131  135  117  116  115  119  125  127  119  124  128  133  131  131  122  112  101   3058
              1120   102   97   94   93   92   92   93   93   94   95   96   97   97   96   96   99  103  104  107   99  107  111  115  101   2373
              1121    94   96   93   92   90   88   88   88   89   92   93   94   95   96   97   97   96   96   96   95   96   95   96   97   2249
              1122    95  105  108  111  120  122  122  122  124  124  125  126  127  127  127  127  127  128  127  127  128  128  128  128   2933
              1123   128  128  128  128  129  129  130  131  132  133  134  136  137  137  137  136  136  136  136  136  137  137  138  138   3207
              1124   138  139  139  139  140  141  142  143  144  142  141  142  143  144  145  144  144  144  141  143  144  143  143  142   3410
              1125   140  142  143  143  142  127  141  143  143  144  144  136  134  126  129  142  140  137  135  133  131  130  128  127   3280
              1126   126  125  124  123  122  122  121  121  121  122  121  121  122  122  122  123  122  121  116  122  121  122  123  123   2928
              1127   123  123  124  124  124  124  125  125  125  126  127  128  128  130  130  129  129  129  129  129  129  129  129  129   3047
              1128   129  129  129  126  126  125  125  124  123  123  123  122  122  122  119  118  117  116  115  114  110  101   91   85   2834
              1129    84   83   81   81   81   81   81   81   82   83   85   86   86   87   88   89   88   87   87   87   87   87   87   87   2036
              1130    86   86   86   85   85   85   85   85   86   86   88   89   89   90   90   91   91   91   90   89   89   89   90   90   2111
              ------------------------------------------------------------------------------------------------------------------------------------
              TOTAL 3375 3366 3370 3359 3353 3351 3333 3336 3361 3372 3393 3409 3401 3446 3470 3496 3500 3482 3436 3424 3438 3443 3448 3419  81781
              MEAN   113  112  112  112  112  112  111  111  112  112  113  114  113  115  116  117  117  116  115  114  115  115  115  114   2726
              MAX    146  142  143  143  142  141  142  143  144  144  144  142  143  144  145  144  144  144  141  143  144  143  143  146   3410
                N     30   30   30   30   30   30   30   30   30   30   30   30   30   30   30   30   30   30   30   30   30   30   30   30     30
              NOTE                                                                                                                                
                                                                                                                                                  
                   *): WITH MISSING DATA; TOTAL,MEAN,MAXIMUM ESTIMATED                                                                            
                                                                                                                                                  
                                                                                                                                                  
                                                                                                                                                  
