                                                                                                                                                  
                                                                                                                                                  
                                                                *******************************                                                   
                                                                  DOWNWARD LONGWAVE RADIATION                                                     
                                                                *******************************                                                   
                                                                                                                  COUNTRY = JAPAN                 
                                                                                                                                                  
                                                                                                                                                  
                                                                     UNIT  = 0.01 MJ/m**2                                                         
                        STATION    : Tateno                                                                                                       
                        STATION NO.: 47646                                                                                                        
                        LOCATION   : 140ﾟ08' E                                                                                                    
                                      36ﾟ03' N                                                                                                    
                        ALTITUDE   :   25.2  m                                                                                                    
                        YEAR/MONTH : 2019/03                                                                                                      
                                                                                                                                                  
              DATE   -01  -02  -03  -04  -05  -06  -07  -08  -09  -10  -11  -12  -13  -14  -15  -16  -17  -18  -19  -20  -21  -22  -23  -24  TOTAL
                                                                                                                                                  
               3 1   117  121  122  122  122  122  121  121  119  119  117  109  114  120  113  109  101   98   98   97   96   96   94   94   2662
               3 2    93   90   87   87   87   87   86   86   87   88   88   89   89   91   92   94   95   96   93   93   93   95  100  103   2189
               3 3   105  105  105  106  107  110  112  115  118  120  120  120  121  121  121  121  122  124  124  124  124  125  125  125   2820
               3 4   126  127  127  128  128  128  129  129  129  129  129  129  129  128  127  125  123  123  122  121  120  121  119  117   3013
               3 5   116  115  112  114  113  109  105   91   92   99  100  100  102  103   99   99   99   98   98   99   99  103  107  107   2479
               3 6   121  121  119  116  119  119  120  121  122  117  118  122  121  124  124  127  115  118  122  123  124  125  125  129   2912
               3 7   129  130  130  128  127  128  126  126  126  126  124  123  121  122  124  124  123  124  122  119  118  117  102  105   2944
               3 8    99   88   88   86   84   83   83   83   84   86   88   89   92  100   96   97   93   91   88   86   85   85   85   84   2123
               3 9    84   84   83   83   83   82   82   83   85   88   90   93   96  100  102  101   99   98   99  101  102  102   98   97   2215
               310    98   98   96   95   95   95   96   91   93   97  104  112  121  123  125  125  124  124  126  128  127  127  128  130   2678
               311   129  128  128  131  131  131  130  128  126  127  126  123  125  127  120  107  108  105  101   98   96   95   94   93   2807
               312    92   91   91   92   91   91   90   92   96   96   98  107  102  103  103  103  103  102  101  100  100  100  105  103   2352
               313    99   98   97   96   97   96   95   96   97   98  100  102  101  101  108  110   99   98  107  111  109   89   83   81   2368
               314    82   82   82   82   82   83   85   84   85   86   87   88   90   88   89   91   97   91   89   88   93   90   87   87   2088
               315    86   86   85   85   85   89   87   85   87   89   90   92   93   95   99  103  110  110  111  110  110  110  110  109   2316
               316   106   95   93   93   92  100  108  111  113  106  102  108  112  111  113  116  110  122  114  111  106   95   89   86   2512
               317    91  103   91   84   87   91   95   85   87   89   91   98  113  110  113  118  110  102   94   93   92   91   97   88   2313
               318    87   87   86   85   85   84   84   85   86   87   89   90   91   92   89   93   97  101  100  102  103  104  106  107   2220
               319   110  109  108  108  109  103   91   91   94   95  101  118  121  112  115  107  106  109  109  113  114  111  106  102   2562
               320   100   97   95   94   94   93   92   94   97   99  101  101  103  103  104  104  105  106  108  104  106  106  113  113   2432
               321   117  114  111  112  120  126  129  132  131  134  135  127  119  122  119  119  119  118  118  117  123  122  118  117   2919
               322   117  117  120  116  114  133  126  125  117  114  116  119  119  128  132  131  121  124  114  108  112  119  112  120   2874
               323   119  119  118  118  117  117  116  116  117  117  117  118  116  115  114  114  113  111  111  109  106  100   91   86   2695
               324    84   82   81   82   84   85   82   83   84   86   89   90   89   89   91   91   91   91   91   90   89   88   88   88   2088
               325    89   89   92   96   93   95  104  102  103   95   97  107  113  112  102  107  111  113  112  114  113  114  114  111   2498
               326   111  110  109  112  116  116  112  113  117  121  123  121  119  115  105  104  105  103  102  103  102  101   97   95   2632
               327    93   91   90   88   86   85   85   88   91   93   95   99  104  107  108  107  107  106  106  105  103  102  102  101   2342
               328   101  102  103  104  105  107  105  114  119  112  111  121  125  124  104  108  116  110  110  104  113  100  116  119   2653
               329   117  116  116  116  115  114  114  114  115  116  116  117  117  118  119  120  120  120  121  121  121  121  121  122   2827
               330   122  122  122  122  122  122  123  123  124  123  124  123  123  124  125  125  125  125  125  124  125  123  123  124   2963
               331   124  123  124  124  123  123  122  122  120  122  121  122  116  103  102  112  102   98   96   93   93   92   90   90   2657
              ------------------------------------------------------------------------------------------------------------------------------------
              TOTAL 3264 3240 3211 3205 3213 3247 3235 3229 3261 3274 3307 3377 3417 3431 3397 3412 3369 3359 3332 3309 3317 3269 3245 3233  79153
              MEAN   105  105  104  103  104  105  104  104  105  106  107  109  110  111  110  110  109  108  107  107  107  105  105  104   2553
              MAX    129  130  130  131  131  133  130  132  131  134  135  129  129  128  132  131  125  125  126  128  127  127  128  130   3013
                N     31   31   31   31   31   31   31   31   31   31   31   31   31   31   31   31   31   31   31   31   31   31   31   31     31
              NOTE                                                                                                                                
                                                                                                                                                  
                   *): WITH MISSING DATA; TOTAL,MEAN,MAXIMUM ESTIMATED                                                                            
                                                                                                                                                  
                                                                                                                                                  
