                                                                                                                                                  
                                                                                                                                                  
                                                                *******************************                                                   
                                                                  DOWNWARD LONGWAVE RADIATION                                                     
                                                                *******************************                                                   
                                                                                                                  COUNTRY = JAPAN                 
                                                                                                                                                  
                                                                                                                                                  
                                                                     UNIT  = 0.01 MJ/m**2                                                         
                        STATION    : Tateno                                                                                                       
                        STATION NO.: 47646                                                                                                        
                        LOCATION   : 140ﾟ08' E                                                                                                    
                                      36ﾟ03' N                                                                                                    
                        ALTITUDE   :   25.2  m                                                                                                    
                        YEAR/MONTH : 2019/01                                                                                                      
                                                                                                                                                  
              DATE   -01  -02  -03  -04  -05  -06  -07  -08  -09  -10  -11  -12  -13  -14  -15  -16  -17  -18  -19  -20  -21  -22  -23  -24  TOTAL
                                                                                                                                                  
               1 1    81   80   80   80   80   80   81   80   80   82   82   83   86   87   87   87   87   87   87   89   89   90   90   89   2024
               1 2    87   86   94  109   96   86   85   84   84   86   86   87   88   88   87   87   85   85   84   84   83   83   82   81   2087
               1 3    80   80   80   80   80   80   80   80   81   83   85   87   88   90   96   88   86   84   83   82   81   81   80   80   1995
               1 4    79   79   79   79   79   79   79   79   79   81   82   84   85   85   87   88   88   88   90   92   92  100  104   96   2053
               1 5    89   87   87   86   85   86   87   87   88   89   91   94   96   98   99   98   97   95   93   91   89   88   87   85   2172
               1 6    84   83   81   80   79   79   80   79   80   83   85   89   96  100  103  100   95   96   95   86   85   84   82   81   2085
               1 7    81   81   81   81   81   81   81   81   81   83   84   86   88   88   88   88   87   86   85   85   84   87   86   86   2020
               1 8    84   88   84   84   85   84   83   83   84   86   88   92   97   95   91   92   91   91   92   92   91   92   93   90   2132
               1 9    88   90   92   98   88   91   93   81   82   83   83   83   84   85   84   83   82   80   79   79   78   77   77   76   2016
               110    76   76   76   77   78   78   79   81   91  102  104  106  108  108  109  104   99   88   83   83   83   83   83   84   2139
               111    85   86   86   85   85   84   81   81   83   86   88   88   89   90   91   91   93   91   91   90   88   86   86   86   2090
               112    85   87  102  110   98  103  106  103  109  112  114  117  118  118  119  119  119  120  119  118  116  115  115  114   2656
               113   114  114  113  113  112  108   96  104  110   96  105  101   94   95   91   91   91   90   89   87   87   86   86   86   2359
               114    86   85   85   85   85   84   83   83   84   85   87   88   89   90   91   91   90   90   89   89   88   88   88   87   2090
               115    86   86   86   84   84   83   83   85   91  102  104  107  114  115  117  101  100  101   93   92   92   94   97  104   2301
               116   101  101  101   92   92   88   86   85   85   87   89   90   90   93   96  105  115  114  114  113  111  109  108  108   2373
               117   105  110  108  107   87   83   82   80   80   82   83   86   88   89   90   91   91   90   91   90   88   88   88   87   2164
               118    86   85   84   82   80   78   77   78   78   80   81   83   83   83   83   83   83   82   82   82   82   82   82   81   1960
               119    82   82   82   82   82   82   82   82   83   85   86   87   87   88   89   90   90   90   90   89   87   87   87   89   2060
               120    86   86   87   87   87   92  104  104  100   95   94   95   96   97   97   98   97   96   95   93   92   92   90   89   2249
               121    86   83   81   80   79   79   79   79   80   80   81   83   84   84   85   86   86   85   85   85   84   84   83   84   1985
               122    84   83   82   82   81   81   81   86   94   92   88   87   87   87   86   85   84   84   83   84   86   85   89   91   2052
               123    86   92  106  104  100   91   91   89   83   85   97   90   90   92   93   93   93   93   92   92   91   90   90   91   2214
               124    99   95   91   90   90   89   82   81   80   81   82   83   84   84   83   83   82   81   81   81   81   81   81   81   2026
               125    80   80   80   80   80   81   81   81   81   82   84   87   93   96   99  103  103   94   89   89  104  111  104  103   2165
               126   109   89   87   86   85  102  113  113  106   93  101   88   91   90  100  109  110   94   85   80   78   78   78   78   2243
               127    78   78   79   79   78   78   78   78   79   81   82   83   87   86   86   86   85   84   83   82   81   81   80   80   1952
               128    79   82   89   97  100   96   90   99  101   99   94   91   91   91   92   92   92   91   90   90   90   89   88   88   2201
               129    87   85   84   81   80   79   79   79   80   82   83   85   87   88   87   87   86   84   83   83   83   82   82   81   1997
               130    81   81   80   81   81   81   82   81   81   82   85   87   89   91   92   94  101  101   96   93   93   93   95   94   2115
               131    90   88   88   92   93   87   97  105  109  111  110  104  107  115  118  119  121  122  121  122  120  117  114  114   2584
              ------------------------------------------------------------------------------------------------------------------------------------
              TOTAL 2704 2688 2715 2733 2670 2653 2661 2671 2707 2736 2788 2801 2854 2886 2916 2912 2909 2857 2812 2787 2777 2783 2775 2764  66559
              MEAN    87   87   88   88   86   86   86   86   87   88   90   90   92   93   94   94   94   92   91   90   90   90   90   89   2147
              MAX    114  114  113  113  112  108  113  113  110  112  114  117  118  118  119  119  121  122  121  122  120  117  115  114   2656
                N     31   31   31   31   31   31   31   31   31   31   31   31   31   31   31   31   31   31   31   31   31   31   31   31     31
              NOTE                                                                                                                                
                                                                                                                                                  
                   *): WITH MISSING DATA; TOTAL,MEAN,MAXIMUM ESTIMATED                                                                            
                                                                                                                                                  
                                                                                                                                                  
