                                                                                                                                                  
                                                                                                                                                  
                                                                *******************************                                                   
                                                                  DOWNWARD LONGWAVE RADIATION                                                     
                                                                *******************************                                                   
                                                                                                                  COUNTRY = JAPAN                 
                                                                                                                                                  
                                                                                                                                                  
                                                                     UNIT  = 0.01 MJ/m**2                                                         
                        STATION    : Tateno                                                                                                       
                        STATION NO.: 47646                                                                                                        
                        LOCATION   : 140ﾟ08' E                                                                                                    
                                      36ﾟ03' N                                                                                                    
                        ALTITUDE   :   25.2  m                                                                                                    
                        YEAR/MONTH : 2019/02                                                                                                      
                                                                                                                                                  
              DATE   -01  -02  -03  -04  -05  -06  -07  -08  -09  -10  -11  -12  -13  -14  -15  -16  -17  -18  -19  -20  -21  -22  -23  -24  TOTAL
                                                                                                                                                  
               2 1   112  105   98   85   81   78   77   78   78   79   80   81   82   82   82   81   80   79   78   78   78   79   79   79   1989
               2 2    80   81   81   81   81   81   81   82   83   85   88   89   91   92   92   93   93   92   91   91   91   91   90   86   2086
               2 3    88   87   86   86   86   86   86   86   88   90   92   96   99  106  116  119  113  121  118  114  115  108  114  116   2416
               2 4   123  106  105  114  122  129  128  124  110  103  111  109  103  101   99   99   97   94   92   90   87   88   92   97   2523
               2 5    99  107  107  114  112  112  113  112  110  110  114  114  116  116  117  119  118  118  111  107  118  118  116  110   2708
               2 6   113  108  113  120  117  118  120  122  121  121  121  124  123  122  123  122  114   99   99  100   98   93   93   93   2697
               2 7    92   92   91   92   92   92   93   93   95  114  114  118  121  106  106  105  107  106  105  105  107  111  113  107   2477
               2 8    97   94   92   90  104  114  104  108   95   87   99  109  112  112  113  113  112   95   84   81   80   94  109  109   2407
               2 9   109  109  110  111  111  110  110  111  111  111  110  110  110  111  110  111  111  111  111  111  111  111  111  111   2653
               210   110  111  101   83   83   79   78   78   79   81   82   84   88   87   84   86   88  102  103  104   93   91   98  102   2175
               211   107  108  109  109  111  111  111  110  110  111  107  111  115  115  115  116  116  117  117  117  113  112  111   90   2669
               212    86   85   83   83   82   82   82   81   82   83   85   86   89  108  112  113  114  113  106  106  106  109  110   98   2284
               213    99  104  104  105  109  111  110  110  111  112  113  113  112  115  115  114  110  111  109  106  106  100  104  103   2606
               214   100   94  108  105  107   86   79   78   78   80   88   88   88   87   87   86   85   87   87   84   81   81   79   79   2102
               215    79   78   78   86   83   85   86  100  108  109  110  111  112  113  114  115  115  115  116  117  117  117  104   95   2463
               216    95   96   99   99   98  100   95   88   93   96   92   93   95   96   99  119  119  116  104   92   90   86   85   84   2329
               217    83   84   85   85   82   79   79   81   84   84   85   86   86   86   87   87   86   86   86   84   84   84   83   82   2018
               218    82   81   80   79   79   79   79   80   82   84   85   87   89   91   92   93   93   93   92   95   96  101   98  102   2112
               219   116  122  121  115  107  116  116  116  116  118  120  121  124  124  124  123  124  124  126  127  129  129  128  126   2912
               220   127  107  102  100   99  113  109  114  108  107  104  110  128  114  113  132  129  131  130  127  128  126  124  124   2806
               221   123  113  100   92   88   89   91   89   89   89   91   93   95   96   97   98  100  107  103   95   94   92   91   90   2305
               222    96   90   89   89   89   89   90   92   93   92   95   98   99  101  102  103  104  108  121  125  125  120  107  116   2433
               223   121  119  121  119  114  106  108  103   99   93   91   94  107  116  118  110  103   95   88   86   86   85   84   84   2450
               224    83   82   82   83   83   83   82   83   86   85   87   90   93   94   94   94   99  102  100  101  104  100   99  100   2189
               225   104  122  106  115  116  103  112  115  117  117  128  120  118  115  108  105  109  114  115  114  112  103  105  116   2709
               226   124  124  123  122  122  121  120  117  117  120  119  109  110  113  105   97   95   95   95   99  118  116  106  103   2690
               227    94   95   91   95   99   90   87   89   95  107  110  113  116  118  118  113  116  117  120  122  122  124  122  122   2595
               228   123  123  123  123  124  124  124  123  123  122  122  122  122  123  124  124  125  127  127  126  125  124  119  120   2962
              ------------------------------------------------------------------------------------------------------------------------------------
              TOTAL 2865 2827 2788 2780 2781 2766 2750 2763 2761 2790 2843 2879 2943 2960 2966 2990 2975 2975 2934 2904 2914 2893 2874 2844  68765
              MEAN   102  101  100   99   99   99   98   99   99  100  102  103  105  106  106  107  106  106  105  104  104  103  103  102   2456
              MAX    127  124  123  123  124  129  128  124  123  122  128  124  128  124  124  132  129  131  130  127  129  129  128  126   2962
                N     28   28   28   28   28   28   28   28   28   28   28   28   28   28   28   28   28   28   28   28   28   28   28   28     28
              NOTE                                                                                                                                
                                                                                                                                                  
                   *): WITH MISSING DATA; TOTAL,MEAN,MAXIMUM ESTIMATED                                                                            
                                                                                                                                                  
                                                                                                                                                  
                                                                                                                                                  
                                                                                                                                                  
                                                                                                                                                  
