                                                                                                                                                  
                                                                                                                                                  
                                                                *******************************                                                   
                                                                  DOWNWARD LONGWAVE RADIATION                                                     
                                                                *******************************                                                   
                                                                                                                  COUNTRY = JAPAN                 
                                                                                                                                                  
                                                                                                                                                  
                                                                     UNIT  = 0.01 MJ/m**2                                                         
                        STATION    : Tateno                                                                                                       
                        STATION NO.: 47646                                                                                                        
                        LOCATION   : 140ﾟ08' E                                                                                                    
                                      36ﾟ03' N                                                                                                    
                        ALTITUDE   :   25.2  m                                                                                                    
                        YEAR/MONTH : 2019/08                                                                                                      
                                                                                                                                                  
              DATE   -01  -02  -03  -04  -05  -06  -07  -08  -09  -10  -11  -12  -13  -14  -15  -16  -17  -18  -19  -20  -21  -22  -23  -24  TOTAL
                                                                                                                                                  
               8 1   150  149  149  150  149  150  152  154  156  158  161  161  161  161  161  160  160  160  160  157  154  153  152  151   3729
               8 2   153  152  151  150  154  151  151  153  156  160  163  163  164  163  163  165  162  159  156  153  152  150  149  148   3741
               8 3   148  147  146  145  145  145  145  147  150  154  158  158  158  159  159  159  160  158  154  152  151  150  149  148   3645
               8 4   149  148  147  146  145  145  146  148  150  155  157  156  157  156  161  161  154  151  149  147  146  145  144  144   3607
               8 5   145  144  144  144  143  142  143  144  147  151  158  160  161  163  163  163  162  157  154  153  151  150  149  153   3644
               8 6   155  149  146  147  150  152  153  162  156  157  160  159  157  155  153  155  154  151  149  148  148  148  147  147   3658
               8 7   146  146  148  147  146  146  147  158  158  157  155  157  162  163  164  160  159  156  156  154  149  148  148  148   3678
               8 8   148  149  151  149  149  150  152  153  152  154  158  159  162  161  159  158  157  154  152  152  151  150  149  149   3678
               8 9   149  150  149  149  147  147  148  150  153  157  160  161  162  164  163  160  159  157  155  153  154  154  153  153   3707
               810   151  148  147  146  145  145  145  148  153  161  162  160  162  162  163  162  156  154  157  151  149  149  148  147   3671
               811   148  148  158  151  148  150  159  161  161  161  155  154  153  153  153  148  149  153  160  157  157  150  146  147   3680
               812   149  156  159  159  158  159  159  156  150  153  162  165  162  159  158  157  155  154  152  151  149  149  149  149   3729
               813   149  150  149  149  148  148  150  156  157  165  166  161  162  158  164  165  160  157  156  154  153  152  152  153   3734
               814   153  155  159  154  153  151  158  158  160  164  164  164  161  165  161  156  156  156  154  152  151  151  153  152   3761
               815   152  151  151  150  150  152  156  160  160  161  164  163  162  165  165  164  161  162  157  152  152  152  151  155   3768
               816   157  160  161  160  159  162  163  161  161  160  159  159  160  160  159  156  155  154  152  150  150  149  150  149   3766
               817   149  149  148  148  148  148  148  152  152  153  156  159  160  159  159  158  158  156  154  153  153  152  152  151   3675
               818   150  150  150  149  149  148  150  151  153  153  155  156  157  160  158  156  159  155  152  154  154  152  152  152   3675
               819   159  157  156  153  155  158  159  161  161  161  162  163  162  162  160  159  158  159  160  159  159  159  159  159   3820
               820   159  159  158  157  156  155  156  157  159  160  161  161  152  160  161  162  153  152  152  144  143  150  150  147   3724
               821   146  143  147  152  152  152  152  148  147  146  151  153  153  151  155  157  158  158  155  154  156  156  157  158   3657
               822   156  155  155  155  155  155  155  156  156  158  158  159  157  159  161  161  155  151  152  153  152  150  147  157   3728
               823   157  151  149  152  152  156  160  158  157  157  157  157  157  160  159  157  156  156  150  153  152  153  152  153   3721
               824   153  153  154  152  152  155  157  157  147  148  155  155  155  147  145  151  155  157  150  149  150  148  151  152   3648
               825   154  152  150  148  147  147  146  138  135  137  139  142  146  148  149  145  144  144  144  144  148  149  137  142   3475
               826   147  147  150  150  143  141  145  146  141  150  154  152  149  142  140  138  138  141  143  140  148  145  143  140   3473
               827   136  141  146  137  138  141  138  139  149  152  157  151  155  154  153  154  149  147  150  152  153  152  153  154   3551
               828   154  154  154  155  155  153  155  152  153  154  160  161  161  161  161  159  157  154  153  152  150  152  153  150   3723
               829   151  153  153  153  152  146  144  146  147  155  155  151  158  160  162  156  154  152  151  149  149  148  146  145   3636
               830   145  144  145  144  144  145  151  156  156  155  154  154  157  159  157  157  154  151  149  148  145  145  151  152   3618
               831   154  157  156  156  150  150  153  150  156  159  158  155  155  153  155  160  161  156  151  151  149  147  154  147   3693
              ------------------------------------------------------------------------------------------------------------------------------------
              TOTAL 4672 4667 4686 4657 4637 4645 4696 4736 4749 4826 4894 4889 4900 4902 4904 4879 4828 4782 4739 4691 4678 4658 4646 4652 114013
              MEAN   151  151  151  150  150  150  151  153  153  156  158  158  158  158  158  157  156  154  153  151  151  150  150  150   3678
              MAX    159  160  161  160  159  162  163  162  161  165  166  165  164  165  165  165  162  162  160  159  159  159  159  159   3820
                N     31   31   31   31   31   31   31   31   31   31   31   31   31   31   31   31   31   31   31   31   31   31   31   31     31
              NOTE                                                                                                                                
                                                                                                                                                  
                   *): WITH MISSING DATA; TOTAL,MEAN,MAXIMUM ESTIMATED                                                                            
                                                                                                                                                  
                                                                                                                                                  
