                                                                                                                                                  
                                                                                                                                                  
                                                                *******************************                                                   
                                                                  DOWNWARD LONGWAVE RADIATION                                                     
                                                                *******************************                                                   
                                                                                                                  COUNTRY = JAPAN                 
                                                                                                                                                  
                                                                                                                                                  
                                                                     UNIT  = 0.01 MJ/m**2                                                         
                        STATION    : Tateno                                                                                                       
                        STATION NO.: 47646                                                                                                        
                        LOCATION   : 140ﾟ08' E                                                                                                    
                                      36ﾟ03' N                                                                                                    
                        ALTITUDE   :   25.2  m                                                                                                    
                        YEAR/MONTH : 2019/10                                                                                                      
                                                                                                                                                  
              DATE   -01  -02  -03  -04  -05  -06  -07  -08  -09  -10  -11  -12  -13  -14  -15  -16  -17  -18  -19  -20  -21  -22  -23  -24  TOTAL
                                                                                                                                                  
              10 1   130  130  131  130  141  133  127  129  129  130  132  132  133  131  131  130  129  127  127  126  125  127  127  127   3114
              10 2   127  126  125  126  124  124  124  124  126  127  129  131  133  133  135  134  132  133  128  126  125  126  125  124   3067
              10 3   124  124  126  126  136  135  129  138  141  146  147  147  144  149  151  150  149  149  146  140  141  142  141  138   3359
              10 4   138  143  148  150  150  149  149  149  150  146  140  147  143  141  148  145  140  138  136  136  135  135  136  135   3427
              10 5   134  133  133  131  131  130  129  128  129  130  132  135  135  136  137  138  137  136  133  136  137  136  143  143   3222
              10 6   131  137  142  142  145  147  147  147  146  146  146  145  144  137  129  125  132  130  134  131  128  129  136  137   3313
              10 7   126  128  128  131  128  126  124  124  137  144  144  143  142  146  146  141  143  143  144  145  145  146  145  146   3315
              10 8   146  146  146  146  146  146  146  146  147  147  148  144  146  145  146  139  139  141  142  145  150  149  147  141   3484
              10 9   146  137  140  134  134  119  114  113  114  114  115  116  116  117  117  117  117  116  114  113  113  114  113  112   2875
              1010   112  112  112  113  111  111  118  117  117  120  123  137  130  136  127  138  145  147  147  146  142  143  144  144   3092
              1011   144  143  143  143  143  143  144  145  146  148  149  152  152  151  152  150  150  150  149  150  150  150  150  151   3548
              1012   150  151  152  152  153  152  153  154  154  156  158  158  159  159  159  159  160  159  159  158  157  156  152  146   3726
              1013   148  145  134  132  132  132  133  133  132  132  133  140  136  132  131  129  129  119  117  115  121  121  129  132   3137
              1014   135  135  136  135  137  137  138  139  140  142  142  143  143  143  143  142  142  142  142  142  142  142  142  142   3366
              1015   143  142  142  140  139  139  138  139  139  139  139  140  140  139  140  137  136  137  137  137  136  135  134  134   3321
              1016   126  131  132  133  133  129  128  116  128  126  122  127  128  132  119  114  113  116  126  122  131  131  122  134   3019
              1017   132  134  133  135  134  127  126  127  136  133  130  134  136  130  141  142  141  141  140  139  139  139  138  137   3244
              1018   138  138  138  137  137  136  136  134  134  137  139  139  140  139  140  139  140  140  139  139  139  140  139  139   3316
              1019   140  141  141  141  141  141  143  144  145  145  144  146  145  147  146  144  147  147  146  139  139  138  130  131   3411
              1020   131  133  137  132  132  131  138  142  139  140  141  134  142  141  139  138  137  140  140  142  142  140  140  140   3311
              1021   139  139  136  137  132  136  129  130  130  130  134  131  132  134  138  138  136  134  133  134  134  137  138  138   3229
              1022   139  137  138  139  139  138  137  137  137  137  137  136  137  130  138  137  137  137  136  134  136  130  131  133   3267
              1023   130  120  114  112  111  111  111  113  115  115  116  118  120  123  123  124  123  122  124  136  137  136  136  138   2928
              1024   135  135  133  135  137  135  134  132  132  134  135  135  138  136  132  134  135  134  133  134  137  139  140  139   3243
              1025   139  138  136  138  140  141  141  140  141  141  140  141  140  140  140  141  142  142  139  139  139  140  139  140   3357
              1026   136  139  119  118  117  118  119  121  123  120  120  122  128  132  132  137  137  138  137  133  141  132  124  126   3069
              1027   131  132  133  134  127  128  132  137  139  137  133  142  144  137  139  134  134  136  128  136  134  129  132  128   3216
              1028   126  129  130  125  121  123  127  120  114  112  112  116  115  113  113  113  111  110  112  113  111  110  111  114   2801
              1029   119  128  133  136  134  134  134  134  136  136  137  139  136  136  137  136  135  137  135  120  133  137  136  135   3213
              1030   134  135  135  134  134  134  132  128  118  109  110  112  113  114  115  117  120  124  122  119  118  120  118  115   2930
              1031   113  111  112  111  115  130  121  113  116  127  120  125  135  132  132  124  120  118  116  114  113  113  113  112   2856
              ------------------------------------------------------------------------------------------------------------------------------------
              TOTAL 4142 4152 4138 4128 4134 4115 4101 4093 4130 4146 4147 4207 4225 4211 4216 4186 4188 4183 4161 4139 4170 4162 4151 4151  99776
              MEAN   134  134  133  133  133  133  132  132  133  134  134  136  136  136  136  135  135  135  134  134  135  134  134  134   3219
              MAX    150  151  152  152  153  152  153  154  154  156  158  158  159  159  159  159  160  159  159  158  157  156  152  151   3726
                N     31   31   31   31   31   31   31   31   31   31   31   31   31   31   31   31   31   31   31   31   31   31   31   31     31
              NOTE                                                                                                                                
                                                                                                                                                  
                   *): WITH MISSING DATA; TOTAL,MEAN,MAXIMUM ESTIMATED                                                                            
                                                                                                                                                  
                                                                                                                                                  
