                                                                                                                                                  
                                                                                                                                                  
                                                                *******************************                                                   
                                                                  DOWNWARD LONGWAVE RADIATION                                                     
                                                                *******************************                                                   
                                                                                                                  COUNTRY = JAPAN                 
                                                                                                                                                  
                                                                                                                                                  
                                                                     UNIT  = 0.01 MJ/m**2                                                         
                        STATION    : Tateno                                                                                                       
                        STATION NO.: 47646                                                                                                        
                        LOCATION   : 140ﾟ08' E                                                                                                    
                                      36ﾟ03' N                                                                                                    
                        ALTITUDE   :   25.2  m                                                                                                    
                        YEAR/MONTH : 2020/07                                                                                                      
                                                                                                                                                  
              DATE   -01  -02  -03  -04  -05  -06  -07  -08  -09  -10  -11  -12  -13  -14  -15  -16  -17  -18  -19  -20  -21  -22  -23  -24  TOTAL
                                                                                                                                                  
               7 1   159  158  157  155  154  153  152  151  153  155  156  155  155  155  158  154  150  150  150  153  153  156  155  154   3701
               7 2   152  147  145  145  141  140  138  135  138  140  144  144  144  142  143  142  142  141  140  139  138  139  140  142   3401
               7 3   142  140  138  138  137  140  143  149  147  150  150  151  150  148  146  146  146  144  145  145  144  145  146  146   3476
               7 4   147  147  146  147  147  149  150  152  153  153  152  150  151  149  151  151  153  150  150  153  152  157  160  160   3630
               7 5   159  157  155  153  152  148  146  152  149  148  150  150  150  151  152  150  151  151  141  139  140  141  143  146   3574
               7 6   150  154  153  155  157  158  158  157  154  155  156  155  156  156  155  157  155  153  154  154  154  155  156  156   3723
               7 7   156  156  157  157  155  156  158  155  156  157  158  158  158  159  158  157  158  156  156  155  155  156  156  155   3758
               7 8   154  155  157  158  157  157  157  158  158  158  157  156  151  151  152  150  147  144  145  144  146  150  151  152   3665
               7 9   156  154  154  156  154  153  156  155  153  153  155  154  155  155  154  152  151  150  150  152  153  154  153  154   3686
               710   154  152  150  151  149  149  150  153  153  155  154  156  155  156  155  153  154  154  155  149  146  145  146  147   3641
               711   146  146  153  154  151  147  151  154  157  158  157  159  159  160  158  153  153  153  160  158  154  154  158  154   3707
               712   153  155  159  159  156  147  153  147  150  152  156  146  147  152  149  146  146  145  134  136  141  145  146  145   3565
               713   145  145  145  144  144  142  140  141  145  147  147  148  149  150  149  149  149  144  148  147  148  148  149  149   3512
               714   150  149  149  147  148  149  150  151  150  150  151  151  151  151  151  152  153  153  152  152  151  150  150  150   3611
               715   150  149  149  149  149  149  149  150  150  150  150  150  151  150  150  148  147  146  144  144  144  144  144  144   3550
               716   144  143  143  143  143  143  142  144  146  146  147  149  150  150  150  149  149  148  146  146  140  141  136  135   3473
               717   144  144  144  144  143  143  144  145  145  146  146  148  149  148  148  148  149  149  147  147  148  148  147  148   3512
               718   148  148  148  148  148  148  149  148  149  149  149  149  150  151  152  151  151  151  151  152  152  146  137  146   3571
               719   150  151  151  151  151  152  152  152  152  154  154  156  155  150  153  146  144  143  142  142  141  141  142  142   3567
               720   144  145  142  138  139  140  144  147  154  146  144  145  144  145  144  145  146  149  146  144  146  149  151  151   3488
               721   151  151  151  151  151  149  151  151  152  153  155  157  157  157  158  154  153  149  146  145  144  150  152  153   3641
               722   154  157  156  155  156  157  157  157  158  159  160  160  160  158  156  154  153  154  152  154  152  152  151  147   3729
               723   149  150  149  148  149  150  152  153  155  154  153  154  154  154  153  153  152  152  150  148  147  149  149  150   3627
               724   148  148  144  144  143  137  141  147  149  148  150  155  156  158  157  155  155  155  154  153  153  153  155  157   3615
               725   157  157  154  156  157  157  156  156  156  156  156  158  160  160  157  156  156  156  157  158  157  152  149  150   3744
               726   148  153  158  158  155  156  154  156  155  157  153  154  155  160  157  157  158  153  150  152  151  159  158  155   3722
               727   151  152  155  152  154  151  152  150  152  153  152  160  161  160  161  159  157  156  159  159  159  157  154  153   3729
               728   155  157  158  154  153  157  158  157  159  157  157  157  159  160  160  160  159  160  159  159  157  157  157  154   3780
               729   153  153  152  152  152  151  151  151  153  153  154  154  155  154  152  152  151  150  149  148  149  148  147  148   3632
               730   147  147  147  147  147  147  147  147  148  148  149  151  153  153  150  151  153  153  147  151  149  151  150  150   3583
               731   151  151  151  151  151  152  153  154  154  155  156  156  157  157  154  150  150  146  153  152  148  151  152  149   3654
              ------------------------------------------------------------------------------------------------------------------------------------
              TOTAL 4667 4671 4670 4660 4643 4627 4654 4675 4703 4715 4728 4746 4757 4760 4743 4700 4691 4658 4632 4630 4612 4643 4640 4642 112267
              MEAN   151  151  151  150  150  149  150  151  152  152  153  153  153  154  153  152  151  150  149  149  149  150  150  150   3622
              MAX    159  158  159  159  157  158  158  158  159  159  160  160  161  160  161  160  159  160  160  159  159  159  160  160   3780
                N     31   31   31   31   31   31   31   31   31   31   31   31   31   31   31   31   31   31   31   31   31   31   31   31     31
              NOTE                                                                                                                                
                                                                                                                                                  
                   *): WITH MISSING DATA; TOTAL,MEAN,MAXIMUM ESTIMATED                                                                            
                                                                                                                                                  
                                                                                                                                                  
