                                                                                                                                                  
                                                                                                                                                  
                                                                *******************************                                                   
                                                                  DOWNWARD LONGWAVE RADIATION                                                     
                                                                *******************************                                                   
                                                                                                                  COUNTRY = JAPAN                 
                                                                                                                                                  
                                                                                                                                                  
                                                                     UNIT  = 0.01 MJ/m**2                                                         
                        STATION    : Tateno                                                                                                       
                        STATION NO.: 47646                                                                                                        
                        LOCATION   : 140ﾟ08' E                                                                                                    
                                      36ﾟ03' N                                                                                                    
                        ALTITUDE   :   25.2  m                                                                                                    
                        YEAR/MONTH : 2020/06                                                                                                      
                                                                                                                                                  
              DATE   -01  -02  -03  -04  -05  -06  -07  -08  -09  -10  -11  -12  -13  -14  -15  -16  -17  -18  -19  -20  -21  -22  -23  -24  TOTAL
                                                                                                                                                  
               6 1   139  137  140  142  142  143  143  143  144  146  147  148  147  148  147  148  147  148  147  147  144  138  147  147   3469
               6 2   145  144  137  139  129  131  141  148  149  142  151  153  147  149  145  144  139  137  137  138  137  142  147  145   3416
               6 3   149  150  148  143  134  134  129  129  129  132  138  137  138  139  139  140  142  142  140  136  134  134  142  149   3327
               6 4   149  149  148  144  139  147  149  148  148  149  146  144  140  140  141  139  138  138  132  131  133  131  130  130   3383
               6 5   131  132  134  135  134  133  134  134  139  137  139  141  141  143  145  142  140  138  141  137  138  141  146  151   3326
               6 6   146  147  143  139  134  141  144  138  142  144  149  145  146  146  147  143  142  141  143  144  145  143  142  145   3439
               6 7   143  141  141  140  141  137  143  141  140  141  129  127  126  126  125  125  124  124  124  123  128  128  133  135   3185
               6 8   135  137  141  143  144  143  143  138  131  141  144  138  136  135  133  137  141  142  134  133  133  131  130  128   3291
               6 9   128  128  128  130  128  128  130  134  136  137  140  143  142  140  139  138  136  135  134  134  133  133  133  132   3219
               610   131  130  130  130  129  129  131  132  135  137  139  141  141  143  141  140  139  143  141  144  145  138  139  142   3290
               611   141  142  145  141  143  147  147  150  146  153  154  152  149  155  155  155  156  155  155  155  155  154  152  149   3606
               612   147  152  156  156  154  150  154  155  151  147  149  153  157  159  158  158  155  158  152  151  151  150  152  153   3678
               613   153  153  151  149  150  153  152  151  150  148  148  149  148  148  146  144  145  146  145  143  137  138  143  144   3534
               614   135  135  135  143  145  147  147  147  149  151  151  152  152  152  152  150  152  152  153  154  154  154  154  154   3570
               615   154  153  140  139  137  138  140  139  138  139  141  142  144  149  151  152  154  150  147  144  141  142  140  145   3459
               616   140  139  140  139  139  136  132  132  137  139  143  145  142  137  137  136  134  134  135  147  142  148  133  125   3311
               617   124  123  123  122  121  121  123  125  127  129  131  134  139  131  129  129  128  127  128  127  127  130  130  135   3063
               618   131  130  128  127  128  133  135  135  136  142  146  146  146  145  145  145  145  146  146  146  147  147  146  144   3365
               619   143  143  144  143  144  144  144  145  146  145  147  145  145  146  146  147  147  145  145  146  145  143  142  131   3461
               620   124  123  122  122  122  123  125  127  129  131  139  140  138  138  142  149  147  143  145  148  147  147  149  147   3267
               621   146  145  143  140  140  138  140  142  144  145  146  145  143  145  147  149  148  147  147  145  144  143  143  142   3457
               622   139  137  136  136  138  138  139  140  142  144  144  147  148  147  146  146  146  145  144  145  145  146  146  146   3430
               623   145  144  144  144  144  144  146  148  149  147  149  151  151  150  151  152  142  141  144  151  150  147  144  150   3528
               624   147  147  149  146  148  148  147  147  147  147  148  148  148  143  143  149  148  138  143  144  146  140  140  144   3495
               625   144  144  143  144  144  144  145  145  145  146  147  147  148  149  149  150  151  150  149  149  148  148  148  146   3523
               626   147  147  147  147  146  146  146  147  148  149  151  153  154  146  148  152  152  150  150  151  146  146  147  154   3570
               627   153  151  151  149  150  151  153  153  153  149  151  155  152  153  152  149  149  151  149  149  147  145  149  148   3612
               628   150  154  154  153  152  153  153  153  153  153  150  147  148  149  143  140  141  140  146  145  144  140  140  142   3543
               629   141  145  147  145  141  132  137  137  132  139  146  145  147  144  139  140  140  139  147  144  139  139  138  139   3382
               630   138  139  145  143  139  146  143  144  148  151  154  155  156  157  155  156  158  157  157  156  156  157  157  159   3626
              ------------------------------------------------------------------------------------------------------------------------------------
              TOTAL 4238 4241 4233 4213 4179 4198 4235 4247 4263 4300 4357 4368 4359 4352 4336 4344 4326 4302 4300 4307 4281 4263 4282 4301 102825
              MEAN   141  141  141  140  139  140  141  142  142  143  145  146  145  145  145  145  144  143  143  144  143  142  143  143   3428
              MAX    154  154  156  156  154  153  154  155  153  153  154  155  157  159  158  158  158  158  157  156  156  157  157  159   3678
                N     30   30   30   30   30   30   30   30   30   30   30   30   30   30   30   30   30   30   30   30   30   30   30   30     30
              NOTE                                                                                                                                
                                                                                                                                                  
                   *): WITH MISSING DATA; TOTAL,MEAN,MAXIMUM ESTIMATED                                                                            
                                                                                                                                                  
                                                                                                                                                  
                                                                                                                                                  
