                                                                                                                                                  
                                                                                                                                                  
                                                                *******************************                                                   
                                                                  DOWNWARD LONGWAVE RADIATION                                                     
                                                                *******************************                                                   
                                                                                                                  COUNTRY = JAPAN                 
                                                                                                                                                  
                                                                                                                                                  
                                                                     UNIT  = 0.01 MJ/m**2                                                         
                        STATION    : Tateno                                                                                                       
                        STATION NO.: 47646                                                                                                        
                        LOCATION   : 140ﾟ08' E                                                                                                    
                                      36ﾟ03' N                                                                                                    
                        ALTITUDE   :   25.2  m                                                                                                    
                        YEAR/MONTH : 2020/05                                                                                                      
                                                                                                                                                  
              DATE   -01  -02  -03  -04  -05  -06  -07  -08  -09  -10  -11  -12  -13  -14  -15  -16  -17  -18  -19  -20  -21  -22  -23  -24  TOTAL
                                                                                                                                                  
               5 1   114  113  112  111  111  111  115  116  125  127  127  125  122  123  122  121  121  120  119  119  118  118  117  117   2844
               5 2   116  115  115  115  114  114  114  117  119  122  124  126  127  125  125  125  125  124  123  121  121  121  120  120   2888
               5 3   119  118  117  117  120  122  120  122  125  126  127  128  124  124  125  130  123  123  130  121  127  131  131  133   2983
               5 4   134  136  137  137  139  138  140  138  140  142  140  140  141  143  145  146  142  135  133  133  127  126  125  125   3282
               5 5   125  127  128  124  123  135  130  127  128  130  132  133  140  137  136  141  141  140  140  139  137  135  134  134   3196
               5 6   135  133  137  138  137  135  136  137  138  138  138  139  139  139  139  139  139  138  138  139  138  138  138  133   3298
               5 7   134  123  112  105  104  100  100  101  104  108  108  108  110  117  120  110  111  108  107  105  104  104  101  101   2605
               5 8   101  100   99   99  102  105  109  113  100  102  104  105  108  108  107  112  112  111  109  107  106  107  110  109   2545
               5 9   109  112  115  115  110  109  112  124  128  129  132  134  135  134  134  135  135  135  137  137  136  136  137  137   3057
               510   139  137  135  129  137  140  139  140  139  141  147  149  150  151  142  143  143  143  142  143  142  142  148  148   3409
               511   149  148  147  144  149  148  144  136  129  129  130  130  129  129  131  131  128  126  126  126  127  139  132  134   3241
               512   127  132  143  146  146  145  145  144  144  141  132  133  134  137  132  132  130  131  130  133  133  134  130  130   3264
               513   126  124  122  120  121  135  132  131  133  139  135  138  133  135  140  137  123  122  124  123  120  132  131  131   3107
               514   121  116  117  102  101  101  102  105  107  110  112  115  117  120  123  123  123  122  121  122  117  115  114  113   2739
               515   115  115  114  113  113  111  111  113  119  126  129  136  136  129  132  132  136  136  136  135  136  137  136  134   3030
               516   135  137  137  137  138  138  139  141  142  145  145  144  143  143  143  143  142  142  142  142  142  142  143  143   3388
               517   143  140  134  135  124  119  119  121  123  126  128  131  132  134  137  138  141  133  130  127  126  126  125  124   3116
               518   126  138  133  131  133  134  141  141  142  143  144  144  145  145  145  145  144  144  144  144  145  146  146  147   3390
               519   146  145  145  145  145  146  146  146  146  147  146  145  145  144  144  143  143  142  142  141  141  140  139  138   3450
               520   136  136  134  133  132  131  131  131  130  130  131  132  132  133  133  133  133  132  132  131  130  130  129  129   3164
               521   128  128  128  129  129  129  129  130  131  132  133  134  134  134  134  134  135  134  133  133  133  132  131  131   3158
               522   129  128  119  129  130  131  133  130  136  137  138  138  139  139  139  139  138  138  138  139  139  140  140  140   3246
               523   140  141  139  139  140  141  141  141  143  143  143  144  141  145  144  143  145  144  137  139  123  122  120  121   3319
               524   122  121  121  121  124  123  121  123  125  133  140  145  145  142  139  138  142  131  127  123  122  128  134  136   3126
               525   123  126  131  139  123  124  125  128  135  146  145  139  136  138  141  139  138  134  129  133  129  133  133  135   3202
               526   134  136  134  138  138  139  138  136  140  140  145  147  147  146  144  143  144  145  146  148  148  148  148  148   3420
               527   145  140  142  143  143  142  143  144  144  144  133  137  140  136  136  137  132  130  132  137  139  133  131  130   3313
               528   121  121  127  123  128  123  127  130  136  137  127  135  125  133  140  131  130  137  125  125  137  135  133  136   3122
               529   135  120  113  112  111  111  112  114  115  118  119  121  123  123  123  126  131  138  145  136  123  123  130  129   2951
               530   121  120  119  118  117  117  118  120  122  125  126  128  134  138  140  131  130  132  130  128  129  125  123  121   3012
               531   121  123  126  124  126  129  132  134  137  140  142  140  140  143  142  143  143  141  140  140  140  133  124  134   3237
              ------------------------------------------------------------------------------------------------------------------------------------
              TOTAL 3969 3949 3932 3911 3908 3926 3944 3974 4025 4096 4102 4143 4146 4167 4177 4163 4143 4111 4087 4069 4035 4051 4033 4041  97102
              MEAN   128  127  127  126  126  127  127  128  130  132  132  134  134  134  135  134  134  133  132  131  130  131  130  130   3132
              MAX    149  148  147  146  149  148  146  146  146  147  147  149  150  151  145  146  145  145  146  148  148  148  148  148   3450
                N     31   31   31   31   31   31   31   31   31   31   31   31   31   31   31   31   31   31   31   31   31   31   31   31     31
              NOTE                                                                                                                                
                                                                                                                                                  
                   *): WITH MISSING DATA; TOTAL,MEAN,MAXIMUM ESTIMATED                                                                            
                                                                                                                                                  
                                                                                                                                                  
