                                                                                                                                                  
                                                                                                                                                  
                                                                *******************************                                                   
                                                                  DOWNWARD LONGWAVE RADIATION                                                     
                                                                *******************************                                                   
                                                                                                                  COUNTRY = JAPAN                 
                                                                                                                                                  
                                                                                                                                                  
                                                                     UNIT  = 0.01 MJ/m**2                                                         
                        STATION    : Tateno                                                                                                       
                        STATION NO.: 47646                                                                                                        
                        LOCATION   : 140ﾟ08' E                                                                                                    
                                      36ﾟ03' N                                                                                                    
                        ALTITUDE   :   25.2  m                                                                                                    
                        YEAR/MONTH : 2020/08                                                                                                      
                                                                                                                                                  
              DATE   -01  -02  -03  -04  -05  -06  -07  -08  -09  -10  -11  -12  -13  -14  -15  -16  -17  -18  -19  -20  -21  -22  -23  -24  TOTAL
                                                                                                                                                  
               8 1   149  149  151  152  151  149  148  141  144  143  147  147  147  145  144  142  142  140  146  151  151  151  151  149   3530
               8 2   148  147  145  138  143  137  140  139  142  144  147  144  145  143  142  140  140  140  139  138  138  142  144  137   3402
               8 3   136  136  136  136  136  136  137  140  146  144  147  148  149  152  155  153  153  149  150  153  149  144  144  143   3472
               8 4   142  143  142  142  145  142  143  150  153  153  154  154  156  155  158  155  153  152  149  148  146  145  145  145   3570
               8 5   144  143  143  143  143  146  154  150  155  157  155  154  155  158  158  156  156  153  151  149  148  147  146  145   3609
               8 6   143  142  146  144  141  143  143  146  153  150  153  150  151  150  150  151  151  153  151  147  144  142  142  141   3527
               8 7   140  141  141  141  140  141  141  142  145  148  151  155  156  156  155  155  154  154  153  152  153  151  149  149   3563
               8 8   147  145  145  145  150  154  155  152  155  156  159  158  152  148  149  152  146  144  148  146  148  148  155  155   3612
               8 9   155  155  156  156  156  154  148  146  145  149  150  153  157  159  162  162  163  161  160  156  152  151  151  151   3708
               810   149  149  148  148  148  149  150  151  154  156  158  160  162  161  161  162  162  162  159  156  155  154  153  152   3719
               811   151  150  150  152  152  147  149  151  152  155  156  158  159  160  159  158  157  155  153  153  153  153  153  153   3689
               812   153  152  151  151  151  152  154  156  158  164  163  162  160  163  164  162  160  162  160  162  158  157  155  158   3788
               813   153  152  151  150  151  151  151  152  153  156  159  160  161  163  164  166  164  160  161  156  149  152  150  147   3732
               814   147  146  144  145  145  145  151  151  149  152  156  154  153  153  154  154  155  154  153  157  154  153  155  153   3633
               815   151  151  153  151  150  151  159  157  163  165  157  157  160  161  163  164  164  165  163  161  160  161  162  163   3812
               816   158  155  154  155  156  154  154  154  156  155  154  155  155  154  154  154  153  152  152  152  151  157  158  159   3711
               817   154  155  154  153  152  155  156  159  156  159  165  166  161  162  161  163  162  162  165  166  163  161  160  159   3829
               818   160  160  157  153  159  162  162  156  156  163  161  153  152  152  150  149  155  151  153  154  154  150  154  153   3729
               819   151  145  142  142  142  141  142  145  145  148  150  151  154  155  154  155  154  151  149  147  146  145  145  145   3544
               820   144  143  143  143  143  143  144  148  149  151  153  154  154  154  154  154  156  154  152  150  150  148  147  146   3577
               821   146  145  144  143  143  142  144  146  149  151  153  155  155  154  157  159  159  156  153  152  151  149  148  147   3601
               822   147  146  145  143  143  154  156  158  160  152  149  149  150  152  151  147  147  148  149  152  149  147  155  152   3601
               823   156  153  154  157  155  152  152  152  158  157  159  155  153  150  147  151  150  146  145  144  145  144  145  142   3622
               824   142  141  141  153  157  156  154  149  156  151  149  156  156  149  147  146  144  143  142  143  144  142  147  142   3550
               825   140  141  139  144  146  151  139  151  155  144  149  155  147  145  146  145  145  145  144  143  143  143  142  141   3483
               826   140  140  141  146  148  152  155  156  157  156  156  155  153  157  155  155  154  153  152  153  151  153  150  154   3642
               827   150  149  148  154  157  158  158  156  158  156  161  162  167  165  164  163  159  155  153  152  151  150  153  151   3750
               828   149  150  154  152  150  148  150  153  158  157  157  163  167  159  161  163  159  156  154  152  151  149  149  148   3709
               829   148  147  147  147  148  146  148  158  156  157  161  158  159  158  157  156  155  154  153  153  152  151  149  149   3667
               830   147  148  148  146  146  145  146  149  155  156  154  155  153  156  161  162  157  153  152  151  150  149  148  149   3636
               831   150  149  152  153  157  159  157  157  157  156  158  158  158  159  158  157  153  152  150  153  155  155  154  154   3721
              ------------------------------------------------------------------------------------------------------------------------------------
              TOTAL 4590 4568 4565 4578 4604 4615 4640 4671 4748 4761 4801 4814 4817 4808 4815 4811 4782 4735 4714 4702 4664 4644 4659 4632 112738
              MEAN   148  147  147  148  149  149  150  151  153  154  155  155  155  155  155  155  154  153  152  152  150  150  150  149   3637
              MAX    160  160  157  157  159  162  162  159  163  165  165  166  167  165  164  166  164  165  165  166  163  161  162  163   3829
                N     31   31   31   31   31   31   31   31   31   31   31   31   31   31   31   31   31   31   31   31   31   31   31   31     31
              NOTE                                                                                                                                
                                                                                                                                                  
                   *): WITH MISSING DATA; TOTAL,MEAN,MAXIMUM ESTIMATED                                                                            
                                                                                                                                                  
                                                                                                                                                  
