                                                                                                                                                  
                                                                                                                                                  
                                                                *******************************                                                   
                                                                  DOWNWARD LONGWAVE RADIATION                                                     
                                                                *******************************                                                   
                                                                                                                  COUNTRY = JAPAN                 
                                                                                                                                                  
                                                                                                                                                  
                                                                     UNIT  = 0.01 MJ/m**2                                                         
                        STATION    : Tateno                                                                                                       
                        STATION NO.: 47646                                                                                                        
                        LOCATION   : 140ﾟ08' E                                                                                                    
                                      36ﾟ03' N                                                                                                    
                        ALTITUDE   :   25.2  m                                                                                                    
                        YEAR/MONTH : 2020/03                                                                                                      
                                                                                                                                                  
              DATE   -01  -02  -03  -04  -05  -06  -07  -08  -09  -10  -11  -12  -13  -14  -15  -16  -17  -18  -19  -20  -21  -22  -23  -24  TOTAL
                                                                                                                                                  
               3 1   121  114  117  110   96   95   94   94   95   98   99  102  104  103  104  105  109  111  107  106  115  121  121  120   2561
               3 2   120  122  123  123  123  121  120  120  120  121  122  122  121  122  122  123  123  122  122  123  123  122  120  114   2914
               3 3   111  102  102   92   90   90   91   91   92   94   97   97   96   97   98  100  101  101  100  100   99  109  118  116   2384
               3 4   122  119  118  120  122  122  121  123  125  125  127  127  127  127  127  127  127  126  126  126  125  126  126  126   2987
               3 5   126  125  125  124  121  121  119  121  123  117  113  110   94   89   89   89   91   88   86   86   85   85   84   84   2495
               3 6    84   84   84   84   84   84   84   84   86   88   89   90   91   92   92   92   92   92   91   91   92   94   94   97   2135
               3 7    99   98  114  116  117  115  115  116  117  118  119  119  120  120  121  121  121  121  120  120  121  121  121  121   2811
               3 8   120  121  121  120  120  121  121  120  121  122  123  123  122  124  125  118  124  124  126  126  119  114  123  121   2919
               3 9   116  125  126  115  110  104  125  125  129  131  132  132  127  120  119  117  127  136  123  112  112  115  126  126   2930
               310   129  135  135  133  133  135  134  135  137  137  138  140  141  142  139  140  139  138  139  141  142  136  138  136   3292
               311   135  131  134  131  116  106  103  103  102  102  101  103  104  106  111  117  115  120  114  124  111  101   94   92   2676
               312    90   89   88   87   87   86   86   86   88   89   91   93   95   97   98   99  100   98   98   98   98   99  102  109   2251
               313   106  111  103   99   99   96   97   98  104  105  108  106  104  111  110  114  119  120  113  103  102  101  101  101   2531
               314   100  101  102  107  113  117  117  117  120  120  118  117  116  116  116  116  116  116  116  116  113  106   94   88   2678
               315    88   89   86   85   85   86   84   85   92   97   96   92  100  104  111  103  102   95   96   97  107   97   93   94   2264
               316    97   90   90   90   90   89   90   89  100   95   98  100  111  113  106  116  100   86   83   82   81   81   81   81   2239
               317    80   81   81   81   81   81   80   81   83   85   96  100   95   98   94   94   97   95   95   95   94   94   94   94   2149
               318    94   94   93   92   92  110  108   93   94   97   98   98   99  100  100  101  103  102  101  101  101  100  100   99   2370
               319    98   97   96   95   94   94   94   96   96   99  102  104  107  110  111  112  113  112  112  113  127  133  138  139   2592
               320   139  138  139  138  126  119  116  120  118  101   95   96   96   97   97   97   97   97   96   95   94   94   94   93   2592
               321    92   92   92   92   92   91   92   92   94   97  100  103  105  108  106  106  107  106  106  104  104  103  102  102   2388
               322   102  102  102  107  111  113  110  111  102  104  110  116  118  118  119  121  121  119  126  122  111  108  105  104   2682
               323   103  102  101  115  115  120  121  121  120  119  118  117  114  111  105  105   97   95   95   94   98   94  101  114   2595
               324   113  118  107   93   89   88   86   86   87   89   96  110  101   93   96  101   95  103   93   87   86   85   85   84   2271
               325    84   84   84   84   84   85   85   85   86   88   90   92   92   92   93   94   95   95   95   95   95   98   98   98   2171
               326    99  103  103  103  105  105   99   97   95   97  100  102  104  105  107  107  107  106  104  103  102  102  101  100   2456
               327   101  103  103  100  100  101  110  122  127  129  131  133  133  129  135  136  135  135  133  132  136  135  134  138   2971
               328   134  138  142  143  144  145  145  144  143  142  140  141  138  136  133  130  129  128  127  125  124  124  123  123   3241
               329   123  121  120  120  120  119  117  116  116  116  116  116  115  115  116  116  116  116  116  116  116  116  115  107   2800
               330    97  102  105  107  107  109  109  107  104  104  107  113  117  122  123  123  116  117  121  122  120  120  118  121   2711
               331   123  123  119  114  118  120  119  123  124  125  126  128  130  130  130  129  130  129  129  128  128  130  124  118   2997
              ------------------------------------------------------------------------------------------------------------------------------------
              TOTAL 3346 3354 3355 3320 3284 3288 3292 3301 3340 3351 3396 3442 3437 3447 3453 3469 3464 3449 3409 3383 3381 3364 3368 3360  81053
              MEAN   108  108  108  107  106  106  106  106  108  108  110  111  111  111  111  112  112  111  110  109  109  109  109  108   2615
              MAX    139  138  142  143  144  145  145  144  143  142  140  141  141  142  139  140  139  138  139  141  142  136  138  139   3292
                N     31   31   31   31   31   31   31   31   31   31   31   31   31   31   31   31   31   31   31   31   31   31   31   31     31
              NOTE                                                                                                                                
                                                                                                                                                  
                   *): WITH MISSING DATA; TOTAL,MEAN,MAXIMUM ESTIMATED                                                                            
                                                                                                                                                  
                                                                                                                                                  
