                                                                                                                                                  
                                                                                                                                                  
                                                                *******************************                                                   
                                                                  DOWNWARD LONGWAVE RADIATION                                                     
                                                                *******************************                                                   
                                                                                                                  COUNTRY = JAPAN                 
                                                                                                                                                  
                                                                                                                                                  
                                                                     UNIT  = 0.01 MJ/m**2                                                         
                        STATION    : Tateno                                                                                                       
                        STATION NO.: 47646                                                                                                        
                        LOCATION   : 140ﾟ08' E                                                                                                    
                                      36ﾟ03' N                                                                                                    
                        ALTITUDE   :   25.2  m                                                                                                    
                        YEAR/MONTH : 2020/09                                                                                                      
                                                                                                                                                  
              DATE   -01  -02  -03  -04  -05  -06  -07  -08  -09  -10  -11  -12  -13  -14  -15  -16  -17  -18  -19  -20  -21  -22  -23  -24  TOTAL
                                                                                                                                                  
               9 1   154  152  152  150  152  152  152  153  154  155  157  159  159  160  159  159  157  154  152  157  158  159  158  157   3731
               9 2   155  159  160  158  159  156  160  161  162  163  163  163  163  164  157  162  160  153  152  155  150  152  161  159   3807
               9 3   159  156  161  152  154  150  148  154  156  160  163  163  157  157  157  155  152  151  150  150  150  150  150  150   3705
               9 4   151  150  149  148  147  146  146  149  152  155  156  160  163  163  159  162  155  155  156  156  150  148  149  148   3673
               9 5   148  148  147  146  146  151  148  148  152  155  162  164  164  159  160  157  156  154  158  162  160  159  153  152   3709
               9 6   154  148  153  156  156  156  156  146  144  152  155  156  157  157  155  153  155  157  151  146  146  149  149  149   3656
               9 7   149  152  148  147  148  148  155  158  155  160  160  163  163  162  159  157  155  156  153  147  149  148  148  149   3689
               9 8   149  154  152  149  149  149  150  151  153  154  155  156  156  156  156  156  153  154  150  148  147  147  148  146   3638
               9 9   146  145  144  144  144  145  145  146  147  149  154  156  162  156  152  152  156  155  147  149  148  150  152  151   3595
               910   146  142  140  139  139  140  140  143  149  154  156  155  154  156  155  155  157  156  150  145  146  145  145  145   3552
               911   145  144  144  143  144  144  146  146  154  154  154  158  156  159  158  154  155  155  151  145  150  153  154  154   3620
               912   152  144  147  154  153  146  152  153  153  155  156  156  156  156  156  156  153  155  155  155  155  155  151  140   3664
               913   138  137  137  136  136  136  136  138  140  148  157  158  159  156  156  154  153  152  150  152  152  151  152  151   3535
               914   151  150  150  150  150  151  150  151  152  152  149  155  155  154  155  152  143  139  146  144  151  149  149  150   3598
               915   150  148  146  146  143  138  141  138  149  152  152  149  143  140  143  141  141  142  142  135  133  136  134  133   3415
               916   132  132  132  136  135  133  137  135  135  141  151  153  154  153  153  151  148  149  147  140  143  148  149  148   3435
               917   150  148  145  143  137  143  147  147  141  141  144  151  151  159  158  151  157  153  152  156  155  154  154  151   3588
               918   154  155  156  154  153  159  158  156  158  158  159  161  157  158  159  157  154  152  153  151  152  153  160  157   3744
               919   159  157  157  155  155  153  152  152  153  154  153  154  153  152  152  152  150  148  150  149  149  146  149  149   3653
               920   148  146  146  146  141  140  141  143  145  147  147  146  144  144  143  142  143  143  143  145  146  143  146  146   3464
               921   144  143  146  144  141  143  142  141  141  141  137  141  138  133  131  130  129  127  127  127  126  132  128  132   3264
               922   132  135  131  125  123  122  121  124  127  132  133  140  144  144  141  142  142  141  141  142  143  147  147  145   3264
               923   147  148  145  142  143  142  146  146  147  149  150  149  150  149  147  147  146  148  147  147  147  147  147  147   3523
               924   146  146  145  145  147  147  146  146  147  147  146  147  147  148  148  147  147  146  146  140  142  145  146  146   3503
               925   146  146  146  146  147  146  147  147  148  149  150  150  150  149  149  149  148  148  144  144  143  145  146  148   3531
               926   147  147  148  147  145  144  144  144  144  144  144  145  146  146  144  144  143  144  144  143  144  143  143  143   3470
               927   142  141  140  137  140  140  138  142  143  143  143  144  143  136  133  132  131  138  144  141  141  135  133  129   3329
               928   134  127  122  124  140  141  143  132  122  126  135  143  136  129  134  133  126  136  134  122  123  132  132  120   3146
               929   119  120  126  129  120  129  123  130  122  124  127  132  134  130  129  128  129  132  128  128  129  124  121  121   3034
               930   121  121  130  131  115  114  112  112  114  117  118  119  121  122  127  123  122  125  125  125  132  134  132  136   2948
              ------------------------------------------------------------------------------------------------------------------------------------
              TOTAL 4368 4341 4345 4322 4302 4304 4322 4332 4359 4431 4486 4546 4535 4507 4485 4453 4416 4418 4388 4346 4360 4379 4386 4352 105483
              MEAN   146  145  145  144  143  143  144  144  145  148  150  152  151  150  150  148  147  147  146  145  145  146  146  145   3516
              MAX    159  159  161  158  159  159  160  161  162  163  163  164  164  164  160  162  160  157  158  162  160  159  161  159   3807
                N     30   30   30   30   30   30   30   30   30   30   30   30   30   30   30   30   30   30   30   30   30   30   30   30     30
              NOTE                                                                                                                                
                                                                                                                                                  
                   *): WITH MISSING DATA; TOTAL,MEAN,MAXIMUM ESTIMATED                                                                            
                                                                                                                                                  
                                                                                                                                                  
                                                                                                                                                  
