                                                                                                                                                  
                                                                                                                                                  
                                                                *******************************                                                   
                                                                  DOWNWARD LONGWAVE RADIATION                                                     
                                                                *******************************                                                   
                                                                                                                  COUNTRY = JAPAN                 
                                                                                                                                                  
                                                                                                                                                  
                                                                     UNIT  = 0.01 MJ/m**2                                                         
                        STATION    : Tateno                                                                                                       
                        STATION NO.: 47646                                                                                                        
                        LOCATION   : 140ﾟ08' E                                                                                                    
                                      36ﾟ03' N                                                                                                    
                        ALTITUDE   :   25.2  m                                                                                                    
                        YEAR/MONTH : 2020/02                                                                                                      
                                                                                                                                                  
              DATE   -01  -02  -03  -04  -05  -06  -07  -08  -09  -10  -11  -12  -13  -14  -15  -16  -17  -18  -19  -20  -21  -22  -23  -24  TOTAL
                                                                                                                                                  
               2 1    84   84   84   84   84   84   84   84   86   87   87   89   90   91   91   91   90   89   88   88   87   87   87   87   2087
               2 2    86   85   84   83   82   82   82   83   84   85   87   88   89   91   90   91   91   91   90   94   95  101  102  110   2146
               2 3   108   98  102  116  117  114  113  115  116   98   92   93   95   97   99  102  104  106  109  108  110  107   99   90   2508
               2 4    89   88   87   87   86   85   84   84   86   92  102  112  111  113  114   96   98   94   92   98  106  103   93   92   2292
               2 5    91   91   89   88   85   84   83   83   84   86   88   91   93   93   94   96   93   89   87   85   83   82   81   79   2098
               2 6    79   82   93   96   89   76   75   75   75   75   75   76   76   75   77   76   75   76   75   74   73   73   72   72   1860
               2 7    72   72   71   72   72   72   72   73   75   77   81   82   92   85   85   85   85  100   87   99   93   93   92   94   1981
               2 8    96   95   90   91   90   85   88   86   84   85   87   89   90   91   92   93   95  100   90   88  100   99  107   88   2199
               2 9    81   79   79   78   77   76   76   75   75   76   77   78   80   83   81   81   81   80   79   79   79   79   79   79   1887
               210    79   78   78   77   78   79   83   88  106  100   93   88   85   87   88   88   88   87   88   87   87   86   85   84   2067
               211    84   83   83   83   82   82   81   81   82   83   84   84   85   87   88   89   89   89   87   87   86   87   86   87   2039
               212    87   87   87   89   96   91   86   88   87   87   90   93   94  101  107  106   99  100  102  108  114  117  119  121   2356
               213   119  120  119  120  122  120  120  124  126  126  128  113  106  108  110  111  111  109  107  107  106  105  104  102   2743
               214   105  104  125  127  124  116  124  118  120  111  109  118  126  131  134  132  132  127  126  127  120  114  105  108   2883
               215   113  106  101   99   97   98   98  102  103  107  111  117  117  117  117  120  132  128  116  123  121  108  112  123   2686
               216   111  104  106  113  119  119  123  123  127  129  131  132  132  131  130  129  129  128  128  128  129  129  129  129   2988
               217   129  129  128  128  128  128  128  128  128  128  126  125  121  114  114  117  120  105   97   96  108  119  120  117   2881
               218   115  116  117  114  102   95   85   84   85   86   87   86   86   86   86   87   86   86   85   85   84   84   84   84   2195
               219    83   83   83   83   83   82   82   82   84   85   88   91   92   93   93   93   93   93   93   92   92   93   97   98   2131
               220    94  100  102  108  106  100   95   96  100   94   98  106  116  121  119  118  118  115  114  120  120  118  110  115   2603
               221   111  104  103   93   94  100  113   98   90   90   91   92   94   95   97   98  100  101   99   99  104  118  115  117   2416
               222   109  119  125  127  127  127  125  121  115  118  119  118  120  117  117  116  123  131  133  135  136  120  104  102   2904
               223   101   95   92   89   88   89   89   89   91   92   94  102   95   92   91   91   90   87   86   86   85   86   86   85   2171
               224    86   87   88   87   87   87   86   87   88   90   94   96   98   98   99  100   99   99   98   98   97   99   97   96   2241
               225    95   96   96   93   94   93   92   93   97  104  112  122  122  123  124  123  123  126  125  123  123  126  126  125   2676
               226   124  125  125  124  122  122  122  122  122  122  122  122  121  123  121  123  121  120  118  117  112  108  102   96   2856
               227    98  107  110  100   87   86   85   94   88   89  100  105   90  106  111  111  110   98   85   83   82   81   81   80   2267
               228    80   79   79   79   78   78   78   79   81   83   84   85   87   88   90   95  101  103  106  106  107  108  108  111   2173
               229   115  114  118  119  116  114  117  119  119  113  112  115  115  116  109  105  105  109  116  120  120  121  122  124   2773
              ------------------------------------------------------------------------------------------------------------------------------------
              TOTAL 2824 2810 2844 2847 2812 2764 2769 2774 2804 2798 2849 2908 2918 2953 2968 2963 2981 2966 2906 2940 2959 2951 2904 2895  69107
              MEAN    97   97   98   98   97   95   95   96   97   96   98  100  101  102  102  102  103  102  100  101  102  102  100  100   2383
              MAX    129  129  128  128  128  128  128  128  128  129  131  132  132  131  134  132  132  131  133  135  136  129  129  129   2988
                N     29   29   29   29   29   29   29   29   29   29   29   29   29   29   29   29   29   29   29   29   29   29   29   29     29
              NOTE                                                                                                                                
                                                                                                                                                  
                   *): WITH MISSING DATA; TOTAL,MEAN,MAXIMUM ESTIMATED                                                                            
                                                                                                                                                  
                                                                                                                                                  
                                                                                                                                                  
                                                                                                                                                  
