                                                                                                                                                  
                                                                                                                                                  
                                                                *******************************                                                   
                                                                  DOWNWARD LONGWAVE RADIATION                                                     
                                                                *******************************                                                   
                                                                                                                  COUNTRY = JAPAN                 
                                                                                                                                                  
                                                                                                                                                  
                                                                     UNIT  = 0.01 MJ/m**2                                                         
                        STATION    : Tateno                                                                                                       
                        STATION NO.: 47646                                                                                                        
                        LOCATION   : 140ﾟ08' E                                                                                                    
                                      36ﾟ03' N                                                                                                    
                        ALTITUDE   :   25.2  m                                                                                                    
                        YEAR/MONTH : 2020/01                                                                                                      
                                                                                                                                                  
              DATE   -01  -02  -03  -04  -05  -06  -07  -08  -09  -10  -11  -12  -13  -14  -15  -16  -17  -18  -19  -20  -21  -22  -23  -24  TOTAL
                                                                                                                                                  
               1 1    79   80   80   84  104   95   91   81   81   85  103  114  109   92   88   88   88   88   88   88   88   88   87   87   2156
               1 2    86   86   85   84   84   84   83   83   84   86   87   89   93   96   93   93   93   91   91   91   91   90   92   93   2128
               1 3    92   88   87   85   85   85   85   85   85   87   89   91   93   94   95   95   94   94   93   93   92   92   91   91   2161
               1 4    89   88   87   86   85   85   85   84   86   87   88   95   99  102  100  111  110  101   91   90   90  109  116  116   2280
               1 5   114  107   91   85   83   83   83   83   84   85   86   87   94   88   87   87   86   85   85   85   85   84   84   84   2105
               1 6    83   83   82   82   81   81   81   80   82   84   85   87   90   89   90   92   95   99  107  101  103   97   98   91   2143
               1 7    89   87   87   87   89   87  103  105   95  105  110  106  117  120  122  121  121  120  120  120  120  119  119  119   2588
               1 8   119  119  119  119  118  118  118  118  118  119  120  121  117  121  123  123  125  125  125  125  119  123  124  124   2900
               1 9   111   95   96   96   95   94   92   92   92   94   95   96   96   97   97   97   96   97  106  114  107   99  100  104   2358
               110    97  114  111   97   91  100   96   99   90   92   91   93  101  105   98   98  104  101   94   97   91   90   90   90   2330
               111    89   95  100  108  107  104  103  109  111  115  117  114  115  112  103  117   95   93   98  105   94   92   91   90   2477
               112    88   88   87   87   89   94   97  102   95   98  112  119  120  121  119  120  117  117  114  118  119  120  119  113   2573
               113   118  119  119  109   96  101   99   91   91   93   94   94   95   96   96   97   97   97   97   98   98   97   95   95   2382
               114    96  104  102   94   94   98  100   91   91   93   94   95   96  102  103   98   98  105  115  107  104  103  108  115   2406
               115   120  120  122  123  122  122  122  122  120  120  122  121  120  114  100   95   96  107  108   94   90   89   88   87   2644
               116    85   83   83   83   83   87   90   85   84   85   86   93   92   96   98   98  106  103   93   91   98  106   92   98   2198
               117   107  112  113  113  114  114  113  111  112  112  106   99   96   93   96  102  101  105  105  105  108  114  115  115   2581
               118   114  115  115  114  114  114  114  114  114  114  114  114  114  115  116  116  115  114  114  114  112  112  113  111   2736
               119   105  107  106  103   98   87   85   84   85   85   87   88   89   90   92   92   99   99  102  106   96   92   92  101   2270
               120    92   91   89   88   87   86   86   86   86   88   90   93   95   96   96   96   96   95  100   99   98   93   92   92   2210
               121    91   89   87   85   85   86   85   86   86   87   88   89   93   90   87   86   86   85   84   84   83   83   83   83   2071
               122    83   83   83   83   84   92  109  111  113  111  115  117  118  119  120  120  118  122  119  114  105  107  108  107   2561
               123   111  111  107  105  110  112  114  116  117  120  120  121  123  124  123  124  124  124  125  126  126  125  125  125   2858
               124   125  122  116  107  123  107   98   96  101  116  109  104  116  118  111  103  102  102  102  100   98  104  104   97   2581
               125    94   92   87   90   95   96   91  102  104  109  100  111  106  102  105  107  105  109  114  116  116  115  116  115   2497
               126   113  115  113  113  114  113  113  113  113  113  113  114  114  114  104  104   95   94   94   95   93   93   95   97   2552
               127    99  100  101  104  104  105  106  107  108  109  110  112  113  113  113  115  115  115  115  114  115  117  117  116   2643
               128   116  115  116  116  117  118  119  119  120  121  122  122  124  125  125  126  128  130  131  132  132  133  133  133   2973
               129   134  134  135  136  137  137  128  127  126  126  124  105  106  107  108  110  109  106  106  105  104  105  120  113   2848
               130   112  121  117  112  117  108   97   95   96   97   99  100  100  100  100  101  101  100  100  103   98   96   95   96   2461
               131    94   96   92   95   93   90   88   87   87   87   90   88   89   88   89   88   86   86   85   84   85   85   84   84   2120
              ------------------------------------------------------------------------------------------------------------------------------------
              TOTAL 3145 3159 3115 3073 3098 3083 3074 3064 3057 3123 3166 3192 3243 3239 3197 3220 3201 3209 3221 3214 3158 3172 3186 3182  75791
              MEAN   101  102  100   99  100   99   99   99   99  101  102  103  105  104  103  104  103  104  104  104  102  102  103  103   2445
              MAX    134  134  135  136  137  137  128  127  126  126  124  122  124  125  125  126  128  130  131  132  132  133  133  133   2973
                N     31   31   31   31   31   31   31   31   31   31   31   31   31   31   31   31   31   31   31   31   31   31   31   31     31
              NOTE                                                                                                                                
                                                                                                                                                  
                   *): WITH MISSING DATA; TOTAL,MEAN,MAXIMUM ESTIMATED                                                                            
                                                                                                                                                  
                                                                                                                                                  
