                                                                                                                                                  
                                                                                                                                                  
                                                                *******************************                                                   
                                                                  DOWNWARD LONGWAVE RADIATION                                                     
                                                                *******************************                                                   
                                                                                                                  COUNTRY = JAPAN                 
                                                                                                                                                  
                                                                                                                                                  
                                                                     UNIT  = 0.01 MJ/m**2                                                         
                        STATION    : Tateno                                                                                                       
                        STATION NO.: 47646                                                                                                        
                        LOCATION   : 140ﾟ08' E                                                                                                    
                                      36ﾟ03' N                                                                                                    
                        ALTITUDE   :   25.2  m                                                                                                    
                        YEAR/MONTH : 2020/04                                                                                                      
                                                                                                                                                  
              DATE   -01  -02  -03  -04  -05  -06  -07  -08  -09  -10  -11  -12  -13  -14  -15  -16  -17  -18  -19  -20  -21  -22  -23  -24  TOTAL
                                                                                                                                                  
               4 1   120  120  128  127  127  129  128  128  129  132  134  136  136  136  136  135  136  136  137  136  135  134  134  133   3162
               4 2   132  133  130  127  109  100  100  117  121  100  101  102  103  104  104  102  100   97   94   92   90   89   89   89   2525
               4 3    89   88   87   86   86   86   87   89   92   95   97  100  104  106  107  106  106  108  111  108  110  110  111  123   2392
               4 4   119  114  116  110  106  101   99  100  102  104  106  108  109  110  111  112  111  111  110  110  110  109  108  108   2604
               4 5   108  107  106  104  102  101  110  123  125  126  125  125  123  123  120  116   95   93   92   92   92   92   91   93   2584
               4 6   104   99   91   92   87   87   89   90   92   93   94   98   99   98  100  100  100  100   99   98   97   95   95   96   2293
               4 7    98   96   96   93   93   95   91  102  106  108  109  106  104  116  119  118  108  104  103  103  102  101  100  100   2471
               4 8   100   99   99   99   99   98   97   99  101  104  108  118  121  116  113  112  109  109  108  107  107  106  106  105   2540
               4 9   103  103  102  102  101  100   99  100  100  102  106  114  123  125  123  125  127  126  124  123  123  123  122  121   2717
               410   118  113  108  119  117  114  106  100  100  100   96  100  109   95   95   96   95   94   94   92   91   90   90   89   2421
               411    88   88   87   88   88   88   88   90   91   93   94   95   96   98  106  105  101  100   99  100  115  121  124  123   2366
               412   123  123  123  123  122  122  122  123  122  121  123  122  125  127  120  121  120  121  122  120  118  122  124  125   2934
               413   126  126  126  126  126  126  127  127  129  130  129  129  129  129  129  128  126  124  122  120  121  119  118  119   3011
               414   118  119  117  112  106  109  115   94   96   94   97  101   96   98  100   99   98   98   96   95   94   93   92   91   2428
               415    91   90   90   90   90   89   90   92   94   97   99  102  104  106  112  115  115  114  112  112  111  108  106  105   2434
               416   106  105  103  101  100  100  114  118  122  119  114  114  119  121  112  123  124  120  120  120  122  122  121  121   2761
               417   121  121  121  120  120  117  119  121  121  122  120  114  116  120  115  114  118  128  120  128  128  129  127  127   2907
               418   129  130  130  129  131  132  133  133  134  135  136  137  138  139  138  134  122  122  110  109  105  102  101  101   3010
               419   103  113  117  117  116  110  104  104  106  107  111  114  116  119  112  109  108  106  122  125  124  123  121  123   2730
               420   124  125  123  121  124  126  126  126  126  126  127  129  131  131  132  132  133  133  132  132  133  131  126  132   3081
               421   132  132  128  129  127  125  123  119  134  133  136  137  137  136  133  131  127  123  126  122  116  115  128  113   3062
               422   129  126  119  121  118  109  121  127  125  122  115  115  121  125  128  128  126  124  123  122  122  120  111  119   2916
               423   119  120  117  117  113   97   92   92   93   94   95   97   99  101  104  107  106  105  105  103  109  104  101  105   2495
               424    99   96   94   95  104  111  111  112  104  104  108  115  123  118  121  118  118  128  127  127  124  121  119  111   2708
               425    99   92   91   90   90   90   91   93   95   97   99  100  101  101  102  104  105  105  105  103  102  102  102  102   2361
               426   102  103  103  102  100   98   99  101  106  110  113  117  116  115  118  119  120  128  127  125  126  125  127  121   2721
               427   120  114  112  108  106  114  125  128  127  128  128  125  130  129  128  128  127  127  127  126  126  125  123  122   2953
               428   118  107  104  115  104   99  112  112  126  124  123  118  120  113  120  132  108  105  106  115  125  128  126  127   2787
               429   121  125  121  112  101  101  102  103  105  107  109  111  112  112  113  113  112  111  111  111  111  110  110  110   2654
               430   109  109  109  108  109  109  110  111  112  115  121  121  121  126  128  132  131  121  118  117  116  115  115  115   2798
              ------------------------------------------------------------------------------------------------------------------------------------
              TOTAL 3368 3336 3298 3283 3222 3183 3230 3274 3336 3342 3373 3420 3481 3493 3499 3514 3432 3421 3402 3393 3405 3384 3368 3369  80826
              MEAN   112  111  110  109  107  106  108  109  111  111  112  114  116  116  117  117  114  114  113  113  114  113  112  112   2694
              MAX    132  133  130  129  131  132  133  133  134  135  136  137  138  139  138  135  136  136  137  136  135  134  134  133   3162
                N     30   30   30   30   30   30   30   30   30   30   30   30   30   30   30   30   30   30   30   30   30   30   30   30     30
              NOTE                                                                                                                                
                                                                                                                                                  
                   *): WITH MISSING DATA; TOTAL,MEAN,MAXIMUM ESTIMATED                                                                            
                                                                                                                                                  
                                                                                                                                                  
                                                                                                                                                  
