                                                                                                                                                  
                                                                                                                                                  
                                                                *******************************                                                   
                                                                  DOWNWARD LONGWAVE RADIATION                                                     
                                                                *******************************                                                   
                                                                                                                  COUNTRY = JAPAN                 
                                                                                                                                                  
                                                                                                                                                  
                                                                     UNIT  = 0.01 MJ/m**2                                                         
                        STATION    : Tateno                                                                                                       
                        STATION NO.: 47646                                                                                                        
                        LOCATION   : 140ﾟ08' E                                                                                                    
                                      36ﾟ03' N                                                                                                    
                        ALTITUDE   :   25.2  m                                                                                                    
                        YEAR/MONTH : 2020/11                                                                                                      
                                                                                                                                                  
              DATE   -01  -02  -03  -04  -05  -06  -07  -08  -09  -10  -11  -12  -13  -14  -15  -16  -17  -18  -19  -20  -21  -22  -23  -24  TOTAL
                                                                                                                                                  
              11 1    99   98   98   99   99  104  100  106  126  127  119  112  115  118  125  127  126  126  129  116  119  121  125  118   2752
              11 2   116  116  115  111  113  114  112  117  128  132  133  135  137  139  138  137  138  138  137  138  137  137  138  138   3094
              11 3   137  136  136  135  134  136  137  137  137  137  138  137  137  135  137  136  133  122  132  128  129  125  113  109   3173
              11 4   104  101   98   96   95   94   94   94   96   97   98   99   99  100  101  101  101  101  100   99   99   98   97   96   2358
              11 5    98  104  103  100   98   96   98   98  103  103  101  103  104  104  103  103  103  103  103  102  102  103  102  107   2444
              11 6   109  106  102  104  116  117  121  117  120  123  125  126  127  127  125  128  128  123  123  123  123  123  121  121   2878
              11 7   125  126  127  126  126  127  117  112  110  112  115  118  128  125  130  131  127  130  141  143  143  142  142  140   3063
              11 8   138  130  127  123  120  123  125  123  125  132  132  137  137  137  134  130  130  132  130  128  130  130  132  122   3107
              11 9   122  124  117  103  102  113  109  102   97   98   98   99  100  102  102  102  110  121  110  102  102   99   99   98   2531
              1110    99  105  106  102   92   91   90   92   94   96   96   97   98   98  100  111  108  109  108  116  107  112  108  106   2441
              1111    96   94   91   90   90   89   89   90   93   95   97   98   99  100  100   99   99   97   96   95   94   94   94   95   2274
              1112    95   95   95   94   93   93   92   93   95  113  110  114  117  111  118  105  107  114  120  117  121  127  128  126   2593
              1113   129  127  111  107  116  108  104  103  104  107  107  109  110  111  112  112  111  110  109  110  109  108  107  105   2646
              1114   103  103  102  101  101  100   99   98  100  102  103  104  105  106  106  106  105  104  102  101  100   99   99   99   2448
              1115    98   98   97   96   96   96   95   95   96   98  101  104  105  108  110  109  109  110  110  110  111  112  117  111   2492
              1116   106  107  109  105  103  103  103  103  104  106  109  110  113  114  114  115  115  114  112  111  111  109  109  108   2613
              1117   105  105  103  102  101  101   99   99  101  103  105  105  106  106  105  104  102  102  100  100  101  103  105  105   2468
              1118   105  107  111  112  107  109  108  109  111  114  126  129  118  119  121  121  120  120  128  135  130  129  118  119   2826
              1119   120  120  122  117  115  116  117  116  117  117  119  123  127  130  128  127  125  125  126  127  124  123  125  133   2939
              1120   132  132  136  134  135  139  140  140  138  142  141  144  143  141  139  134  136  141  142  143  144  140  137  136   3329
              1121   135  137  137  128  126  123  112  106  106  106  105  104  105  106  104  103  103  102  101   99   98   98   97   98   2639
              1122    98   97   97   97   97   97   97   97  115  110  108  106  108  110  125  118  116  117  121  121  120  120  126  130   2648
              1123   126  128  124  111  109  107  106  106  106  108  109  111  128  129  127  126  129  125  108  106  107  123  116  126   2801
              1124   125  121  116  121  123  119  119  124  126  127  127  127  127  128  128  128  127  127  127  127  127  127  127  126   3001
              1125   126  125  126  126  126  126  127  127  127  129  129  129  130  130  130  130  128  130  130  131  131  131  130  131   3085
              1126   129  129  130  130  126  116  123  125  121  109  106  109  110  105  106  106  106  105  105  105  105  106  111  119   2742
              1127   122  119  114  125  125  127  126  126  126  126  125  125  123  125  125  124  124  125  124  115  125  127  126  124   2973
              1128   127  124  121  122  107  104  100   99  100  100  103  103  102  100  100  109   97   92   91   91   93   97   99  108   2489
              1129   114  106  111  113  111  108  107   99  101   99  110  120  123  123  122  120  120  124  120  124  123  101  100   99   2698
              1130    96   95   94   93   93   93   92   92   93   95   99  101  104  102  104  109  102  100  100  103  102  100  100  102   2364
              ------------------------------------------------------------------------------------------------------------------------------------
              TOTAL 3434 3415 3376 3323 3295 3289 3258 3245 3316 3363 3394 3438 3485 3489 3519 3511 3485 3489 3485 3466 3467 3464 3448 3455  81909
              MEAN   114  114  113  111  110  110  109  108  111  112  113  115  116  116  117  117  116  116  116  116  116  115  115  115   2730
              MAX    138  137  137  135  135  139  140  140  138  142  141  144  143  141  139  137  138  141  142  143  144  142  142  140   3329
                N     30   30   30   30   30   30   30   30   30   30   30   30   30   30   30   30   30   30   30   30   30   30   30   30     30
              NOTE                                                                                                                                
                                                                                                                                                  
                   *): WITH MISSING DATA; TOTAL,MEAN,MAXIMUM ESTIMATED                                                                            
                                                                                                                                                  
                                                                                                                                                  
                                                                                                                                                  
