                                                                                                                                                  
                                                                                                                                                  
                                                                *******************************                                                   
                                                                  DOWNWARD LONGWAVE RADIATION                                                     
                                                                *******************************                                                   
                                                                                                                  COUNTRY = JAPAN                 
                                                                                                                                                  
                                                                                                                                                  
                                                                     UNIT  = 0.01 MJ/m**2                                                         
                        STATION    : Tateno                                                                                                       
                        STATION NO.: 47646                                                                                                        
                        LOCATION   : 140ﾟ08' E                                                                                                    
                                      36ﾟ03' N                                                                                                    
                        ALTITUDE   :   25.2  m                                                                                                    
                        YEAR/MONTH : 2020/12                                                                                                      
                                                                                                                                                  
              DATE   -01  -02  -03  -04  -05  -06  -07  -08  -09  -10  -11  -12  -13  -14  -15  -16  -17  -18  -19  -20  -21  -22  -23  -24  TOTAL
                                                                                                                                                  
              12 1   105   97   96   97   94   92   93   92   93   95   97   98   98   99   99   99   99   98   98   98   98   97   98   97   2327
              12 2    97  102  101  108  113  111  120  121  122  123  123  123  123  123  123  123  123  123  123  123  123  123  124  124   2842
              12 3   124  124  124  123  123  123  123  123  123  124  124  124  125  125  118  124  123  122  111   98   97   97   96   96   2814
              12 4   102  113  105   92   91   90   90   89   90   91   92   94   93   94   94   94   94   94   92   95   96  102   93   99   2279
              12 5   105  108  113  113  118  118  118  119  119  120  120  122  122  123  122  123  123  123  124  117  108  110  102  122   2812
              12 6   122  122  116  104   95   93   96   91   95   99  105  105  110  106  109  101  102  101   99   98   98   98   97   97   2459
              12 7    95   95   98  109   95   95   93   93   93   94   96   98   99   99  100  101  100  100  101  101  100  102  100   99   2356
              12 8    99   98   99   97   97   95   95   94   95   98  100  102  103  104  109  118  121  122  119  123  122  120  121  122   2573
              12 9   122  122  121  119  120  120  119  119  119  118  117  109  120  120  113   97   99   99   95  105  112  111  120  123   2739
              1210   123  123  123  123  122  123  123  123  123  123  124  126  126  126  127  128  128  119  104  102  104   99   98   98   2838
              1211    99   97   97   96   96   94   94   94   95   97   99  102  122  123  119  115  116  120  122  121  119  116  114  117   2584
              1212   125  127  124  112  107  112  109  105  108  107  104  102  106  111  116  118  112  111  111  105  113  112  111  112   2680
              1213   100  109  107  104   95  110   94  101  122  114   98   99  101  101  105  109  106  104   97   94   94   95   96  104   2459
              1214    99   93   92   91   91   93  101  106  106   96   96  106  113  118  119  116  115  115  116  114  112  108  108  105   2529
              1215    99   95   88   83   82   82   81   80   81   82   84   86   87   87   87   86   85   84   83   82   81   80   80   79   2024
              1216    79   78   78   79   78   78   78   78   79   81   82   83   84   85   87   85   84   83   82   81   81   80   80   80   1943
              1217    79   78   78   78   78   77   77   78   79   80   81   82   84   86   84   83   82   81   80   80   80   81   81   81   1928
              1218    80   80   79   80   80   80   80   81   82   84   86   88   89   92   92   91   93   95   98   93   91   90   89   88   2081
              1219    87   86   86   86   88   87   87   85   89   86   89   90   91  103   92   93   86   87   88   82   80   80   80   79   2087
              1220    79   79   80   81   81   80   80   80   80   82   84   85   88   84   84   83   82   80   80   80   80   79   79   79   1949
              1221    79   79   79   79   78   79   79   79   80   82   83   84   86   88   88   88   88   88   87   86   85   85   84   84   1997
              1222    83   83   82   81   81   82   81   81   82   86   95   90   92   93   92   92   92   91   91   90   89   90   90   89   2098
              1223    88   87   85   85   84   84   84   85   86   87   89   91   92   94   94   95   95   94   94   94   95   98   94  114   2188
              1224   110   97  100   92   89   87   87   87   87   94  103  111  114  116  117  117  117  118  117  117  116  115  106   94   2508
              1225    94  100  101  100  103   97   94   94   92   91   92   93   94  101  100  106   95   95   98  101   94   87   86   84   2292
              1226    84   83   83   83   82   82   82   82   83   85   86   88   90   91   91   91   91   91   90   89   89   89   88   86   2079
              1227    87   89   94   95   99  110  111  106   96   99   98   97   98  100   99  105  106  107   99   96   95   96   97  114   2393
              1228   109  114  114  114  113  114  109  110  106  102  108  107   99   98   98   99   99   98   97   96   96   96   95   94   2485
              1229    93   92   91   89   89   91   92   97   97   93  104  112  118  123  123  116  123  124  120  117  108  104  102   99   2517
              1230    99  102  104  105  100   99  101  113  121  124  125  124  122  121  123  116  107  109  119  112  106   98   81   78   2609
              1231    77   77   76   75   75   74   74   75   75   76   76   77   78   79   79   80   80   80   80   80   80   78   79   78   1858
              ------------------------------------------------------------------------------------------------------------------------------------
              TOTAL 3023 3029 3014 2973 2937 2952 2945 2961 2998 3013 3060 3098 3167 3213 3203 3192 3166 3156 3115 3070 3042 3016 2969 3015  73327
              MEAN    98   98   97   96   95   95   95   96   97   97   99  100  102  104  103  103  102  102  100   99   98   97   96   97   2365
              MAX    125  127  124  123  123  123  123  123  123  124  125  126  126  126  127  128  128  124  124  123  123  123  124  124   2842
                N     31   31   31   31   31   31   31   31   31   31   31   31   31   31   31   31   31   31   31   31   31   31   31   31     31
              NOTE                                                                                                                                
                                                                                                                                                  
                   *): WITH MISSING DATA; TOTAL,MEAN,MAXIMUM ESTIMATED                                                                            
                                                                                                                                                  
                                                                                                                                                  
