                                                                                                                                                  
                                                                                                                                                  
                                                                *******************************                                                   
                                                                  DOWNWARD LONGWAVE RADIATION                                                     
                                                                *******************************                                                   
                                                                                                                  COUNTRY = JAPAN                 
                                                                                                                                                  
                                                                                                                                                  
                                                                     UNIT  = 0.01 MJ/m**2                                                         
                        STATION    : Tateno                                                                                                       
                        STATION NO.: 47646                                                                                                        
                        LOCATION   : 140ﾟ08' E                                                                                                    
                                      36ﾟ03' N                                                                                                    
                        ALTITUDE   :   25.2  m                                                                                                    
                        YEAR/MONTH : 2020/10                                                                                                      
                                                                                                                                                  
              DATE   -01  -02  -03  -04  -05  -06  -07  -08  -09  -10  -11  -12  -13  -14  -15  -16  -17  -18  -19  -20  -21  -22  -23  -24  TOTAL
                                                                                                                                                  
              10 1   135  136  135  138  138  136  136  137  138  139  138  136  140  138  134  133  127  124  123  122  122  121  124  122   3172
              10 2   124  125  119  117  117  117  116  117  119  120  123  126  129  127  127  126  124  123  122  121  123  140  141  128   2971
              10 3   122  121  127  123  126  127  124  126  126  129  132  144  141  139  142  141  142  141  141  142  141  141  141  140   3219
              10 4   137  136  134  139  139  138  137  138  139  141  143  141  140  144  145  144  145  145  146  144  141  141  145  142   3384
              10 5   142  143  143  142  143  142  142  143  144  144  144  144  144  143  140  135  131  129  128  127  131  143  143  140   3350
              10 6   140  141  139  131  133  133  131  127  119  122  123  135  139  143  143  142  138  126  131  133  127  118  120  126   3160
              10 7   130  130  116  119  117  116  119  124  117  120  126  136  138  139  139  139  139  138  138  138  138  137  137  136   3126
              10 8   135  135  135  135  136  136  136  135  135  136  136  137  136  135  136  137  137  138  137  136  139  139  138  138   3273
              10 9   137  137  137  136  136  138  139  138  138  139  140  140  139  139  138  139  140  141  141  141  140  140  140  140   3333
              1010   140  139  141  140  141  142  143  143  145  145  146  144  145  145  144  143  145  145  145  145  145  145  143  142   3441
              1011   142  144  145  145  145  145  145  146  147  147  149  150  147  152  151  147  149  149  146  145  145  142  147  142   3512
              1012   144  144  142  143  141  133  145  146  149  149  149  150  150  151  151  151  151  152  152  149  148  144  143  139   3516
              1013   145  147  145  138  136  131  130  139  147  149  149  148  148  140  141  141  136  141  138  127  129  126  137  137   3345
              1014   139  137  139  123  136  140  139  136  141  138  138  134  136  140  132  128  134  141  141  141  141  141  141  140   3296
              1015   140  138  122  134  137  135  138  139  140  140  139  138  138  138  137  136  135  134  134  134  135  134  133  133   3261
              1016   133  132  132  130  126  127  127  127  127  127  124  120  115  118  125  128  129  130  129  130  130  131  132  131   3060
              1017   131  131  132  133  132  131  131  131  131  132  132  131  131  131  131  132  132  130  130  129  129  129  129  129   3140
              1018   129  129  127  126  124  113  109  109  111  112  112  124  127  124  128  128  127  124  115  109  109  109  109  108   2842
              1019   107  105  104  103  103  110  113  117  117  124  123  133  133  133  134  135  133  133  130  128  125  124  126  125   2918
              1020   119  117  117  117  118  126  123  122  114  116  120  122  118  116  114  114  113  113  112  111  111  110  109  108   2780
              1021   107  107  107  106  105  104  104  106  109  110  121  130  129  121  113  111  112  112  112  122  135  136  137  136   2792
              1022   134  130  130  134  129  131  130  131  127  127  131  135  136  136  136  134  134  133  129  131  136  137  138  142   3191
              1023   142  142  142  142  142  142  142  143  144  144  145  144  143  144  144  145  145  145  145  145  143  142  141  138   3434
              1024   138  138  131  130  132  132  124  121  122  122  120  124  132  132  128  116  115  114  115  132  115  108  106  103   2950
              1025   101   99   97   97   97   96   96   98  100  102  104  106  106  108  109  109  108  107  107  107  108  106  104  104   2476
              1026   104  103  104  106  104  111  105  106  108  109  109  112  114  114  114  115  120  115  111  110  111  112  112  111   2640
              1027   111  112  108  109  111  106  116  108  116  125  128  127  121  121  117  117  114  115  115  113  111  111  110  118   2760
              1028   111  109  116  125  115  114  107  114  121  124  126  128  130  127  128  131  131  129  129  130  130  129  130  123   2957
              1029   120  116  113  111  112  109  105  105  107  109  111  111  112  112  113  111  110  114  131  131  131  124  122  127   2767
              1030   127  128  130  129  127  127  124  115  116  122  124  128  128  117  110  109  121  121  121  110   99   96   95   95   2819
              1031    94   93   93   93   93   94   93   94   97   99  100  102  104  105  106  106  105  104  103  102  102  102  102  101   2387
              ------------------------------------------------------------------------------------------------------------------------------------
              TOTAL 3960 3944 3902 3894 3891 3882 3869 3881 3911 3962 4005 4080 4089 4072 4050 4023 4022 4006 3997 3985 3970 3958 3975 3944  95272
              MEAN   128  127  126  126  126  125  125  125  126  128  129  132  132  131  131  130  130  129  129  129  128  128  128  127   3073
              MAX    145  147  145  145  145  145  145  146  149  149  149  150  150  152  151  151  151  152  152  149  148  145  147  142   3516
                N     31   31   31   31   31   31   31   31   31   31   31   31   31   31   31   31   31   31   31   31   31   31   31   31     31
              NOTE                                                                                                                                
                                                                                                                                                  
                   *): WITH MISSING DATA; TOTAL,MEAN,MAXIMUM ESTIMATED                                                                            
                                                                                                                                                  
                                                                                                                                                  
