                                                                                                                                                  
                                                                                                                                                  
                                                                *******************************                                                   
                                                                  DOWNWARD LONGWAVE RADIATION                                                     
                                                                *******************************                                                   
                                                                                                                  COUNTRY = JAPAN                 
                                                                                                                                                  
                                                                                                                                                  
                                                                     UNIT  = 0.01 MJ/m**2                                                         
                        STATION    : Tateno                                                                                                       
                        STATION NO.: 47646                                                                                                        
                        LOCATION   : 140ﾟ08' E                                                                                                    
                                      36ﾟ03' N                                                                                                    
                        ALTITUDE   :   25.2  m                                                                                                    
                        YEAR/MONTH : 2021/12                                                                                                      
                                                                                                                                                  
              DATE   -01  -02  -03  -04  -05  -06  -07  -08  -09  -10  -11  -12  -13  -14  -15  -16  -17  -18  -19  -20  -21  -22  -23  -24  TOTAL
                                                                                                                                                  
              12 1   137  139  140  141  141  141  142  140  139  135  118  132  131  133  120  112  110  105  101   97   96   94   99  103   2946
              12 2    91   89   88   88   87   86   85   85   86   87   88   89   90   91   91   91   92   92  102  114  122  124  124  120   2302
              12 3   116  107  110  115  102   99   93  102   93   94   95   95   97   99  100  101   99   98   96   95   94   93   93   92   2378
              12 4    92   91   90   90   89   90   90   89   91   94   95   96   97   98   98   98   97   97   96   94   93   91   89   89   2234
              12 5    88   88   88   87   86   87   86   86   87   88   89   90   91   92   93   94   94   93   93   93   94  111  118  118   2234
              12 6   121  121  121  121  122  122  120  103  114  117  124  125  125  125  126  125  126  121  118  122  123  124  121  114   2901
              12 7   118  117  115  108  111  111  110  110  127  127  126  130  131  132  128  133  131  131  130  130  130  130  129  129   2974
              12 8   128  128  128  127  127  128  128  128  127  126  126  126  126  126  126  125  124  124  124  124  124  122  121  122   3015
              12 9   122  121  121  121  120  121  122  120  104   96   96   97   99   98   97   97   96   95   94   93   93   93  102  104   2522
              1210    99  102  100  101   95   95   92  101  107  107  108  106  104  104  109  107  105   99   95   95   96   93   93   92   2405
              1211    91   91   91   90   90   90   90   90   91   93   95   97   98  100  101  102  101  100  100   99  104  103   99   97   2303
              1212   100   98   98   99  101  104  118  113  110  111  107  110  102  112  104  103  104  104  109  118  118  103  101   99   2546
              1213   101   97   96   94   93   92   91   90   90   89   89   89   88   88   88   87   86   85   85   85   85   85   84   84   2141
              1214    83   83   82   84   85   89   88  100  110  115  118  118  118  119  120  120  107  114  121  116  122  117   93   90   2512
              1215    89   88   88   87   86   86   86   88   93   86   89   92   93   93   94   95   96   96   95   95   94   93   93   93   2188
              1216    92   92   92   91   90   91   90   90   93   96  103  112  111  106  105  113  116  120  115  102  101  102  108  115   2446
              1217   117  122  124  124  122  123  124  126  125  126  126  119  109  123  121  125  126  117  107  117  120  102  105   87   2837
              1218    83   81   78   78   77   78   77   77   77   79   80   81   81   80   79   79   78   78   78   77   78   78   78   78   1888
              1219    78   78   78   78   78   78   81   80   81   81   83   85   86   86   87   87   87   87   87   87   86   86   85   85   1995
              1220    84   84   83   83   83   84   83   83   83   85   87   88   90   91   92   92   93   93   94   94   96  107  114  101   2167
              1221    94   91   90   91   89   89   88   88   89   89   92   94   96   98   99   98   98   97   96   96   96   96   95   93   2242
              1222    92   91   92   91   91   92   91   91   92   92   94   94   94   94   95  109  118  110   94   88   87   85   84   85   2246
              1223    84   84   84   83   83   82   82   82   83   84   85   87   87   88   89   90   90   89   88   90   90   95  110  116   2125
              1224   119  118  111  111  103   91   89   88   90   95   93   99   98   97   97   98   98  101  106  107  101   98  115  118   2441
              1225   119  122  122  121  121  120  121  122  116  103   98   95   97  103  109  122  122  108  105  105  108  110  110  109   2688
              1226   108  108   97   81   77   76   76   75   76   77   78   78   79   79   80   81   78   77   77   74   74   74   72   72   1924
              1227    72   72   73   73   73   73   74   73   74   75   77   78   79   79   80   81   81   82   81   80   80   80   79   79   1848
              1228    84   83   78   78   78   77   77   77   78   80   82   82   83   83   83   83   82   82   82   81   81   82   81   81   1938
              1229    80   91   97  104  105  110  108   94   82   92   96  103   92   95   91   89   89   89   91   92   93   92   90   88   2253
              1230    86   86   86   85   85   85   85   85   86   87   89   91   93   95   95   93   91   89   87   87   86   86   94  103   2135
              1231   106  111   90   89   82   82   93   89   81   81   81   87   89   82   89   79   77   77   76   75   74   74   74   74   2012
              ------------------------------------------------------------------------------------------------------------------------------------
              TOTAL 3074 3074 3031 3014 2972 2972 2980 2965 2975 2987 3007 3065 3054 3089 3086 3109 3092 3050 3023 3022 3039 3023 3053 3030  72786
              MEAN    99   99   98   97   96   96   96   96   96   96   97   99   99  100  100  100  100   98   98   97   98   98   98   98   2348
              MAX    137  139  140  141  141  141  142  140  139  135  126  132  131  133  128  133  131  131  130  130  130  130  129  129   3015
                N     31   31   31   31   31   31   31   31   31   31   31   31   31   31   31   31   31   31   31   31   31   31   31   31     31
              NOTE                                                                                                                                
                                                                                                                                                  
                   *): WITH MISSING DATA; TOTAL,MEAN,MAXIMUM ESTIMATED                                                                            
                                                                                                                                                  
                                                                                                                                                  
