                                                                                                                                                  
                                                                                                                                                  
                                                                *******************************                                                   
                                                                  DOWNWARD LONGWAVE RADIATION                                                     
                                                                *******************************                                                   
                                                                                                                  COUNTRY = JAPAN                 
                                                                                                                                                  
                                                                                                                                                  
                                                                     UNIT  = 0.01 MJ/m**2                                                         
                        STATION    : Tateno                                                                                                       
                        STATION NO.: 47646                                                                                                        
                        LOCATION   : 140ﾟ08' E                                                                                                    
                                      36ﾟ03' N                                                                                                    
                        ALTITUDE   :   25.2  m                                                                                                    
                        YEAR/MONTH : 2021/03                                                                                                      
                                                                                                                                                  
              DATE   -01  -02  -03  -04  -05  -06  -07  -08  -09  -10  -11  -12  -13  -14  -15  -16  -17  -18  -19  -20  -21  -22  -23  -24  TOTAL
                                                                                                                                                  
               3 1    94   95   93   96   97   91   94  103   94   97  101  106  107  113  113  118  112  110  108  106  106  108  113  126   2501
               3 2   125  128  127  130  135  137  137  137  139  140  138  137  139  140  143  144  138  131  128  126  125  122  120  119   3185
               3 3   118  117  112  101  108   99   84   83   83   83   85   84   86   87   88   88   89   88   87   92   97   96   94   96   2245
               3 4    97   95   87   86   88   88   91   89   91   99   94  100  106  113  116  116  112  107  107  104  113  113  115  116   2443
               3 5   112  117  115  109  104  110  110  102  109  116  114  116  122  124  131  132  132  131  129  129  129  124  126  126   2869
               3 6   125  125  120  116  122  118  113  127  122  124  128  123  118  116  115  118  131  113  106  109  111  110  102  107   2819
               3 7   119  118  116  115  113  111  111  107  103   95   95  100  100  103  100  114  115  117  117  117  117  117  118  119   2657
               3 8   120  120  119  120  119  121  121  121  122  122  122  122  122  122  122  121  118  117  116  120  120  119  112  112   2870
               3 9   117  107   95  107  105  112  114  117  116  115  107  106  105  119  119  124  110  111  113  116  122  118  110  113   2698
               310   121  121  105  106  101  107  101   94   94   96   99  100  100   99   98   99   97   93   90   88   86   84   84   83   2346
               311    83   83   83   82   82   83   83   84   86   89   91   92   93   94   96   98   98   98   98   98  100  103  120  102   2219
               312   109  105  115  112  111  109  109  114  115  119  119  120  121  121  121  121  123  124  124  124  125  125  126  125   2837
               313   125  125  125  126  128  129  128  129  129  130  130  134  135  133  134  135  133  133  131  128  126  118  103  100   3047
               314   100  100   99   98  102  102   97   98   99  100  100  101  101  101  101  105  103   99   97   95   94   93   93   92   2370
               315    92   91   91   91   91   90   91   92   98  101   99  101  101  101  102  102  102  102   98   97   96   95   95   94   2313
               316    94   94   95   97   97  100  109  108  116  116  100  103  107  112  128  123  115  115  114  112  110  109  107  105   2586
               317   103  102  101  100   99   98   97   97   99   99   99  101  102  106  106  105  102   98   98   96   92   90   89   89   2368
               318    87   87   86   86   86   86   86   87   89   90   92   94   97   99  100  102  102  104  104  104  104  119  120  128   2339
               319   125  119  124  126  122  117  116  114  110  115  111  112  117  120  116  103  102  101  101  101  103  113  123  124   2735
               320   120  119  121  125  125  125  123  125  122  120  122  131  131  127  125  124  123  126  126  125  127  127  130  131   3000
               321   132  132  134  133  133  134  135  138  140  142  143  143  145  145  145  145  146  146  146  146  146  146  141  137   3373
               322   135  134  134  132  129  129  130  128  116  118  117  122  123  122  122  121  121  122  124  124  122  120  116  114   2975
               323   105   97   91   88   87   86   87   88   89   91   92   93   94   95   95   96   97   97   97   97   97   97   97   97   2250
               324    97   97   97   97   96   96   95   96   98  100  102  104  108  109  108  108  109  107  106  106  107  109  107  105   2464
               325   106  105  104  102  109  105  109  106  105  112  123  127  128  130  134  133  127  124  125  122  120  115  108  106   2785
               326   104  103  101   99  100  105   95   95   97  100  102  104  114  124  128  127  110  113  101   98   96   95   94   94   2499
               327    93   93   93   94   92   91   91   92   95   96   98  102  105  111  110  108  111  115  115  115  115  116  116  116   2483
               328   114  118  127  131  125  127  132  131  131  134  137  139  138  136  132  133  134  135  135  137  136  137  138  138   3175
               329   138  138  139  140  139  136  136  127  114  118  133  138  132  134  130  126  122  121  118  119  119  119  120  134   3090
               330   139  134  121  114  114  113  114  117  136  139  139  126  130  133  124  125  137  133  127  129  134  133  134  134   3079
               331   134  134  135  129  119  123  129  117  115  112  119  112  111  110  110  112  112  120  111  114  118  118  117  120   2851
              ------------------------------------------------------------------------------------------------------------------------------------
              TOTAL 3483 3453 3405 3388 3378 3378 3368 3363 3372 3428 3451 3493 3538 3599 3612 3626 3583 3551 3497 3494 3513 3508 3488 3502  83471
              MEAN   112  111  110  109  109  109  109  108  109  111  111  113  114  116  117  117  116  115  113  113  113  113  113  113   2693
              MAX    139  138  139  140  139  137  137  138  140  142  143  143  145  145  145  145  146  146  146  146  146  146  141  138   3373
                N     31   31   31   31   31   31   31   31   31   31   31   31   31   31   31   31   31   31   31   31   31   31   31   31     31
              NOTE                                                                                                                                
                                                                                                                                                  
                   *): WITH MISSING DATA; TOTAL,MEAN,MAXIMUM ESTIMATED                                                                            
                                                                                                                                                  
                                                                                                                                                  
