                                                                                                                                                  
                                                                                                                                                  
                                                                *******************************                                                   
                                                                  DOWNWARD LONGWAVE RADIATION                                                     
                                                                *******************************                                                   
                                                                                                                  COUNTRY = JAPAN                 
                                                                                                                                                  
                                                                                                                                                  
                                                                     UNIT  = 0.01 MJ/m**2                                                         
                        STATION    : Tateno                                                                                                       
                        STATION NO.: 47646                                                                                                        
                        LOCATION   : 140ﾟ08' E                                                                                                    
                                      36ﾟ03' N                                                                                                    
                        ALTITUDE   :   25.2  m                                                                                                    
                        YEAR/MONTH : 2021/10                                                                                                      
                                                                                                                                                  
              DATE   -01  -02  -03  -04  -05  -06  -07  -08  -09  -10  -11  -12  -13  -14  -15  -16  -17  -18  -19  -20  -21  -22  -23  -24  TOTAL
                                                                                                                                                  
              10 1   150  148  148  148  147  148  148  147  147  146  145  145  145  145  145  144  145  144  140  135  140  144  142  133   3469
              10 2   129  122  122  121  120  120  120  122  125  127  129  130  130  131  131  132  133  135  144  151  147  148  132  132   3133
              10 3   143  142  127  124  122  120  119  120  122  125  125  126  128  132  134  128  128  128  128  127  128  129  129  128   3062
              10 4   138  140  137  137  140  132  140  131  128  130  131  141  147  144  138  136  134  134  132  132  134  133  128  126   3243
              10 5   127  128  127  128  127  126  126  129  130  131  132  136  139  142  140  139  135  134  136  133  134  143  137  131   3190
              10 6   128  127  126  124  124  124  126  129  132  135  140  139  137  136  140  145  139  138  140  142  145  144  143  142   3245
              10 7   142  142  142  142  142  142  143  144  144  145  144  148  148  148  148  148  148  148  146  144  147  148  149  149   3491
              10 8   149  149  149  149  149  148  136  128  128  127  131  132  132  133  134  137  134  133  133  133  133  133  134  133   3277
              10 9   132  132  133  135  148  147  135  134  141  144  141  149  143  147  143  136  132  137  135  133  146  146  146  146   3361
              1010   144  143  142  143  144  141  145  147  147  139  147  149  147  146  137  139  139  146  134  130  129  130  129  128   3365
              1011   127  127  127  127  129  127  126  135  129  138  139  140  139  139  137  137  136  135  135  135  135  137  138  147   3221
              1012   151  142  132  141  141  145  146  144  146  147  148  148  148  146  146  146  146  145  145  145  144  144  144  144   3474
              1013   143  143  143  143  142  142  141  141  141  142  142  142  143  143  143  143  142  141  140  140  141  141  140  140   3402
              1014   140  138  128  131  136  139  135  127  131  126  136  132  128  128  125  124  123  121  119  118  117  117  118  117   3054
              1015   116  116  116  119  116  116  116  119  136  140  126  129  132  136  133  133  130  130  128  128  128  128  139  142   3052
              1016   139  132  125  124  130  132  142  143  145  145  141  147  149  148  149  149  149  147  148  149  150  150  150  149   3432
              1017   147  143  140  144  148  147  148  143  141  139  138  136  135  132  132  130  128  124  114  105  102  106  103  101   3126
              1018   100  103   99  100   97   96   96   97   99  100  101  102  106  114  118  118  106  105  105  104  104  105  107  114   2496
              1019   117  121  122  124  129  130  129  130  129  131  132  134  135  131  132  132  128  123  136  135  135  133  134  135   3117
              1020   133  132  131  127  127  123  114  103  104  106  107  109  107  107  108  107  105  103  102  102  101  100   99   98   2655
              1021    99   99   98   97   97   98  107  104  105  109  113  118  112  120  125  127  129  126  125  122  121  127  127  124   2729
              1022   124  126  128  129  129  128  128  129  129  128  129  131  131  131  130  129  130  129  129  129  129  129  128  126   3088
              1023   120  111  104  103  100   99   99  100  102  102  104  104  109  114  124  111  114  107  100  100   99   98   98   97   2519
              1024    96   95   94   94   95   95   96   97   99  101  103  104  106  106  106  106  106  109  108  106  106  105  104  103   2440
              1025   102  101  102  101  107  106  115  117  115  113  120  130  128  130  132  132  125  127  129  130  130  133  136  137   2898
              1026   136  136  136  137  136  136  135  135  133  122  129  130  131  138  138  138  136  124  128  124  125  111  109  110   3113
              1027   109  109  115  110  110  109  112  129  132  134  135  136  138  138  137  136  137  138  138  138  138  138  134  127   3077
              1028   128  124  128  130  129  127  118  111  110  111  113  115  118  118  117  118  124  124  129  125  114  105  102  101   2839
              1029    99   99   99   99   99   98   97   99  101  102  104  105  105  106  108  115  108  106  105  104  103  102  102  101   2466
              1030   100   99   98   97   96   96   96   97  100  102  103  104  106  107  108  108  107  108  108  107  108  127  131  127   2540
              1031   122  115  111  113  111  109  111  123  122  130  131  134  133  131  131  134  135  136  135  134  132  131  135  135   3034
              ------------------------------------------------------------------------------------------------------------------------------------
              TOTAL 3930 3884 3829 3841 3867 3846 3845 3854 3893 3917 3959 4025 4035 4067 4069 4057 4011 3985 3974 3940 3945 3965 3947 3923  94608
              MEAN   127  125  124  124  125  124  124  124  126  126  128  130  130  131  131  131  129  129  128  127  127  128  127  127   3052
              MAX    151  149  149  149  149  148  148  147  147  147  148  149  149  148  149  149  149  148  148  151  150  150  150  149   3491
                N     31   31   31   31   31   31   31   31   31   31   31   31   31   31   31   31   31   31   31   31   31   31   31   31     31
              NOTE                                                                                                                                
                                                                                                                                                  
                   *): WITH MISSING DATA; TOTAL,MEAN,MAXIMUM ESTIMATED                                                                            
                                                                                                                                                  
                                                                                                                                                  
