                                                                                                                                                  
                                                                                                                                                  
                                                                *******************************                                                   
                                                                  DOWNWARD LONGWAVE RADIATION                                                     
                                                                *******************************                                                   
                                                                                                                  COUNTRY = JAPAN                 
                                                                                                                                                  
                                                                                                                                                  
                                                                     UNIT  = 0.01 MJ/m**2                                                         
                        STATION    : Tateno                                                                                                       
                        STATION NO.: 47646                                                                                                        
                        LOCATION   : 140ﾟ08' E                                                                                                    
                                      36ﾟ03' N                                                                                                    
                        ALTITUDE   :   25.2  m                                                                                                    
                        YEAR/MONTH : 2021/07                                                                                                      
                                                                                                                                                  
              DATE   -01  -02  -03  -04  -05  -06  -07  -08  -09  -10  -11  -12  -13  -14  -15  -16  -17  -18  -19  -20  -21  -22  -23  -24  TOTAL
                                                                                                                                                  
               7 1   148  148  145  146  148  147  147  147  146  147  148  149  151  151  149  146  148  149  149  150  150  150  150  150   3559
               7 2   149  148  148  149  150  151  151  151  150  151  151  151  152  153  154  155  155  154  153  152  153  153  153  153   3640
               7 3   153  151  150  150  150  149  149  149  149  150  150  151  150  151  150  152  150  147  150  148  147  147  149  149   3591
               7 4   149  148  147  147  147  147  147  146  147  148  148  149  149  149  150  149  150  149  148  149  148  148  148  148   3555
               7 5   148  149  149  149  149  149  150  150  151  151  150  153  153  153  152  152  149  146  147  146  144  146  147  152   3585
               7 6   150  147  149  150  149  146  146  148  150  152  152  154  157  157  157  156  154  154  154  156  155  153  153  152   3651
               7 7   154  153  154  155  155  155  156  155  155  156  157  158  154  156  155  152  149  148  145  146  146  147  150  151   3662
               7 8   149  149  151  152  152  152  153  153  154  154  153  154  154  154  154  153  154  154  153  153  153  152  153  153   3666
               7 9   154  153  153  153  153  153  154  155  155  155  156  156  157  157  157  157  157  157  157  156  156  156  156  156   3729
               710   156  156  156  156  156  152  144  146  153  156  152  154  155  158  155  155  153  156  155  154  153  152  154  154   3691
               711   154  154  152  141  140  149  152  155  155  159  160  159  155  157  160  159  152  149  148  140  135  135  135  134   3589
               712   134  135  135  134  134  134  135  137  140  143  145  148  155  156  156  156  159  156  149  146  145  146  149  149   3476
               713   147  153  154  151  149  148  145  153  155  155  153  151  153  154  153  144  152  156  150  150  154  151  142  142   3615
               714   140  141  145  146  146  151  153  153  155  156  157  154  151  148  146  143  143  148  147  154  153  140  150  154   3574
               715   152  148  149  153  152  152  150  147  150  156  157  157  154  154  152  147  148  146  146  144  143  144  142  141   3584
               716   143  149  152  155  158  158  158  152  150  153  155  155  160  160  156  151  147  143  141  139  137  136  135  135   3578
               717   135  134  134  135  136  134  135  142  146  144  146  149  146  147  148  147  149  148  144  141  139  139  138  136   3392
               718   135  135  134  133  133  142  136  152  148  144  144  146  148  148  147  147  146  146  145  143  142  141  141  140   3416
               719   140  140  139  138  138  138  139  143  144  147  150  152  151  149  147  150  155  151  147  146  144  143  142  141   3474
               720   141  140  140  145  141  140  143  152  152  159  154  156  159  158  154  154  152  155  153  149  148  146  142  140   3573
               721   139  139  138  138  138  137  139  142  148  153  148  150  151  156  153  154  155  149  145  144  144  143  142  141   3486
               722   140  140  139  140  139  139  140  144  145  147  150  153  151  154  155  154  149  148  148  150  150  146  144  144   3509
               723   146  145  145  140  140  140  141  147  151  151  150  156  158  156  154  157  155  156  154  155  156  155  151  147   3606
               724   146  143  142  141  141  142  142  146  150  152  152  151  149  152  151  149  149  148  144  142  145  144  140  140   3501
               725   142  141  138  138  137  137  137  139  143  146  149  145  145  145  144  144  143  143  142  140  142  146  150  144   3420
               726   147  150  145  139  136  135  135  140  141  141  145  148  146  147  146  143  146  146  148  151  153  153  152  153   3486
               727   152  152  152  151  152  152  152  154  155  156  156  155  150  148  158  159  159  157  159  157  147  145  142  146   3666
               728   149  153  145  143  138  138  141  146  149  158  157  158  161  155  154  151  151  154  154  155  155  152  148  151   3616
               729   156  154  157  150  153  152  152  155  153  160  157  155  157  155  156  157  158  155  154  149  150  147  151  150   3693
               730   149  147  143  145  152  145  151  157  159  159  157  155  155  152  154  151  150  148  148  147  149  145  144  142   3604
               731   143  148  145  140  138  138  150  143  145  149  153  152  148  143  141  142  144  148  146  145  153  158  157  155   3524
              ------------------------------------------------------------------------------------------------------------------------------------
              TOTAL 4540 4543 4525 4503 4500 4502 4523 4599 4644 4708 4712 4734 4735 4733 4718 4686 4681 4664 4623 4597 4589 4559 4550 4543 110711
              MEAN   146  147  146  145  145  145  146  148  150  152  152  153  153  153  152  151  151  150  149  148  148  147  147  147   3571
              MAX    156  156  157  156  158  158  158  157  159  160  160  159  161  160  160  159  159  157  159  157  156  158  157  156   3729
                N     31   31   31   31   31   31   31   31   31   31   31   31   31   31   31   31   31   31   31   31   31   31   31   31     31
              NOTE                                                                                                                                
                                                                                                                                                  
                   *): WITH MISSING DATA; TOTAL,MEAN,MAXIMUM ESTIMATED                                                                            
                                                                                                                                                  
                                                                                                                                                  
