                                                                                                                                                  
                                                                                                                                                  
                                                                *******************************                                                   
                                                                  DOWNWARD LONGWAVE RADIATION                                                     
                                                                *******************************                                                   
                                                                                                                  COUNTRY = JAPAN                 
                                                                                                                                                  
                                                                                                                                                  
                                                                     UNIT  = 0.01 MJ/m**2                                                         
                        STATION    : Tateno                                                                                                       
                        STATION NO.: 47646                                                                                                        
                        LOCATION   : 140ﾟ08' E                                                                                                    
                                      36ﾟ03' N                                                                                                    
                        ALTITUDE   :   25.2  m                                                                                                    
                        YEAR/MONTH : 2021/08                                                                                                      
                                                                                                                                                  
              DATE   -01  -02  -03  -04  -05  -06  -07  -08  -09  -10  -11  -12  -13  -14  -15  -16  -17  -18  -19  -20  -21  -22  -23  -24  TOTAL
                                                                                                                                                  
               8 1   152  152  148  144  143  142  143  148  149  153  152  153  154  153  159  155  154  153  151  149  148  145  145  144   3589
               8 2   145  144  144  143  147  156  146  147  153  155  161  161  154  158  162  160  163  161  154  151  150  150  148  147   3660
               8 3   147  146  146  146  146  146  147  151  153  159  164  157  158  158  160  156  155  153  151  150  150  148  147  147   3641
               8 4   147  149  152  146  143  143  154  155  159  155  156  159  156  156  157  156  155  151  148  145  143  140  139  138   3602
               8 5   138  138  137  137  138  137  138  140  142  145  147  147  146  147  148  146  143  143  142  141  140  139  140  154   3413
               8 6   144  138  136  136  137  136  137  141  144  146  150  151  149  154  154  153  155  155  150  150  149  149  149  151   3514
               8 7   153  152  148  147  147  148  149  161  160  154  163  162  162  158  163  159  158  154  154  155  152  158  158  159   3734
               8 8   159  161  161  159  158  158  158  158  159  160  160  160  160  160  160  161  160  160  161  160  158  156  153  156   3816
               8 9   154  152  151  150  149  148  150  154  159  165  167  158  163  164  162  161  162  160  158  156  154  151  150  149   3747
               810   149  150  149  152  147  152  151  149  151  152  155  157  158  157  156  155  152  150  148  146  145  145  144  142   3612
               811   143  147  140  139  143  139  138  141  143  145  147  148  152  151  153  157  150  150  152  153  153  153  152  152   3541
               812   155  150  153  150  150  149  154  154  154  149  152  159  160  157  156  155  154  156  156  155  154  153  151  152   3688
               813   153  152  153  153  150  148  147  148  146  147  148  150  151  149  150  152  152  152  151  150  152  154  155  157   3620
               814   159  159  155  153  153  152  151  151  153  154  157  159  161  158  154  153  153  151  151  151  150  150  149  149   3686
               815   149  149  149  148  148  147  147  147  147  148  148  148  149  150  150  150  150  149  149  149  149  149  148  146   3563
               816   147  146  146  146  146  146  149  149  149  149  150  150  151  152  153  151  152  148  147  146  145  149  146  145   3558
               817   146  146  147  148  150  151  150  150  151  153  154  156  156  156  158  158  157  151  150  144  147  155  156  153   3643
               818   152  147  144  147  149  148  147  147  149  149  152  154  155  159  158  157  153  151  145  142  141  141  142  142   3571
               819   141  141  142  143  147  145  150  148  148  148  148  149  150  150  150  151  152  148  144  143  142  143  143  143   3509
               820   142  142  143  144  141  141  142  143  144  146  149  151  152  151  149  148  149  149  149  146  145  146  145  144   3501
               821   144  143  143  146  144  143  153  155  157  158  160  161  160  158  157  154  153  156  155  155  155  156  157  155   3678
               822   153  155  155  154  154  154  154  152  155  157  159  160  162  157  156  157  154  151  151  151  150  151  155  155   3712
               823   156  152  151  151  153  153  157  155  159  160  158  151  145  149  150  147  145  145  144  144  144  150  150  142   3611
               824   148  145  145  142  142  142  148  148  149  152  157  159  158  157  156  156  153  154  155  153  153  154  154  156   3636
               825   156  154  155  154  153  154  154  155  157  157  157  158  159  160  159  157  155  155  155  155  153  152  152  152   3728
               826   151  151  149  149  149  154  152  153  153  155  155  157  162  162  159  159  158  157  156  155  153  152  151  151   3703
               827   151  152  151  150  148  148  147  148  150  152  154  155  154  155  155  154  152  151  150  150  149  149  149  149   3623
               828   148  148  148  147  150  149  153  155  158  158  163  160  164  163  162  161  160  157  155  153  152  152  153  151   3720
               829   151  156  157  155  153  155  155  157  153  159  157  156  152  158  153  149  149  151  154  157  159  159  158  158   3721
               830   157  152  147  157  149  146  146  153  150  153  158  160  156  154  155  156  157  155  154  153  157  161  154  158   3698
               831   158  157  151  153  145  143  147  145  150  147  154  154  154  155  156  158  155  155  152  153  151  151  151  150   3645
              ------------------------------------------------------------------------------------------------------------------------------------
              TOTAL 4648 4626 4596 4589 4572 4573 4614 4658 4704 4740 4812 4820 4823 4826 4830 4802 4770 4732 4692 4661 4643 4661 4644 4647 112683
              MEAN   150  149  148  148  147  148  149  150  152  153  155  155  156  156  156  155  154  153  151  150  150  150  150  150   3635
              MAX    159  161  161  159  158  158  158  161  160  165  167  162  164  164  163  161  163  161  161  160  159  161  158  159   3816
                N     31   31   31   31   31   31   31   31   31   31   31   31   31   31   31   31   31   31   31   31   31   31   31   31     31
              NOTE                                                                                                                                
                                                                                                                                                  
                   *): WITH MISSING DATA; TOTAL,MEAN,MAXIMUM ESTIMATED                                                                            
                                                                                                                                                  
                                                                                                                                                  
