                                                                                                                                                  
                                                                                                                                                  
                                                                *******************************                                                   
                                                                  DOWNWARD LONGWAVE RADIATION                                                     
                                                                *******************************                                                   
                                                                                                                  COUNTRY = JAPAN                 
                                                                                                                                                  
                                                                                                                                                  
                                                                     UNIT  = 0.01 MJ/m**2                                                         
                        STATION    : Tateno                                                                                                       
                        STATION NO.: 47646                                                                                                        
                        LOCATION   : 140ﾟ08' E                                                                                                    
                                      36ﾟ03' N                                                                                                    
                        ALTITUDE   :   25.2  m                                                                                                    
                        YEAR/MONTH : 2021/09                                                                                                      
                                                                                                                                                  
              DATE   -01  -02  -03  -04  -05  -06  -07  -08  -09  -10  -11  -12  -13  -14  -15  -16  -17  -18  -19  -20  -21  -22  -23  -24  TOTAL
                                                                                                                                                  
               9 1   149  149  150  151  152  152  151  150  149  148  149  149  148  147  146  145  145  145  145  145  145  146  146  146   3548
               9 2   146  146  146  146  147  146  146  147  147  147  147  148  148  148  148  147  147  146  146  146  147  147  147  147   3523
               9 3   148  148  147  146  146  146  146  147  147  147  149  149  147  148  148  150  150  148  148  148  148  148  148  148   3545
               9 4   148  148  148  149  148  149  149  149  150  150  150  151  153  152  151  147  149  149  148  148  147  145  146  148   3572
               9 5   147  146  146  146  144  144  144  145  147  147  148  145  145  150  150  150  145  136  135  141  139  138  144  146   3468
               9 6   142  142  143  143  143  144  144  144  144  146  145  144  143  142  138  139  137  129  124  124  131  141  132  134   3338
               9 7   124  119  119  121  121  123  119  123  129  128  131  143  132  126  129  123  121  121  121  126  126  131  133  131   3020
               9 8   129  129  124  121  121  118  121  131  135  145  143  147  148  149  149  148  147  146  145  146  145  146  147  147   3327
               9 9   148  148  147  147  147  147  146  147  147  147  148  149  150  151  151  152  152  152  153  152  152  152  151  151   3587
               910   149  147  144  135  147  149  149  150  149  139  139  143  149  144  141  139  137  137  139  137  136  134  134  142   3409
               911   139  146  148  148  147  144  147  146  147  152  155  156  150  152  153  147  143  143  144  142  145  144  146  143   3527
               912   148  147  151  150  152  153  152  150  147  156  153  153  154  153  151  150  150  149  148  148  147  146  144  144   3596
               913   146  140  139  138  136  133  141  143  148  138  140  145  141  143  140  137  136  135  133  132  132  138  139  136   3329
               914   139  135  140  140  140  144  143  140  138  145  145  146  149  146  147  146  149  147  145  146  149  148  147  145   3459
               915   143  144  143  142  143  137  133  133  132  139  136  140  141  135  136  134  134  131  135  133  138  139  135  136   3292
               916   135  137  137  137  128  126  140  128  134  138  142  139  135  132  132  133  127  126  124  124  123  123  124  125   3149
               917   125  125  126  131  125  126  133  144  144  144  145  147  150  147  151  151  146  149  146  147  147  148  148  148   3393
               918   149  150  152  152  152  153  153  154  155  155  156  158  159  159  157  155  157  152  154  157  158  159  157  157   3720
               919   155  154  154  153  149  147  142  135  128  127  128  131  130  130  127  126  124  122  119  117  116  116  116  116   3162
               920   115  115  116  117  117  116  117  119  121  123  126  128  128  128  127  127  125  123  123  122  120  119  119  120   2911
               921   120  125  121  123  129  132  126  124  130  130  140  136  131  132  132  132  132  133  133  134  131  131  131  132   3120
               922   132  131  132  144  149  149  150  150  143  152  146  149  159  159  152  146  144  144  144  146  149  146  155  153   3524
               923   150  150  152  153  153  145  140  147  152  150  137  136  136  137  138  139  139  136  135  133  133  135  133  134   3393
               924   133  130  128  128  127  125  125  127  129  131  134  137  137  137  140  139  141  137  136  142  137  142  137  143   3222
               925   146  146  144  142  134  134  139  134  147  147  147  137  143  148  147  145  140  134  136  131  123  126  132  142   3344
               926   142  142  142  142  142  141  137  140  140  137  138  139  140  141  139  140  139  136  126  131  136  135  136  136   3317
               927   135  127  123  129  142  143  142  132  132  138  142  146  147  142  139  133  125  125  131  124  122  122  121  120   3182
               928   120  119  119  129  138  133  128  134  138  143  145  142  138  142  144  140  125  123  122  121  122  122  122  122   3131
               929   122  121  121  120  119  119  120  122  127  132  132  136  150  142  139  144  138  147  138  142  147  148  147  147   3220
               930   147  138  129  128  127  127  127  131  134  137  147  143  145  155  151  151  150  150  147  147  149  150  151  151   3412
              ------------------------------------------------------------------------------------------------------------------------------------
              TOTAL 4171 4144 4131 4151 4165 4145 4150 4166 4210 4258 4283 4312 4326 4317 4293 4255 4194 4151 4123 4132 4140 4165 4168 4190 100740
              MEAN   139  138  138  138  139  138  138  139  140  142  143  144  144  144  143  142  140  138  137  138  138  139  139  140   3358
              MAX    155  154  154  153  153  153  153  154  155  156  156  158  159  159  157  155  157  152  154  157  158  159  157  157   3720
                N     30   30   30   30   30   30   30   30   30   30   30   30   30   30   30   30   30   30   30   30   30   30   30   30     30
              NOTE                                                                                                                                
                                                                                                                                                  
                   *): WITH MISSING DATA; TOTAL,MEAN,MAXIMUM ESTIMATED                                                                            
                                                                                                                                                  
                                                                                                                                                  
                                                                                                                                                  
