                                                                                                                                                  
                                                                                                                                                  
                                                                *******************************                                                   
                                                                  DOWNWARD LONGWAVE RADIATION                                                     
                                                                *******************************                                                   
                                                                                                                  COUNTRY = JAPAN                 
                                                                                                                                                  
                                                                                                                                                  
                                                                     UNIT  = 0.01 MJ/m**2                                                         
                        STATION    : Tateno                                                                                                       
                        STATION NO.: 47646                                                                                                        
                        LOCATION   : 140ﾟ08' E                                                                                                    
                                      36ﾟ03' N                                                                                                    
                        ALTITUDE   :   25.2  m                                                                                                    
                        YEAR/MONTH : 2021/02                                                                                                      
                                                                                                                                                  
              DATE   -01  -02  -03  -04  -05  -06  -07  -08  -09  -10  -11  -12  -13  -14  -15  -16  -17  -18  -19  -20  -21  -22  -23  -24  TOTAL
                                                                                                                                                  
               2 1    93  101   97  101  108  109  113  112  109  115  112  118  120  118  113   97   99  101   96   97  100  109  116  111   2565
               2 2   123  117  122  123  124  123  122  120  119  112  116  104  101  103  103  101   98  100  107  111   94   98  107   99   2647
               2 3    84   84   84   83   81   80   80   81   82   84   85   87   87   86   86   86   86   86   86   87   95   85   88   86   2039
               2 4    87   87   84   80   79   79   79   80   81   83   86   89   89   90   91   90   90   88   87   86   84   83   83   83   2038
               2 5    82   83   82   82   82   81   81   81   82   83   84   86   87   88   89   91   93   95   94   96  102  106  109  111   2150
               2 6   111  109   96  102  103   95   93   88   88   89   91   92   94   95   96   97   97   95   96   96   96   95   95   95   2304
               2 7    94   93   92   91   91   90   90   90   91   92   94   96   98   99  100  102  118  102   95   92   91   90   90   87   2268
               2 8    86   86   84   84   86   97   97  110  110  107  102   89   87   87   89  104  101   84   82   87   83   79   78   77   2176
               2 9    76   76   75   75   75   74   74   75   76   77   78   79   82   82   81   81   80   81   81   81   80   80   81   80   1880
               210    80   80   81   81   81   81   81   82   83   84   86   90   90   91   96   96   99  100   94   92   91   90   88   87   2104
               211    86   86   85   86   88   86   86   86   87   89   90   93   93   92   93   93   92   91   92   92   94   94   93   91   2158
               212    90   92   92   92   91   93   91   91   95   98  101  104  105  103  102  100  103  100  102  100   97   94   93   93   2322
               213    92   92   94  104  100   91   89   89   91   93   95   98   99  102  104  106  104  102  101  100   99  100  100   99   2344
               214    99   99   99   99   97   96   96   96   97  100  103  106  118  129  117  108  107  107  109  106  105  105  105  107   2510
               215   109  115  125  125  128  129  125  131  130  133  135  136  137  137  138  137  131  116  100  101  101  101  100   99   2919
               216    97   96   94   92   90   89   87   87   89   90   91   92   92   91   90   89   89   88   87   86   85   85   84   84   2144
               217    84   84   83   83   84   84   84   85   86   88   89   89   92  103  111  112  109   89   80   79   78   78   78   79   2111
               218    78   76   76   75   75   74   74   75   76   77   78   79   81   81   84   88   87   85   81   79   78   78   78   78   1891
               219    78   78   78   78   78   78   78   79   81   82   84   86   88   88   88   88   91   91   91   90   89   88   88   88   2026
               220    87   86   85   83   83   82   82   82   84   85   87   89   93   95   98  100  102  101  100   99   98   99   99   99   2198
               221    99   99   99   99   98   97   97   97   99  102  103  106  107  107  109  110  108  106  106  105  105  104  102  102   2466
               222   103  101   98   97   96   96   96   96   97  100  102  105  107  109  107  108  109  107  106  105  104  103  102  100   2454
               223    99   99  100  107  108  100   99   97   96   96   95   95   95   96   94   93   94   91   88   88   87   85   97  104   2303
               224    98  108  107  103   93   81   78   79   80   83   81   82   82   83   86   87   89   99  110   98   83   80   77   77   2124
               225    76   75   75   75   75   75   77   79   81   79   81   86   86   88   89   90   93   95  103  117  118  115  118  113   2159
               226   105   99  103   95  104  106  105  107  109  113  115  116  117  118  119  117  117  113  106  107  106  105  104  104   2610
               227   103  102  100   97   92   91   83   82   83   84   81   81   81   82   82   83   83   82   83   82   81   80   80   80   2058
               228    80   80   80   79   79   79   79   80   81   82   84   86   87   88   90   90   92   91   93   93   93   96   96   94   2072
              ------------------------------------------------------------------------------------------------------------------------------------
              TOTAL 2579 2583 2570 2571 2569 2536 2516 2537 2563 2600 2629 2659 2695 2731 2745 2744 2761 2686 2656 2652 2617 2605 2629 2607  63040
              MEAN    92   92   92   92   92   91   90   91   92   93   94   95   96   98   98   98   99   96   95   95   93   93   94   93   2251
              MAX    123  117  125  125  128  129  125  131  130  133  135  136  137  137  138  137  131  116  110  117  118  115  118  113   2919
                N     28   28   28   28   28   28   28   28   28   28   28   28   28   28   28   28   28   28   28   28   28   28   28   28     28
              NOTE                                                                                                                                
                                                                                                                                                  
                   *): WITH MISSING DATA; TOTAL,MEAN,MAXIMUM ESTIMATED                                                                            
                                                                                                                                                  
                                                                                                                                                  
                                                                                                                                                  
                                                                                                                                                  
                                                                                                                                                  
