                                                                                                                                                  
                                                                                                                                                  
                                                                *******************************                                                   
                                                                  DOWNWARD LONGWAVE RADIATION                                                     
                                                                *******************************                                                   
                                                                                                                  COUNTRY = JAPAN                 
                                                                                                                                                  
                                                                                                                                                  
                                                                     UNIT  = 0.01 MJ/m**2                                                         
                        STATION    : Tateno                                                                                                       
                        STATION NO.: 47646                                                                                                        
                        LOCATION   : 140ﾟ08' E                                                                                                    
                                      36ﾟ03' N                                                                                                    
                        ALTITUDE   :   25.2  m                                                                                                    
                        YEAR/MONTH : 2021/05                                                                                                      
                                                                                                                                                  
              DATE   -01  -02  -03  -04  -05  -06  -07  -08  -09  -10  -11  -12  -13  -14  -15  -16  -17  -18  -19  -20  -21  -22  -23  -24  TOTAL
                                                                                                                                                  
               5 1   107  106  106  106  106  105  109  114  113  122  121  134  136  125  119  130  130  128  134  138  135  124  126  128   2902
               5 2   115  125  123  123  136  120  124  133  129  129  121  127  129  126  122  124  129  115  105  120  124  109  107  107   2922
               5 3   105   99   98   97  102  104   98   99  102  109  109  114  120  114  120  115  125  125  111  106  105  104  103  103   2587
               5 4   103  102  102  101  100  101  102  104  106  108  111  114  116  118  120  122  123  120  117  116  116  116  117  114   2669
               5 5   115  116  115  115  111  112  121  120  125  134  138  138  138  140  140  139  140  140  139  138  138  138  137  137   3124
               5 6   140  140  140  140  140  141  141  138  138  139  139  128  120  118  115  118  115  114  114  113  113  114  119  126   3063
               5 7   125  125  125  125  123  122  122  120  126  132  139  142  144  143  143  140  138  141  140  140  139  139  134  132   3199
               5 8   135  120  112  112  113  111  111  113  115  117  125  128  132  138  140  137  135  135  135  135  136  136  136  133   3040
               5 9   132  131  131  130  128  126  124  123  121  123  127  130  130  131  139  140  138  128  125  122  131  126  122  113   3071
               510   112  108  107  109  108  106  115  114  110  108  109  111  112  114  116  120  124  134  139  139  138  137  137  135   2862
               511   134  133  133  131  116  116  131  132  133  133  133  134  134  135  132  117  116  115  117  116  125  124  118  119   3027
               512   117  119  115  107  114  116  108  111  113  116  118  119  121  122  124  126  127  129  131  127  127  127  125  128   2887
               513   130  133  135  136  137  138  137  135  136  138  140  141  142  141  142  142  142  141  142  143  143  142  139  137   3332
               514   140  140  132  126  137  124  121  121  127  129  129  129  130  132  135  136  139  130  128  127  137  129  129  133   3140
               515   136  133  135  123  124  129  132  135  129  131  140  145  146  139  144  148  144  130  127  128  123  122  121  121   3185
               516   121  120  123  128  130  128  125  125  130  142  143  141  143  147  146  147  148  148  148  148  149  150  150  150   3330
               517   150  148  147  148  151  152  152  153  151  150  150  152  151  148  150  150  150  148  148  147  148  148  147  149   3588
               518   148  150  152  153  152  149  148  148  146  146  147  147  146  146  146  145  144  144  143  143  142  142  141  141   3509
               519   140  140  141  140  140  140  141  141  141  141  142  142  143  143  142  143  142  143  143  143  143  143  143  143   3403
               520   143  143  142  132  139  126  124  130  132  135  141  145  145  147  142  143  139  141  146  144  145  147  148  148   3367
               521   149  149  148  147  148  149  151  154  154  154  152  149  149  152  152  152  152  153  153  149  145  143  144  144   3592
               522   144  144  140  140  139  141  143  142  139  143  143  145  144  143  143  142  142  141  142  140  140  141  140  140   3401
               523   138  138  138  138  133  132  131  124  132  138  138  133  131  134  136  131  129  127  137  132  124  122  122  124   3162
               524   126  123  120  117  117  119  123  123  126  126  131  138  143  146  148  148  148  147  145  144  143  142  140  139   3222
               525   127  122  124  131  122  121  123  125  128  127  128  134  141  147  144  148  138  133  128  125  124  124  125  123   3112
               526   120  119  113  110  108  106  107  114  119  119  120  125  127  123  128  130  130  129  131  127  125  128  132  133   2923
               527   134  134  134  135  136  137  138  138  140  139  139  140  138  139  140  140  141  140  140  139  138  134  128  124   3285
               528   123  123  121  120  120  121  130  123  124  126  127  131  136  137  137  137  134  133  131  132  132  132  132  134   3096
               529   135  133  133  132  134  131  131  131  131  133  134  136  137  138  137  137  133  127  126  129  128  127  132  145   3190
               530   143  136  133  131  140  137  135  134  129  127  127  124  124  126  126  124  127  133  132  139  130  120  123  135   3135
               531   120  119  133  134  136  130  135  124  120  135  142  143  137  137  135  126  123  123  129  132  142  140  138  138   3171
              ------------------------------------------------------------------------------------------------------------------------------------
              TOTAL 4007 3971 3951 3917 3940 3890 3933 3941 3965 4049 4103 4159 4185 4189 4203 4197 4185 4135 4126 4121 4128 4070 4055 4076  97496
              MEAN   129  128  127  126  127  125  127  127  128  131  132  134  135  135  136  135  135  133  133  133  133  131  131  131   3145
              MAX    150  150  152  153  152  152  152  154  154  154  152  152  151  152  152  152  152  153  153  149  149  150  150  150   3592
                N     31   31   31   31   31   31   31   31   31   31   31   31   31   31   31   31   31   31   31   31   31   31   31   31     31
              NOTE                                                                                                                                
                                                                                                                                                  
                   *): WITH MISSING DATA; TOTAL,MEAN,MAXIMUM ESTIMATED                                                                            
                                                                                                                                                  
                                                                                                                                                  
