                                                                                                                                                  
                                                                                                                                                  
                                                                *******************************                                                   
                                                                  DOWNWARD LONGWAVE RADIATION                                                     
                                                                *******************************                                                   
                                                                                                                  COUNTRY = JAPAN                 
                                                                                                                                                  
                                                                                                                                                  
                                                                     UNIT  = 0.01 MJ/m**2                                                         
                        STATION    : Tateno                                                                                                       
                        STATION NO.: 47646                                                                                                        
                        LOCATION   : 140ﾟ08' E                                                                                                    
                                      36ﾟ03' N                                                                                                    
                        ALTITUDE   :   25.2  m                                                                                                    
                        YEAR/MONTH : 2021/06                                                                                                      
                                                                                                                                                  
              DATE   -01  -02  -03  -04  -05  -06  -07  -08  -09  -10  -11  -12  -13  -14  -15  -16  -17  -18  -19  -20  -21  -22  -23  -24  TOTAL
                                                                                                                                                  
               6 1   137  135  132  132  139  130  128  121  124  128  133  127  123  129  127  125  125  131  123  120  120  120  125  129   3063
               6 2   122  124  130  136  130  133  135  131  135  139  145  143  138  136  135  137  134  132  131  130  128  128  127  128   3187
               6 3   126  125  126  132  133  137  135  132  135  133  140  138  138  134  133  129  130  132  135  136  131  142  144  144   3220
               6 4   148  147  146  146  147  146  147  148  149  150  151  152  152  152  153  153  154  155  157  154  152  149  147  147   3602
               6 5   147  144  144  145  145  144  145  145  145  144  145  147  142  147  143  143  142  141  141  143  142  140  141  140   3445
               6 6   140  140  141  141  140  141  143  145  146  145  145  146  148  149  147  142  137  133  133  137  138  138  139  140   3394
               6 7   140  140  140  140  139  140  140  141  143  144  144  145  142  135  135  138  137  137  134  136  134  132  131  130   3317
               6 8   129  128  125  125  125  125  126  129  132  134  137  140  143  143  152  151  149  147  148  143  137  137  134  130   3269
               6 9   126  123  122  121  120  119  121  123  124  126  128  131  131  128  129  128  128  127  126  125  124  123  122  122   2997
               610   121  121  121  120  124  143  144  143  133  126  129  133  139  139  137  137  137  135  132  129  127  125  125  125   3145
               611   129  125  125  124  133  124  125  129  132  132  134  135  139  136  130  128  127  127  128  125  124  124  125  124   3084
               612   123  122  122  122  123  123  129  133  133  142  143  140  140  140  136  139  140  136  134  134  134  133  133  137   3191
               613   143  142  144  139  135  134  134  140  148  148  146  146  148  147  147  144  142  145  143  147  146  142  143  143   3436
               614   145  145  145  145  145  143  143  141  145  150  150  153  148  146  145  145  144  148  145  142  140  139  138  131   3461
               615   135  129  128  128  128  129  131  137  137  141  146  146  152  151  150  144  142  150  150  149  146  139  142  143   3373
               616   142  142  139  138  140  140  142  141  144  143  143  144  149  149  149  150  149  145  143  141  142  141  141  140   3437
               617   140  143  146  144  141  138  137  141  145  142  138  140  135  130  128  131  142  136  126  132  133  130  121  121   3260
               618   124  125  119  120  120  120  122  125  128  128  131  134  139  140  141  152  143  143  143  143  143  143  142  144   3212
               619   145  144  145  146  146  145  147  146  145  145  145  147  149  149  150  150  148  148  147  146  148  147  147  148   3523
               620   147  148  148  148  148  148  149  149  149  150  151  151  147  140  142  145  146  145  142  147  146  145  147  139   3517
               621   129  131  127  129  129  130  131  133  141  141  145  141  143  136  132  130  133  138  140  133  133  132  130  127   3214
               622   126  125  125  124  126  132  135  135  138  144  146  148  147  148  149  145  146  144  142  139  137  139  139  139   3318
               623   138  138  139  138  137  144  145  141  145  143  147  147  146  146  146  143  146  140  139  137  135  145  148  147   3420
               624   136  137  137  134  130  128  129  134  133  145  149  148  150  140  148  139  139  144  145  141  145  146  142  145   3364
               625   139  131  131  132  140  139  136  137  143  150  151  146  146  148  147  151  146  139  137  140  137  136  138  139   3379
               626   140  137  139  140  133  129  135  134  134  135  138  142  143  144  145  144  143  142  143  144  145  147  146  145   3367
               627   145  143  143  141  141  137  141  148  146  142  144  146  145  149  149  148  145  145  145  145  144  143  140  139   3454
               628   138  132  130  130  129  130  132  134  140  139  145  148  140  139  139  138  137  140  142  142  147  147  143  144   3325
               629   146  148  147  147  147  148  149  150  150  150  146  150  152  143  151  147  152  154  148  145  147  145  144  146   3552
               630   144  145  145  145  144  144  145  146  146  147  148  149  148  150  150  150  147  149  149  148  148  149  149  148   3533
              ------------------------------------------------------------------------------------------------------------------------------------
              TOTAL 4090 4059 4051 4052 4057 4063 4101 4132 4188 4226 4283 4303 4302 4263 4265 4246 4230 4228 4191 4173 4153 4146 4133 4124 100059
              MEAN   136  135  135  135  135  135  137  138  140  141  143  143  143  142  142  142  141  141  140  139  138  138  138  137   3335
              MAX    148  148  148  148  148  148  149  150  150  150  151  153  152  152  153  153  154  155  157  154  152  149  149  148   3602
                N     30   30   30   30   30   30   30   30   30   30   30   30   30   30   30   30   30   30   30   30   30   30   30   30     30
              NOTE                                                                                                                                
                                                                                                                                                  
                   *): WITH MISSING DATA; TOTAL,MEAN,MAXIMUM ESTIMATED                                                                            
                                                                                                                                                  
                                                                                                                                                  
                                                                                                                                                  
