                                                                                                                                                  
                                                                                                                                                  
                                                                *******************************                                                   
                                                                  DOWNWARD LONGWAVE RADIATION                                                     
                                                                *******************************                                                   
                                                                                                                  COUNTRY = JAPAN                 
                                                                                                                                                  
                                                                                                                                                  
                                                                     UNIT  = 0.01 MJ/m**2                                                         
                        STATION    : Tateno                                                                                                       
                        STATION NO.: 47646                                                                                                        
                        LOCATION   : 140ﾟ08' E                                                                                                    
                                      36ﾟ03' N                                                                                                    
                        ALTITUDE   :   25.2  m                                                                                                    
                        YEAR/MONTH : 2021/04                                                                                                      
                                                                                                                                                  
              DATE   -01  -02  -03  -04  -05  -06  -07  -08  -09  -10  -11  -12  -13  -14  -15  -16  -17  -18  -19  -20  -21  -22  -23  -24  TOTAL
                                                                                                                                                  
               4 1   130  125  127  128  126  126  120  117  122  128  119  113  112  111  111  110  110  110  111  110  109  114  116  116   2821
               4 2   124  128  128  129  126  119  120  122  116  109  119  124  117  116  114  113  111  110  109  108  108  123  114  116   2823
               4 3   119  117  121  125  126  128  120  109  109  113  123  125  125  125  131  132  134  123  124  119  113  113  113  113   2900
               4 4   113  115  132  134  135  135  136  136  136  136  129  135  139  140  139  140  140  140  139  139  140  140  142  143   3253
               4 5   143  141  140  140  140  140  139  140  139  136  135  134  131  129  129  126  126  123  115  103   95   93   93   93   3023
               4 6    92   93   93   92   93   93   93   96  112  121  109  110  119  107  104  109  115  112  105  106  101  105  118  116   2514
               4 7   115  102  114   98   96   97   99   97   98  100  101  103  105  107  106  106  107  107  106  105  107  109  109  111   2505
               4 8   119  103  110  106  111  111  105  101  100  101  105  111  114  113  115  111  110  106  107  106  105  106  117  101   2594
               4 9   101   98  102   94   93   91   97  101   91   93   95   96   99  105  106  111  120  120  122  124  121  120  118  115   2533
               410   115  115  115  112   90   87   86   87   89   90   91   93   94   95   96   96   96   96   95   96   96   96   95   95   2316
               411    95   95   94   93   93   93   93   96   97  111  114  110  112  106  105  104  103  103  103  102  103  101  101  101   2428
               412   101  101  100  100   99  104  110  105  110  116  120  117  123  124  121  116  108  107  107  110  111  116  116  117   2659
               413   123  122  127  129  126  122  121  128  131  129  130  135  131  138  138  138  138  138  139  133  133  130  134  139   3152
               414   139  137  141  142  143  144  144  145  143  144  145  146  146  145  142  139  136  133  131  129  126  125  123  121   3309
               415   108   92   91   88   86   86   87   88   90   91   93   94   95   96   98  100  103  105  106  108  107  109  107  103   2331
               416   101  104   99   99   98   97   99  107  122  124  125  126  131  130  123  128  131  130  125  128  131  131  131  130   2850
               417   129  130  130  130  130  129  130  132  133  132  136  135  136  133  134  136  136  135  136  137  136  138  138  140   3211
               418   141  139  139  120  133  130  128  130  119  112  104  104  108  108  104  104  101  101  100  101  103  107  109  111   2756
               419   111  100   98   97   97   96   97   98   99  101  102  101  102  101  103  104  105  105  104  104  103  102  103  103   2436
               420   103  104  103  101  100   98   99  101  103  106  108  111  114  115  115  115  115  113  112  110  109  107  106  109   2577
               421   104  103  102   99   98   98  100  102  103  105  107  109  110  111  112  112  111  113  110  106  102  102  100   98   2517
               422    98   98   97   97   96   95   96   96   98  101  104  109  116  118  119  119  115  105  103  105  100   98   98   98   2479
               423    96   95   95   96   94   95   94   95   97   98  100  100  100  101  102  102  102  101  100  100  100  100  100  100   2363
               424   100  102  103   99   97   99   98  100  102  104  108  110  112  117  116  112  113  112  109  107  106  106  105  104   2541
               425   105  105  105  105  105  108  119  118  121  119  114  123  126  121  129  133  121  121  116  126  108  109  108  100   2765
               426    99   91   90   89   89   89   90   90   90   91   92   94   96   98   98   99   99   98   98   96   94   94   93   93   2250
               427    93   93   91   92   91   91   93   94   96   98  101  105  116  124  121  120  118  116  123  112  109  109  108  108   2522
               428   107  106  106  106  105  105  108  109  111  116  131  134  132  130  132  127  130  128  135  127  132  124  132  133   2906
               429   133  131  134  134  135  137  139  140  139  140  141  141  140  140  139  140  139  137  138  139  138  141  141  143   3319
               430   145  138  135  117  107  104  105  106  108  109  111  114  116  118  128  122  120  119  118  129  125  120  110  108   2832
              ------------------------------------------------------------------------------------------------------------------------------------
              TOTAL 3402 3323 3362 3291 3258 3247 3265 3286 3324 3374 3412 3462 3517 3522 3530 3524 3513 3467 3446 3425 3371 3388 3398 3378  81485
              MEAN   113  111  112  110  109  108  109  110  111  112  114  115  117  117  118  117  117  116  115  114  112  113  113  113   2716
              MAX    145  141  141  142  143  144  144  145  143  144  145  146  146  145  142  140  140  140  139  139  140  141  142  143   3319
                N     30   30   30   30   30   30   30   30   30   30   30   30   30   30   30   30   30   30   30   30   30   30   30   30     30
              NOTE                                                                                                                                
                                                                                                                                                  
                   *): WITH MISSING DATA; TOTAL,MEAN,MAXIMUM ESTIMATED                                                                            
                                                                                                                                                  
                                                                                                                                                  
                                                                                                                                                  
