                                                                                                                                                  
                                                                                                                                                  
                                                                *******************************                                                   
                                                                  DOWNWARD LONGWAVE RADIATION                                                     
                                                                *******************************                                                   
                                                                                                                  COUNTRY = JAPAN                 
                                                                                                                                                  
                                                                                                                                                  
                                                                     UNIT  = 0.01 MJ/m**2                                                         
                        STATION    : Tateno                                                                                                       
                        STATION NO.: 47646                                                                                                        
                        LOCATION   : 140ﾟ08' E                                                                                                    
                                      36ﾟ03' N                                                                                                    
                        ALTITUDE   :   25.2  m                                                                                                    
                        YEAR/MONTH : 2021/11                                                                                                      
                                                                                                                                                  
              DATE   -01  -02  -03  -04  -05  -06  -07  -08  -09  -10  -11  -12  -13  -14  -15  -16  -17  -18  -19  -20  -21  -22  -23  -24  TOTAL
                                                                                                                                                  
              11 1   132  134  115  133  135  135  134  135  135  135  137  130  131  140  139  139  139  139  135  139  135  139  138  140   3243
              11 2   134  140  138  121  115  132  126  115  126  125  126  128  123  119  120  117  116  114  114  115  114  110  109  114   2911
              11 3   119  109  108  108  115  116  107  106  107  108  110  112  113  113  112  113  113  113  111  111  107  107  107  106   2651
              11 4   105  105  103  102  102  100  103  101  102  104  105  107  108  108  108  110  110  109  110  110  110  109  107  120   2558
              11 5   113  108  104  103  103  102  102  102  103  105  106  107  109  110  112  113  109  108  107  107  106  106  105  104   2554
              11 6   103  107  104  113  102  102  101  102  102  104  106  106  106  108  109  108  108  107  107  108  108  107  107  107   2542
              11 7   109  114  118  119  113  113  105  104  103  106  111  113  116  116  117  116  113  115  124  127  124  119  132  137   2784
              11 8   137  136  134  125  117  119  121  115  113  122  117  121  119  115  114  113  114  121  129  124  121  131  130  117   2925
              11 9   131  135  136  139  139  141  142  141  140  145  145  147  146  147  147  144  145  146  147  144  143  142  122  124   3378
              1110   130  122  133  133  126  120  119  107  115  115  110  109  111  126  128  123  110  104  102  100  100   99   99   99   2740
              1111    99   98   97   97   97   96   96   96   98  100  102  103  105  108  109  108  108  107  106  105  104  103  102  102   2446
              1112   101  100   98   98   98   97   97   96   98   99  101  103  106  109  107  106  111  107  110  106  104  104  113  103   2472
              1113    97   96   95   94   94   94   98   93   95   97   99  100  101  102  102  102  102  102  101  100   99   99  100  100   2362
              1114   102  106  112  112  111  108  100  101  102  116  105  106  109  111  109  109  109  108  107  106  105  103  102  100   2559
              1115    99   99  100   99   97   97   97   98  100  102  103  104  106  108  108  108  108  107  109  109  109  107  106  106   2486
              1116   105  113  117  127  127  126  126  116  124  121  130  114  126  118  114  114  108  109  108  107  104  105  111  110   2780
              1117   113  114  112  107  108   99  101  110  101  102  103  105  107  105  104  104  103  103  103  102  102  102  102  102   2514
              1118   100   99  100  108  111  109  106  115  111  113  117  121  120  116  121  112  108  109  119  113  107  105  104  102   2646
              1119   101  100  101  103   99  100  102   98  100  104  102  104  107  108  106  105  105  109  108  108  108  105  102  100   2485
              1120    99  101   99  100  100  100   99  100  103  105  106  108  109  108  107  106  105  104  104  105  104  103  106  107   2488
              1121   125  128  124  103  103  102  102  105  116  124  127  121  120  123  118  132  135  135  135  135  134  134  134  135   2950
              1122   135  135  135  136  136  136  137  137  136  136  135  136  137  135  137  139  140  142  144  142  137  137  136  134   3290
              1123   133  132  130  130  129  128  126  124  125  125  121  117  119  115  118  118  108  105  107  113  100   95   94   93   2805
              1124    91   90   91   91   91   90   90   91   91   94   96   97   97   98   98   98   97   95   94   93   93   93   93   93   2245
              1125    92   91   91   90   90   91   90   91   92   94   97   99  102  103  104  104  103  102  101  101  100   99   99  108   2334
              1126   109   99   97   96   95   94   93   93   94   96   98   99  100  101  102  102  102  102  102  102  101   99   95   95   2366
              1127    93   92   90   90   90   90   90   89   90   91   92   91   91   91   90   89   89   89   89   88   88   88   87   87   2154
              1128    87   87   86   86   86   86   86   87   88   89   90   91   92   93   94   95   95   93   92   91   90   89   89   89   2151
              1129    88   88   88   87   87   86   86   87   89   91   95  101  102  106  101   98   97   97   96   96   95   94   94   93   2242
              1130    92   92   91   91   90   89   88   88   89   92   96   99  102  106  107  111  120  130  123  124  123  130  130  129   2532
              ------------------------------------------------------------------------------------------------------------------------------------
              TOTAL 3274 3270 3247 3241 3206 3198 3170 3143 3188 3260 3288 3299 3340 3366 3362 3356 3330 3331 3344 3331 3275 3263 3255 3256  78593
              MEAN   109  109  108  108  107  107  106  105  106  109  110  110  111  112  112  112  111  111  111  111  109  109  109  109   2620
              MAX    137  140  138  139  139  141  142  141  140  145  145  147  146  147  147  144  145  146  147  144  143  142  138  140   3378
                N     30   30   30   30   30   30   30   30   30   30   30   30   30   30   30   30   30   30   30   30   30   30   30   30     30
              NOTE                                                                                                                                
                                                                                                                                                  
                   *): WITH MISSING DATA; TOTAL,MEAN,MAXIMUM ESTIMATED                                                                            
                                                                                                                                                  
                                                                                                                                                  
                                                                                                                                                  
