                                                                                                                                                  
                                                                                                                                                  
                                                                *******************************                                                   
                                                                  DOWNWARD LONGWAVE RADIATION                                                     
                                                                *******************************                                                   
                                                                                                                  COUNTRY = JAPAN                 
                                                                                                                                                  
                                                                                                                                                  
                                                                     UNIT  = 0.01 MJ/m**2                                                         
                        STATION    : Tateno                                                                                                       
                        STATION NO.: 47646                                                                                                        
                        LOCATION   : 140ﾟ08' E                                                                                                    
                                      36ﾟ03' N                                                                                                    
                        ALTITUDE   :   25.2  m                                                                                                    
                        YEAR/MONTH : 2021/01                                                                                                      
                                                                                                                                                  
              DATE   -01  -02  -03  -04  -05  -06  -07  -08  -09  -10  -11  -12  -13  -14  -15  -16  -17  -18  -19  -20  -21  -22  -23  -24  TOTAL
                                                                                                                                                  
               1 1    77   77   77   76   76   76   77   77   79   81   83   84   85   87   87   86   86   84   83   83   83   83   83   82   1952
               1 2    81   80   80   79   80   79   79   79   81   83   85   87   88   88   89   89   88   88   87   86   85   84   83   84   2012
               1 3    80   80   79   79   79   78   80   79   79   81   83   84   86   89   87   87   87   87   87   93   96  101  103  103   2067
               1 4   101  101   97   97   89   89   95   91   84   82   84   86   87   89   90   90   90   90   90   90   88   89   89   88   2166
               1 5    88   88   91   92   91  101  102   99   97   95  105  109  103  100  101  104  106  102  106  105  109  110  104   95   2403
               1 6    99  106  104  100   98   93   91   95  103   93  102  110  112  113  111  113  114  113  112  112  105  104  111  112   2526
               1 7   115  115  110  103  105   99  100   96   93   88   89   91   94   94   94   96   96   92   94   88   84   84   82   77   2279
               1 8    76   76   75   75   74   75   83   89   82   78   77   78   78   79   81   81   83   80   79   78   78   83   78   75   1891
               1 9    74   73   73   73   72   72   72   72   73   74   75   76   77   78   78   79   79   78   78   78   79   78   78   77   1816
               110    76   75   74   73   73   73   74   74   74   76   78   79   80   81   81   82   82   81   81   80   80   80   80   82   1869
               111    80   79   78   77   77   76   77   78   84   92   94   96   96   93   93   88   96   88   87   86   89   88   92  106   2090
               112   109  110  110  112  114  115  114  101  115  116  108  117  117  118  118  118  116  116  116  115  109   97  115  110   2706
               113    88   85   85   84   83   82   81   86   81   82   84   86   88   90   91   91   91   91   90   89   89   89   90  102   2098
               114    98   91   88   87   86   86   85   84   86   88   90   93   95   97   98   99   99   98   97   95   94   93   93   91   2211
               115    90   89   91  107  115  118  116  118  119  119  119  120  120  120  120  118  120  121  122  122  122  122  122  122   2772
               116   115  117  120  108  115  117  108   91   91   93   97  105  104  105  106  106  112  107  109  112  110  106  112  116   2582
               117   114  110  110  110  107  102  107  106  106  111  113  115  115  115  105  100  101  106  111   97   87   98  104   90   2540
               118    85   84   85   83   83   95  107  101  102  110  105  105  102   89   89   89   89   89   91  106   90   87   86   84   2236
               119    83   82   82   82   83   83   81   81   80   80   81   82   81   81   80   79   79   77   76   75   75   75   75   75   1908
               120    75   75   75   75   75   75   75   75   75   77   78   79   80   81   82   82   82   82   81   82   82   82   83   82   1890
               121    86  100   94   88   84   83   83   83   84   86   88   91   91   92   93   93   93   93   92   91   91   94   90   88   2151
               122    91  106   97   87   86   87   89   89   90   92   95   97  104  109  109  107  104  103  117  108  109  106  106  109   2397
               123   117  119  122  122  122  122  122  122  121  121  121  120  119  119  118  118  118  118  118  119  119  119  118  118   2872
               124   118  118  117  117  117  117  117  117  117  117  117  118  119  118  118  117  119  118  118  117  118  117  115  114   2815
               125   115  114  112  104   95   91   90   88   88   89   90   92   93   95   96   94   93   92   92   93   93   92   91   90   2282
               126    91   90   89   89   88   88   87   94   95  104  107  109  119  125  117  117  121  123  118  123  123  116  122  123   2578
               127   123  122  122  125  124  123  122  120  121  127  127  119  117  110  121  122  109   99   96   95   93   92   92   91   2712
               128    89   96   96   96   94   93   95   93  100  109  114  113  116  118  116  115  115  115  115  113  114  115  116  116   2572
               129   117  117  115  111  102  109   88   90   87   84   83   83   83   82   83   82   81   80   79   79   78   77   77   77   2144
               130    78   77   77   77   77   76   75   75   76   78   79   80   80   80   81   81   81   81   80   80   80   81   80   81   1891
               131    81   81   82   82   83   82   81   81   82   83   85   87   88   88   87   86   85   85   85   84   83   83   82   83   2009
              ------------------------------------------------------------------------------------------------------------------------------------
              TOTAL 2910 2933 2907 2870 2847 2855 2853 2824 2845 2889 2936 2991 3017 3023 3020 3009 3015 2977 2987 2974 2935 2925 2952 2943  70437
              MEAN    94   95   94   93   92   92   92   91   92   93   95   96   97   98   97   97   97   96   96   96   95   94   95   95   2272
              MAX    123  122  122  125  124  123  122  122  121  127  127  120  120  125  121  122  121  123  122  123  123  122  122  123   2872
                N     31   31   31   31   31   31   31   31   31   31   31   31   31   31   31   31   31   31   31   31   31   31   31   31     31
              NOTE                                                                                                                                
                                                                                                                                                  
                   *): WITH MISSING DATA; TOTAL,MEAN,MAXIMUM ESTIMATED                                                                            
                                                                                                                                                  
                                                                                                                                                  
