                                                                                                                                                  
                                                                                                                                                  
                                                                *******************************                                                   
                                                                  DOWNWARD LONGWAVE RADIATION                                                     
                                                                *******************************                                                   
                                                                                                                  COUNTRY = JAPAN                 
                                                                                                                                                  
                                                                                                                                                  
                                                                     UNIT  = 0.01 MJ/m**2                                                         
                        STATION    : Tateno                                                                                                       
                        STATION NO.: 47646                                                                                                        
                        LOCATION   : 140ﾟ08' E                                                                                                    
                                      36ﾟ03' N                                                                                                    
                        ALTITUDE   :   25.2  m                                                                                                    
                        YEAR/MONTH : 2022/12                                                                                                      
                                                                                                                                                  
              DATE   -01  -02  -03  -04  -05  -06  -07  -08  -09  -10  -11  -12  -13  -14  -15  -16  -17  -18  -19  -20  -21  -22  -23  -24  TOTAL
                                                                                                                                                  
              12 1   128  127  126  126  125  125  125  124  123  123  123  123  122  122  122  122  122  121  122  122  122  122  123  123   2963
              12 2   123  122  119  118  118  117  116  109   99   99   98  105  102  100  101   98   94   91   90   90   95   99  100   93   2496
              12 3    90   95  108  115  113  116  115  120  121  120  120  114  119  106  104  102   98   95   95   96   97  102  109  110   2580
              12 4   100   96   92   92   93   93   96   96   94   94   98   99  116  123  123  121  118  110  104  108  114  112  112  112   2516
              12 5   103  118  109  122  123  122  122  122  121  121  120  121  121  121  121  121  120  120  119  121  121  121  120  120   2870
              12 6   120  119  119  119  118  118  118  118  119  119  121  121  122  122  122  116  104  100   95  101   94   92   92   91   2680
              12 7   114  120  118  118  115  116  116  110   90   88   90   92   94   94   98   99  103  102   99  101   97   94   93   91   2452
              12 8    90   89   89   88   88   89   89   89   89   91   93   94   96   97   99   99   99   97   95   94   94   93   92   92   2225
              12 9    98  100  100  111   97   96   99  111  103  109  116  111  111  115  115  114  107  103   99  100  100  101  103  110   2529
              1210   104   99   97   93   93   90   90   90   91   91   93   95   98  100  101  102  102  101  104  104  120  119  114  109   2400
              1211   101  101   98   98  101  102   98   99  102   99  102  110  111  118  124  122  119  119  120  122  120  119  119  118   2642
              1212   116  113  112  109  105   95   88   87   87   88   89   90   91   91   92   93   93   99   95   95   92   92   95   97   2304
              1213   102  105  112  116  117  118  121  120  121  121  122  124  116  122  117  103   96   95   95   95   95   95   94   94   2616
              1214    93   93   93  100  114  114  110  105   92   90   93   98  109   96   95   92   88   86   84   83   83   82   82   83   2258
              1215    83   83   83   82   84   89   93   92   85   86   88   89   89   90   91   91   91   90   90   89   87   86   86   86   2103
              1216    86   86   86   87   87   87   87   87   87   90   92   94   94   95   96   97   96   94   94   92   90   90   89   89   2172
              1217   105  110  111  116  116  116  113  115  116  118  119  121  119  117  115  115  114  114  115  117  119  119  119  118   2777
              1218   118  119  117  114  114  111  109  110  100   86   87   92   97   88   83   81   81   80   79   78   77   77   77   76   2251
              1219    76   76   77   76   77   77   77   77   78   79   80   82   83   84   84   84   84   85   83   82   82   82   82   81   1928
              1220    81   81   81   81   81   80   80   81   81   83   85   86   87   88   88   88   88   87   87   87   87   86   86   85   2025
              1221    87   93  100  108  105  109  109  107  109  110  106  105  102  101  120  114   94   93  106  106  113  114  111  119   2541
              1222   119  118  117  118  120  121  122  123  124  127  125  127  126  126  126  125  126  123  116  124  118  109  108   88   2876
              1223    86   84   84   83   83   82   82   82   80   79   81   79   78   78   79   79   78   77   77   76   76   75   75   74   1907
              1224    75   75   76   76   76   77   77   79   80   84   88   89   89   90   90   89   89   89   88   87   87   87   86   86   2009
              1225    86   86   85   86   86   85   84   84   85   87   88   89   89   90   90   89   87   86   85   85   85   85   84   84   2070
              1226    83   84   83   83   83   83   83   83   84   86   87   90   94   92   94   90   88   87   86   85   85   84   84   83   2064
              1227    83   83   83   82   82   82   82   82   83   85   86   87   89   90   91   91   91   90   90   89   88   88   87   86   2070
              1228    86   86   86   87   99  110  106  106  107   96   92   92   97   94   94   94   95   94   97   96   92   90   89   89   2274
              1229    88   88   88   87   87   86   86   85   86   88   90   92   92   93   93   93   92   91   90   89   87   87   86   87   2131
              1230    86   86   85   85   84   84   84   85   87   96   89   91   90   93   92   90   91   90   88   87   86   86   85   85   2105
              1231    84   84   84   84   84   84   83   84   87   92  110  111  106   99   93   92   91   91   90   90   89   88   87   87   2174
              ------------------------------------------------------------------------------------------------------------------------------------
              TOTAL 2994 3019 3018 3060 3068 3074 3060 3062 3011 3025 3071 3113 3149 3135 3153 3106 3039 3000 2977 2991 2992 2976 2969 2946  73008
              MEAN    97   97   97   99   99   99   99   99   97   98   99  100  102  101  102  100   98   97   96   96   97   96   96   95   2355
              MAX    128  127  126  126  125  125  125  124  124  127  125  127  126  126  126  125  126  123  122  124  122  122  123  123   2963
                N     31   31   31   31   31   31   31   31   31   31   31   31   31   31   31   31   31   31   31   31   31   31   31   31     31
              NOTE                                                                                                                                
                                                                                                                                                  
                   *): WITH MISSING DATA; TOTAL,MEAN,MAXIMUM ESTIMATED                                                                            
                                                                                                                                                  
                                                                                                                                                  
