                                                                                                                                                  
                                                                                                                                                  
                                                                *******************************                                                   
                                                                  DOWNWARD LONGWAVE RADIATION                                                     
                                                                *******************************                                                   
                                                                                                                  COUNTRY = JAPAN                 
                                                                                                                                                  
                                                                                                                                                  
                                                                     UNIT  = 0.01 MJ/m**2                                                         
                        STATION    : Tateno                                                                                                       
                        STATION NO.: 47646                                                                                                        
                        LOCATION   : 140ﾟ08' E                                                                                                    
                                      36ﾟ03' N                                                                                                    
                        ALTITUDE   :   25.2  m                                                                                                    
                        YEAR/MONTH : 2022/04                                                                                                      
                                                                                                                                                  
              DATE   -01  -02  -03  -04  -05  -06  -07  -08  -09  -10  -11  -12  -13  -14  -15  -16  -17  -18  -19  -20  -21  -22  -23  -24  TOTAL
                                                                                                                                                  
               4 1   122  121  119  119  118  117  117  115  111  110  109  106  100  109  114  109  108  106  109   89   92   96   90   85   2591
               4 2    84   84   84   83   83   83   82   83   85   86   90   93   97  101  103   97   97   99  100   99   96   96  100   99   2204
               4 3   103  103  116  118  109  111  111  111  116  120  123  124  126  127  122  121  125  126  124  121  118  119  120  119   2833
               4 4   122  118  120  123  126  125  125  127  128  128  130  130  132  132  133  133  132  132  131  128  127  127  126  126   3061
               4 5   126  126  125  123  120  121  126  127  128  130  130  130  133  131  123  120  107  105  106  118  124  124  128  127   2958
               4 6   127  126  116  113  121  125  130  121  119  125  122  111  110  110  109  110  110  110  109  109  109  108  108  107   2765
               4 7   106  105  106  105  105  102  101  101  103  104  104  105  108  111  113  125  112  109  117  128  128  130  129  122   2679
               4 8   109  104  106   99   96   95   96   97   99   99  101  102  104  105  105  104  105  105  105  105  103  107  105  103   2459
               4 9   105  110  104  103  102  102  102  103  106  108  113  125  127  119  117  116  115  115  114  113  114  113  112  112   2670
               410   111  111  110  110  109  107  108  108  111  113  116  118  118  120  122  122  119  119  118  117  116  114  113  111   2741
               411   111  111  112  113  111  111  111  112  118  121  121  125  125  125  123  122  125  126  124  123  121  122  119  120   2852
               412   120  123  115  115  113  113  113  114  116  118  121  123  123  123  122  120  119  119  118  116  114  114  114  114   2820
               413   114  114  115  115  115  115  116  119  119  122  124  126  129  131  134  132  130  129  127  129  130  134  143  138   3000
               414   135  129  130  129  127  131  130  131  132  132  131  130  130  129  129  129  128  128  128  127  127  128  128  128   3106
               415   128  129  129  128  128  128  128  128  129  129  129  130  130  131  131  130  129  128  128  127  127  126  126  126   3082
               416   125  125  125  124  124  123  124  123  124  123  117  107  111  111  118  108  111  109  109  112  103  102  100   98   2756
               417    98   97   97   96   96   96   96  101  101  106  116  116  122  129  126  128  131  131  131  131  131  131  130  128   2765
               418   130  130  130  114  110  114  119  118  130  132  133  137  137  136  139  139  136  135  137  136  135  132  131  129   3119
               419   121  111  116  108  105  101  102  103  104  116  112  116  111  114  121  120  130  123  118  128  128  127  125  126   2786
               420   127  126  126  126  126  127  127  127  128  129  130  131  132  133  134  135  135  133  127  131  132  130  131  134   3117
               421   132  132  131  115  111  124  129  128  116  118  121  126  132  132  133  133  134  135  135  138  138  140  141  141   3115
               422   142  142  143  141  139  138  138  131  117  119  122  124  126  127  128  128  129  128  127  126  125  123  122  120   3105
               423   120  119  123  122  121  120  124  128  130  133  128  132  127  129  136  136  133  135  136  141  133  130  131  131   3098
               424   139  138  128  125  134  123  120  127  134  136  142  140  141  143  141  140  138  138  139  139  139  136  125  119   3224
               425   115  114  113  112  111  111  112  111  114  116  120  122  124  126  128  129  129  126  122  121  119  119  120  120   2854
               426   123  137  139  133  136  142  134  137  147  146  147  150  151  151  148  150  151  152  145  144  144  143  145  151   3446
               427   151  152  151  147  147  144  143  144  143  146  144  148  141  140  145  143  141  141  143  148  146  146  144  142   3480
               428   141  139  138  137  135  134  133  132  132  131  124  125  119  110  110  110  109  109  117  116  108  108  108  107   2932
               429   107  107  107  111  126  113  132  128  135  136  136  136  135  135  134  134  133  133  130  126  124  126  126  125   3035
               430   123  119  102   97   95   95   94   95   97   99  102  102  105  115  106  102  101  100   99   99   98   98  104  119   2466
              ------------------------------------------------------------------------------------------------------------------------------------
              TOTAL 3617 3602 3576 3504 3499 3491 3523 3530 3572 3631 3658 3690 3706 3735 3747 3725 3702 3684 3673 3685 3649 3649 3644 3627  87119
              MEAN   121  120  119  117  117  116  117  118  119  121  122  123  124  125  125  124  123  123  122  123  122  122  121  121   2904
              MAX    151  152  151  147  147  144  143  144  147  146  147  150  151  151  148  150  151  152  145  148  146  146  145  151   3480
                N     30   30   30   30   30   30   30   30   30   30   30   30   30   30   30   30   30   30   30   30   30   30   30   30     30
              NOTE                                                                                                                                
                                                                                                                                                  
                   *): WITH MISSING DATA; TOTAL,MEAN,MAXIMUM ESTIMATED                                                                            
                                                                                                                                                  
                                                                                                                                                  
                                                                                                                                                  
