                                                                                                                                                  
                                                                                                                                                  
                                                                *******************************                                                   
                                                                  DOWNWARD LONGWAVE RADIATION                                                     
                                                                *******************************                                                   
                                                                                                                  COUNTRY = JAPAN                 
                                                                                                                                                  
                                                                                                                                                  
                                                                     UNIT  = 0.01 MJ/m**2                                                         
                        STATION    : Tateno                                                                                                       
                        STATION NO.: 47646                                                                                                        
                        LOCATION   : 140ﾟ08' E                                                                                                    
                                      36ﾟ03' N                                                                                                    
                        ALTITUDE   :   25.2  m                                                                                                    
                        YEAR/MONTH : 2022/10                                                                                                      
                                                                                                                                                  
              DATE   -01  -02  -03  -04  -05  -06  -07  -08  -09  -10  -11  -12  -13  -14  -15  -16  -17  -18  -19  -20  -21  -22  -23  -24  TOTAL
                                                                                                                                                  
              10 1   126  127  129  125  132  137  128  125  129  131  135  133  132  137  131  129  127  126  126  125  125  124  122  122   3083
              10 2   120  120  120  121  122  119  121  118  120  123  125  127  128  128  126  126  125  124  123  123  124  126  130  133   2972
              10 3   133  130  129  127  126  125  130  133  132  133  141  144  145  147  147  145  145  137  139  134  136  130  138  133   3259
              10 4   129  128  129  129  128  128  130  131  136  145  142  143  145  143  141  142  141  141  141  137  137  138  137  136   3277
              10 5   144  144  143  144  147  144  148  148  147  150  148  147  145  145  143  141  140  139  139  138  138  138  137  137   3434
              10 6   136  135  135  134  134  133  133  134  134  132  133  132  131  131  131  130  129  130  129  125  115  111  121  115   3103
              10 7   119  125  126  122  124  127  129  131  134  134  134  135  135  135  133  133  134  133  134  135  134  134  134  128   3142
              10 8   119  118  117  122  123  123  125  124  126  127  121  121  126  128  129  130  130  128  119  124  119  114  121  123   2957
              10 9   124  116  120  118  116  116  120  119  125  126  127  130  134  136  133  137  142  142  139  137  140  140  140  139   3116
              1010   140  140  140  140  140  140  140  141  141  142  142  143  144  145  146  146  147  135  128  129  130  130  133  133   3335
              1011   133  131  127  125  122  122  129  131  127  126  126  124  124  127  132  131  132  131  129  129  122  124  138  139   3081
              1012   133  127  129  132  131  131  132  131  134  134  135  138  137  138  138  139  139  138  137  136  136  136  137  135   3233
              1013   134  135  135  134  135  136  135  136  138  139  139  139  137  139  139  140  140  140  139  138  139  139  139  139   3303
              1014   139  138  138  139  139  139  139  139  138  137  130  144  144  147  142  135  138  141  138  139  142  145  144  146   3360
              1015   145  144  143  144  143  143  143  143  143  145  144  145  147  147  146  140  143  134  136  133  126  122  121  121   3341
              1016   121  129  119  119  120  139  140  133  140  142  139  141  147  142  143  143  142  137  129  126  137  142  138  133   3241
              1017   134  142  146  146  145  147  148  148  148  149  149  146  147  150  146  148  149  149  149  149  148  148  147  144   3522
              1018   145  144  143  142  140  140  138  136  134  134  134  134  134  133  133  133  133  133  133  133  133  132  132  131   3257
              1019   129  129  132  131  129  128  127  127  113  119  118  112  111  112  115  117  118  114  109  107  106  104  102  101   2810
              1020   100  100   99   98   97   96   96   96   98  100  102  104  105  106  106  106  107  107  106  106  106  106  105  106   2458
              1021   106  106  104  103  103  103  102  104  105  107  111  111  116  121  119  118  117  117  116  115  114  120  124  125   2687
              1022   123  125  126  124  124  122  123  122  116  126  131  131  134  134  134  131  131  131  126  120  116  114  122  124   3010
              1023   123  124  126  116  111  111  109  110  111  114  120  121  126  127  123  122  123  125  125  132  124  118  128  127   2896
              1024   133  133  133  131  129  130  130  129  129  129  129  128  126  126  125  124  125  125  126  125  124  124  124  123   3060
              1025   120  123  122  118  122  119  119  114  120  119  125  123  120  120  118  117  116  119  122  126  126  125  126  126   2905
              1026   127  125  124  125  123  114  107  101  102  102  102  102  103  107  106  103  102  101  101  101  100   99   99   98   2574
              1027    97   96   96   95   95   94   95   95   97   99  102  107  113  117  119  117  116  110  106  104  105  103  103  102   2483
              1028   101  101  102  102  115  120  121  123  122  116  116  127  131  125  120  114  113  113  112  111  112  110  109  108   2744
              1029   106  105  105  104  103  102  102  103  105  108  110  112  114  114  121  136  131  110  106  105  106  103  102  101   2614
              1030   105  104   98   97   97   96   95   97  100  102  104  105  109  108  110  107  107  107  106  111  106  105  105  103   2484
              1031   102  101  100   99   98   97   97   98  100  102  105  107  108  109  107  106  106  107  106  107  106  106  105  105   2484
              ------------------------------------------------------------------------------------------------------------------------------------
              TOTAL 3846 3845 3835 3806 3813 3821 3831 3820 3844 3892 3919 3956 3998 4024 4002 3986 3988 3924 3874 3860 3832 3810 3863 3836  93225
              MEAN   124  124  124  123  123  123  124  123  124  126  126  128  129  130  129  129  129  127  125  125  124  123  125  124   3007
              MAX    145  144  146  146  147  147  148  148  148  150  149  147  147  150  147  148  149  149  149  149  148  148  147  146   3522
                N     31   31   31   31   31   31   31   31   31   31   31   31   31   31   31   31   31   31   31   31   31   31   31   31     31
              NOTE                                                                                                                                
                                                                                                                                                  
                   *): WITH MISSING DATA; TOTAL,MEAN,MAXIMUM ESTIMATED                                                                            
                                                                                                                                                  
                                                                                                                                                  
