                                                                                                                                                  
                                                                                                                                                  
                                                                *******************************                                                   
                                                                  DOWNWARD LONGWAVE RADIATION                                                     
                                                                *******************************                                                   
                                                                                                                  COUNTRY = JAPAN                 
                                                                                                                                                  
                                                                                                                                                  
                                                                     UNIT  = 0.01 MJ/m**2                                                         
                        STATION    : Tateno                                                                                                       
                        STATION NO.: 47646                                                                                                        
                        LOCATION   : 140ﾟ08' E                                                                                                    
                                      36ﾟ03' N                                                                                                    
                        ALTITUDE   :   25.2  m                                                                                                    
                        YEAR/MONTH : 2022/08                                                                                                      
                                                                                                                                                  
              DATE   -01  -02  -03  -04  -05  -06  -07  -08  -09  -10  -11  -12  -13  -14  -15  -16  -17  -18  -19  -20  -21  -22  -23  -24  TOTAL
                                                                                                                                                  
               8 1   153  151  152  153  154  156  157  154  152  154  156  158  159  162  161  160  159  159  157  156  156  157  158  157   3751
               8 2   157  158  159  158  158  156  151  152  157  154  156  158  160  162  163  165  167  165  162  164  162  162  162  163   3831
               8 3   161  160  157  155  150  147  148  150  153  154  156  157  160  163  164  167  170  162  158  155  156  153  151  152   3759
               8 4   159  154  152  152  150  152  151  153  153  155  156  156  155  157  156  155  155  154  153  153  152  152  153  151   3689
               8 5   149  151  150  148  150  149  151  151  149  149  153  155  152  155  154  151  152  151  150  143  150  140  149  151   3603
               8 6   150  150  150  150  150  150  150  151  151  148  152  149  156  154  155  154  156  155  156  155  154  154  154  153   3657
               8 7   154  154  146  152  153  153  149  144  155  158  162  162  162  157  156  155  153  151  151  151  150  149  148  152   3677
               8 8   148  147  147  148  149  148  148  158  155  161  157  157  157  158  157  155  157  156  154  154  152  152  152  151   3678
               8 9   151  150  150  150  149  150  150  152  154  155  157  158  157  157  157  156  155  154  153  152  153  153  152  152   3677
               810   151  150  150  149  148  148  148  149  150  153  153  155  156  156  156  155  154  153  152  151  154  150  150  153   3644
               811   149  148  145  142  141  143  143  146  152  154  156  155  157  156  156  157  155  153  152  154  154  156  151  149   3624
               812   150  152  154  157  153  148  153  153  156  161  157  159  160  157  156  156  155  156  158  162  162  157  157  158   3747
               813   157  153  156  160  159  155  154  153  152  157  160  163  156  152  156  156  155  156  158  159  159  159  158  158   3761
               814   154  148  152  151  152  151  154  155  154  155  156  155  154  155  156  154  154  154  155  156  152  151  152  149   3679
               815   150  158  156  158  148  152  157  156  148  151  153  156  159  161  162  162  161  158  156  153  155  154  151  150   3725
               816   149  148  147  147  148  149  150  152  155  155  157  161  160  161  161  159  156  156  154  152  154  156  159  160   3706
               817   159  159  158  158  157  157  156  156  157  159  158  155  153  157  158  160  157  154  153  150  151  150  153  154   3739
               818   155  155  155  155  155  156  156  157  157  157  160  158  160  160  148  145  147  148  147  146  145  143  145  140   3650
               819   135  135  136  136  134  132  131  132  134  137  139  141  146  144  144  146  147  147  139  138  138  139  139  140   3329
               820   139  138  138  143  143  140  139  141  142  146  155  157  160  161  162  159  160  159  158  158  156  155  156  155   3620
               821   151  151  153  152  152  153  154  154  155  157  159  154  152  156  154  150  149  150  149  145  147  148  156  153   3654
               822   155  154  154  153  154  155  156  157  157  152  156  158  159  155  151  152  152  147  146  154  157  157  157  157   3705
               823   157  157  157  154  157  157  157  155  161  159  161  164  165  160  160  159  157  157  158  156  155  154  153  154   3784
               824   155  154  151  158  156  150  155  162  165  161  158  155  157  160  159  156  157  156  156  154  154  153  152  148   3742
               825   154  154  154  155  153  154  154  154  155  156  158  157  160  159  159  158  158  157  157  156  156  157  157  157   3749
               826   156  156  156  156  157  156  154  157  158  159  159  161  162  162  156  157  158  155  158  158  158  158  154  152   3773
               827   154  157  158  158  157  156  154  155  154  152  154  157  158  153  150  149  147  148  151  151  148  148  152  155   3676
               828   149  154  158  154  154  157  156  154  153  153  152  152  150  150  148  147  143  143  147  143  149  147  132  130   3575
               829   129  131  141  144  130  127  127  127  129  131  134  138  146  149  152  152  152  152  151  150  149  148  148  149   3386
               830   149  148  147  149  148  148  148  150  151  153  154  155  154  155  154  155  154  154  153  153  153  153  153  153   3644
               831   154  153  153  153  154  154  154  156  158  159  159  155  154  152  151  149  147  145  144  144  143  145  145  149   3630
              ------------------------------------------------------------------------------------------------------------------------------------
              TOTAL 4693 4688 4692 4708 4673 4659 4665 4696 4732 4765 4813 4831 4856 4856 4832 4811 4799 4765 4746 4726 4734 4710 4709 4705 113864
              MEAN   151  151  151  152  151  150  150  151  153  154  155  156  157  157  156  155  155  154  153  152  153  152  152  152   3673
              MAX    161  160  159  160  159  157  157  162  165  161  162  164  165  163  164  167  170  165  162  164  162  162  162  163   3831
                N     31   31   31   31   31   31   31   31   31   31   31   31   31   31   31   31   31   31   31   31   31   31   31   31     31
              NOTE                                                                                                                                
                                                                                                                                                  
                   *): WITH MISSING DATA; TOTAL,MEAN,MAXIMUM ESTIMATED                                                                            
                                                                                                                                                  
                                                                                                                                                  
