                                                                                                                                                  
                                                                                                                                                  
                                                                *******************************                                                   
                                                                  DOWNWARD LONGWAVE RADIATION                                                     
                                                                *******************************                                                   
                                                                                                                  COUNTRY = JAPAN                 
                                                                                                                                                  
                                                                                                                                                  
                                                                     UNIT  = 0.01 MJ/m**2                                                         
                        STATION    : Tateno                                                                                                       
                        STATION NO.: 47646                                                                                                        
                        LOCATION   : 140ﾟ08' E                                                                                                    
                                      36ﾟ03' N                                                                                                    
                        ALTITUDE   :   25.2  m                                                                                                    
                        YEAR/MONTH : 2022/01                                                                                                      
                                                                                                                                                  
              DATE   -01  -02  -03  -04  -05  -06  -07  -08  -09  -10  -11  -12  -13  -14  -15  -16  -17  -18  -19  -20  -21  -22  -23  -24  TOTAL
                                                                                                                                                  
               1 1    73   73   73   73   73   74   74   75   76   77   78   78   79   79   79   79   79   79   79   79   79   79   78   78   1843
               1 2    78   78   78   77   77   79  100   95  102  106  107  109  101   87   87   87   88   93   88   87   87   86   85   84   2146
               1 3    84   84   83   82   82   81   80   79   80   82   84   86   87   88   89   89   89   90   89   89   89   89   89   88   2052
               1 4    89   88   87   86   84   83   83   83   83   85   88   90   91   92   93   86   83   82   81   80   79   79   78   77   2030
               1 5    77   77   77   77   77   77   77   77   78   80   81   82   83   84   86   84   83   83   83   82   79   79   78   78   1919
               1 6    83   85   86   96   90  104   99  105  107  109  110  111  112  113  113  114  114  113  114  112  108   94   84   83   2459
               1 7    84   88   90   80   79   78   76   76   77   79   81   83   83   84   84   84   84   83   82   81   81   82   81   81   1961
               1 8    80   81   80   80   79   78   78   78   78   80   81   82   84   85   86   86   85   86   86   87   88   88   88   88   1992
               1 9    91   89   84   83   82   82   82   82   83   85   86   89   91   93   95   99   99  101   98  102  110  107  108  112   2233
               110   110  101  105  103  113  116  117  116  113  114  117  117  117  117  113  101   93  101  116  116  116  115  115  116   2678
               111   117  114  118  118  118  119  119  119  120  122  122  122  121  121  121  115  121  122  121  120  115  111  107   89   2812
               112    87   86   84   82   82   82   80   79   79   80   85   84   80   80   81   81   80   80   80   80   80   80   80   80   1952
               113    81   80   83   85   92   95   96   89   81   82   83   84   86   89   92   92   93   87   85   84   86   84   88   97   2094
               114    89   78   77   76   76   76   76   76   77   78   79   81   81   81   82   82   81   80   80   80   80   80   80   80   1906
               115    80   80   80   81   80   80   80   80   81   83   89   96   98   98  100  101   96   97   93   95   99   96   93   87   2143
               116    84   83   82   82   83   83   83   83   84   85   87   88   90   91   92   93   93   91   91   90   90   89   88   87   2092
               117    86   85   85   84   85   85   86   87   89   89   88   89   91   93  100  101   99  102  110  108  108  105   92  104   2251
               118    91   82   81   80   80   79   79   79   79   80   80   81   88   83   81   81   79   78   79   78   78   79   78   78   1931
               119    78   77   77   77   77   77   77   77   78   80   81   83   86   95   86   87   85   84   84   85   83   83   83   83   1963
               120    82   81   80   79   79   79   78   78   79   82   84   86   87   88   88   86   85   84   83   82   81   81   80   79   1971
               121    78   78   78   78   77   77   77   77   78   79   80   86   92  100   96   80   80   80   79   78   78   77   77   77   1937
               122    77   77   77   76   76   76   76   76   77   79   80   82   82   83   84   84   85   84   85   87   87   86   84   88   1948
               123   109  103  101   96   97  103  104  104  109  114  115  112  110  109  109  118  116  114  117  117  118  119  119  118   2651
               124   117  116  116  114  107  103  104  100   97   98   97   94   97   98   92   89   88   86   84   83   82   81   80   80   2303
               125    80   80   80   80   80   79   80   80   81   83   87   98   90   93  102  104  107  107  106  112  116  116  116  116   2273
               126   117  117  117  116  117  118  117  118  117  118  118  117  117   96   95   96  102  116   94   92   92   91   91   90   2579
               127    89   88   87   86   85   87   85   86   86   89   93  101  104   99   91   90   92   92  103  105  107  111  110  111   2277
               128   110  107  105  106   89   84   86   91   87   84   84   86   87   88   89   90   92   97   95  100   99  103   89   83   2231
               129    81   81   81   87   93   94  100   99   92   93   98  101  107  100   90   90   91   91   89   89   89   89   88   86   2199
               130    85   84   83   85   82   82   81   81   90   93  100   87  105  106  106  108  110  108   99   96   96   89   85   87   2228
               131    81   78   80   87   83   78   77   77   77   79   81   82   83   83   83   82   82   80   78   79   79   80   80   80   1929
              ------------------------------------------------------------------------------------------------------------------------------------
              TOTAL 2748 2699 2695 2692 2674 2688 2707 2702 2715 2767 2824 2867 2910 2896 2885 2859 2854 2871 2851 2855 2859 2828 2772 2765  66983
              MEAN    89   87   87   87   86   87   87   87   88   89   91   92   94   93   93   92   92   93   92   92   92   91   89   89   2161
              MAX    117  117  118  118  118  119  119  119  120  122  122  122  121  121  121  118  121  122  121  120  118  119  119  118   2812
                N     31   31   31   31   31   31   31   31   31   31   31   31   31   31   31   31   31   31   31   31   31   31   31   31     31
              NOTE                                                                                                                                
                                                                                                                                                  
                   *): WITH MISSING DATA; TOTAL,MEAN,MAXIMUM ESTIMATED                                                                            
                                                                                                                                                  
                                                                                                                                                  
