                                                                                                                                                  
                                                                                                                                                  
                                                                *******************************                                                   
                                                                  DOWNWARD LONGWAVE RADIATION                                                     
                                                                *******************************                                                   
                                                                                                                  COUNTRY = JAPAN                 
                                                                                                                                                  
                                                                                                                                                  
                                                                     UNIT  = 0.01 MJ/m**2                                                         
                        STATION    : Tateno                                                                                                       
                        STATION NO.: 47646                                                                                                        
                        LOCATION   : 140ﾟ08' E                                                                                                    
                                      36ﾟ03' N                                                                                                    
                        ALTITUDE   :   25.2  m                                                                                                    
                        YEAR/MONTH : 2022/05                                                                                                      
                                                                                                                                                  
              DATE   -01  -02  -03  -04  -05  -06  -07  -08  -09  -10  -11  -12  -13  -14  -15  -16  -17  -18  -19  -20  -21  -22  -23  -24  TOTAL
                                                                                                                                                  
               5 1   124  124  124  122  114  114  115  118  120  124  131  134  137  136  137  136  131  133  134  133  134  133  131  129   3068
               5 2   125  121  109  102   99   98   99   98  105  114  114  118  129  130  131  130  125  128  124  120  115  119  110  102   2765
               5 3   102  106  104  103  106  100  100  101  102  103  104  103  102  104  105  105  107  108  107  106  106  106  105  105   2500
               5 4   106  106  106  106  106  105  105  106  107  109  112  113  115  115  117  117  117  116  115  114  115  115  114  112   2669
               5 5   112  111  111  110  110  109  110  111  115  117  118  121  123  123  121  120  121  124  122  121  118  117  117  116   2798
               5 6   115  114  113  114  115  116  117  121  130  131  127  129  133  129  128  128  126  123  121  119  119  116  116  119   2919
               5 7   117  122  128  131  138  141  141  140  141  133  142  138  145  143  144  142  142  140  133  140  123  138  134  125   3261
               5 8   121  132  138  133  135  141  139  126  124  123  125  139  139  130  127  133  133  134  133  133  133  133  133  133   3170
               5 9   133  134  132  132  132  131  131  131  132  133  132  133  133  131  131  131  132  132  131  130  129  129  129  129   3153
               510   129  129  121  115  108  103  102  105  110  114  113  114  112  108  109  107  111  109  107  107  108  108  110  110   2669
               511   107  106  109  107  105  105  106  110  112  114  117  122  130  131  133  126  120  120  120  121  121  121  121  125   2809
               512   122  121  121  130  134  131  129  139  145  145  146  146  148  146  146  144  144  141  141  139  140  138  138  140   3314
               513   143  145  145  145  145  145  146  146  147  149  149  149  149  149  150  150  150  150  150  150  150  150  149  150   3551
               514   152  146  148  146  148  149  148  149  150  152  147  147  142  139  140  140  143  139  143  151  149  147  144  143   3502
               515   140  138  137  135  135  134  134  135  135  135  136  137  137  137  137  137  137  136  137  136  135  136  136  135   3267
               516   134  135  134  136  135  134  133  133  135  135  135  136  138  138  137  137  136  135  135  136  138  136  136  133   3250
               517   129  136  136  136  132  136  133  131  134  133  134  134  134  132  134  133  130  130  128  127  129  127  125  123   3156
               518   119  113  112  111  111  112  115  117  115  116  118  122  127  125  124  122  122  122  119  116  115  114  113  113   2813
               519   112  111  110  110  114  133  131  111  112  115  118  120  124  126  128  129  130  130  128  125  128  125  124  123   2917
               520   121  119  118  118  117  119  122  123  127  130  132  137  137  135  131  131  133  133  132  135  131  134  133  132   3080
               521   138  135  135  137  137  136  136  135  139  143  142  142  142  142  141  141  134  135  136  139  139  141  141  140   3326
               522   137  133  131  132  134  136  138  138  139  135  132  136  137  133  139  131  129  122  118  119  128  137  135  139   3188
               523   140  140  137  132  130  123  127  121  137  126  126  131  131  123  123  118  120  120  116  114  114  113  114  119   2995
               524   117  128  132  137  138  139  137  139  126  130  132  134  129  129  129  126  126  125  124  123  122  121  120  120   3083
               525   119  119  119  120  119  119  121  131  141  137  134  131  126  138  138  134  137  129  126  124  122  120  120  119   3043
               526   118  117  117  117  122  117  119  124  127  129  137  139  142  142  141  137  141  145  139  135  136  143  143  139   3166
               527   142  140  139  139  139  145  147  146  147  147  148  146  146  146  146  144  138  142  135  142  150  147  146  135   3442
               528   126  120  118  118  118  127  120  117  118  120  121  124  127  130  140  138  136  131  128  126  122  119  119  122   2985
               529   122  119  115  114  113  113  115  117  120  123  126  128  130  132  132  131  131  129  128  127  127  125  124  122   2963
               530   121  121  120  120  119  119  118  118  120  120  122  124  125  123  127  139  132  136  138  131  138  140  140  140   3051
               531   140  139  139  138  139  140  140  141  142  142  143  142  143  143  144  144  144  145  144  144  139  141  140  129   3385
              ------------------------------------------------------------------------------------------------------------------------------------
              TOTAL 3883 3880 3858 3846 3847 3870 3874 3878 3954 3977 4013 4069 4112 4088 4110 4081 4058 4042 3992 3983 3973 3989 3960 3921  95258
              MEAN   125  125  124  124  124  125  125  125  128  128  129  131  133  132  133  132  131  130  129  128  128  129  128  126   3073
              MAX    152  146  148  146  148  149  148  149  150  152  149  149  149  149  150  150  150  150  150  151  150  150  149  150   3551
                N     31   31   31   31   31   31   31   31   31   31   31   31   31   31   31   31   31   31   31   31   31   31   31   31     31
              NOTE                                                                                                                                
                                                                                                                                                  
                   *): WITH MISSING DATA; TOTAL,MEAN,MAXIMUM ESTIMATED                                                                            
                                                                                                                                                  
                                                                                                                                                  
