                                                                                                                                                  
                                                                                                                                                  
                                                                *******************************                                                   
                                                                  DOWNWARD LONGWAVE RADIATION                                                     
                                                                *******************************                                                   
                                                                                                                  COUNTRY = JAPAN                 
                                                                                                                                                  
                                                                                                                                                  
                                                                     UNIT  = 0.01 MJ/m**2                                                         
                        STATION    : Tateno                                                                                                       
                        STATION NO.: 47646                                                                                                        
                        LOCATION   : 140ﾟ08' E                                                                                                    
                                      36ﾟ03' N                                                                                                    
                        ALTITUDE   :   25.2  m                                                                                                    
                        YEAR/MONTH : 2022/07                                                                                                      
                                                                                                                                                  
              DATE   -01  -02  -03  -04  -05  -06  -07  -08  -09  -10  -11  -12  -13  -14  -15  -16  -17  -18  -19  -20  -21  -22  -23  -24  TOTAL
                                                                                                                                                  
               7 1   141  141  141  142  143  144  144  146  148  150  153  154  155  156  157  158  156  156  155  151  150  149  147  146   3583
               7 2   146  146  146  145  145  144  145  148  151  154  157  160  161  161  160  157  153  150  150  149  149  147  145  144   3613
               7 3   144  144  144  143  142  143  146  148  146  150  153  160  166  166  164  159  157  158  157  157  155  151  153  153   3659
               7 4   155  154  154  153  148  148  151  153  153  152  152  152  153  153  154  155  154  150  149  146  142  142  142  141   3606
               7 5   141  145  152  144  145  148  145  149  150  150  153  157  157  154  154  153  153  153  152  154  158  157  157  157   3638
               7 6   153  156  149  156  156  153  156  157  153  152  158  158  156  151  151  151  156  156  155  154  151  150  152  152   3692
               7 7   150  151  153  153  152  149  152  151  155  156  156  157  156  157  156  149  151  146  144  148  144  137  134  135   3592
               7 8   145  147  136  143  149  143  146  145  150  153  148  142  146  147  140  138  138  137  136  134  137  134  133  133   3400
               7 9   132  132  132  132  132  133  135  138  140  142  143  146  154  156  157  159  155  145  143  152  148  141  145  155   3447
               710   155  152  147  149  150  151  152  155  154  155  154  158  154  150  148  149  149  149  149  147  145  144  143  142   3601
               711   142  144  144  141  146  148  155  147  149  154  152  150  152  150  149  146  145  145  143  146  156  156  156  155   3571
               712   154  154  153  148  150  150  149  149  153  157  156  156  157  155  157  155  152  156  156  156  156  155  155  155   3694
               713   154  154  154  154  155  156  156  156  155  156  156  158  158  158  157  157  155  155  155  154  155  156  156  156   3736
               714   156  154  153  154  154  153  153  154  153  155  155  156  156  156  156  156  155  155  155  154  154  154  154  155   3710
               715   155  155  155  155  154  153  152  155  155  157  156  156  157  157  157  157  157  155  156  156  157  156  155  155   3733
               716   155  154  155  155  155  155  155  155  155  156  156  157  156  157  154  154  152  153  154  152  151  148  148  149   3691
               717   150  152  152  145  149  150  144  150  154  152  152  156  156  153  158  154  150  149  152  151  152  153  158  154   3646
               718   151  143  143  142  144  147  147  146  149  151  149  153  153  155  156  155  155  152  149  151  152  154  149  151   3597
               719   151  147  150  151  151  153  153  151  156  161  161  164  163  162  163  159  156  156  157  152  157  157  153  152   3736
               720   151  152  149  147  144  144  143  145  148  151  152  156  159  155  161  160  159  162  156  158  156  155  150  148   3661
               721   147  144  143  143  143  143  143  154  150  150  154  158  159  159  152  155  156  157  156  155  156  157  156  156   3646
               722   156  156  156  155  153  154  157  157  161  162  163  163  165  162  156  154  155  155  151  151  148  147  145  145   3727
               723   147  157  158  159  153  146  147  148  151  149  150  154  152  154  154  158  162  157  154  155  156  154  154  158   3687
               724   154  146  142  141  141  140  141  144  148  152  158  161  159  150  151  148  147  147  147  145  145  145  145  144   3541
               725   143  141  141  141  141  148  143  143  145  148  152  153  153  155  155  157  158  156  154  151  154  158  162  161   3613
               726   160  157  156  161  162  162  162  162  161  162  161  160  161  161  161  160  156  154  153  151  150  152  157  159   3801
               727   160  157  150  147  147  148  152  150  154  156  159  156  157  156  157  159  160  157  158  157  156  156  159  158   3726
               728   155  152  156  161  160  159  155  159  161  160  162  160  156  155  155  157  157  157  161  161  159  158  158  151   3785
               729   146  144  144  147  156  155  151  150  148  154  156  156  159  160  156  157  156  155  153  152  150  149  150  147   3651
               730   148  146  147  152  157  155  153  151  160  157  160  156  158  157  157  157  155  153  152  152  151  150  148  149   3681
               731   153  151  148  148  149  148  150  150  156  161  159  158  159  161  163  165  165  164  164  161  161  159  158  158   3769
              ------------------------------------------------------------------------------------------------------------------------------------
              TOTAL 4650 4628 4603 4607 4626 4623 4633 4666 4722 4775 4806 4841 4863 4839 4826 4808 4785 4750 4726 4713 4711 4681 4677 4674 113233
              MEAN   150  149  148  149  149  149  149  151  152  154  155  156  157  156  156  155  154  153  152  152  152  151  151  151   3653
              MAX    160  157  158  161  162  162  162  162  161  162  163  164  166  166  164  165  165  164  164  161  161  159  162  161   3801
                N     31   31   31   31   31   31   31   31   31   31   31   31   31   31   31   31   31   31   31   31   31   31   31   31     31
              NOTE                                                                                                                                
                                                                                                                                                  
                   *): WITH MISSING DATA; TOTAL,MEAN,MAXIMUM ESTIMATED                                                                            
                                                                                                                                                  
                                                                                                                                                  
