                                                                                                                                                  
                                                                                                                                                  
                                                                *******************************                                                   
                                                                  DOWNWARD LONGWAVE RADIATION                                                     
                                                                *******************************                                                   
                                                                                                                  COUNTRY = JAPAN                 
                                                                                                                                                  
                                                                                                                                                  
                                                                     UNIT  = 0.01 MJ/m**2                                                         
                        STATION    : Tateno                                                                                                       
                        STATION NO.: 47646                                                                                                        
                        LOCATION   : 140ﾟ08' E                                                                                                    
                                      36ﾟ03' N                                                                                                    
                        ALTITUDE   :   25.2  m                                                                                                    
                        YEAR/MONTH : 2022/11                                                                                                      
                                                                                                                                                  
              DATE   -01  -02  -03  -04  -05  -06  -07  -08  -09  -10  -11  -12  -13  -14  -15  -16  -17  -18  -19  -20  -21  -22  -23  -24  TOTAL
                                                                                                                                                  
              11 1   105  104  108  109  120  124  119  118  127  128  125  135  136  135  132  130  132  130  130  131  129  129  129  124   2989
              11 2   122  111  109  108  122  127  132  133  129  110  111  113  115  115  116  117  116  115  119  118  121  123  121  116   2839
              11 3   115  119  128  119  117  113  128  119  127  119  116  118  117  116  120  118  115  114  114  116  114  111  113  111   2817
              11 4   117  116  115  115  112  112  112  111  114  120  115  121  131  115  112  126  133  132  130  130  129  128  128  127   2901
              11 5   126  125  124  125  122  124  124  124  125  126  126  123  109  112  111  119  112  112  108  105  103  105  110  101   2801
              11 6   100  100  100   99  101   98  101  101  103  101  102  103  104  104  105  104  105  105  104  103  103  102  102  101   2451
              11 7   101  101  100   99   99   99  101  106  106  109  119  121  128  130  116  118  118  111  114  119  112  119  125  120   2691
              11 8   115  119  130  114  105  103  101  101  103  104  106  108  110  110  111  111  116  108  106  104  102  102  101  101   2591
              11 9   100  100   99   98   97   97   96   97   99  101  103  105  106  107  108  110  110  111  121  124  124  116  114  112   2555
              1110   109  108  107  108  107  105  102  102  102  103  105  109  114  114  114  113  113  108  108  111  108  106  104  103   2583
              1111   103  102  101  100  100  100  102  108  111  110  111  114  115  116  116  116  115  114  114  113  113  113  112  112   2631
              1112   111  117  111  113  128  125  130  126  120  127  123  138  130  129  134  122  119  119  118  117  117  116  115  114   2919
              1113   116  120  118  116  111  112  111  127  118  117  123  132  132  135  139  143  142  143  142  140  137  134  118  117   3043
              1114   114  112  110  107  105  104  106  104  102  102  103  103  104  105  105  106  111  122  119  126  127  127  128  128   2680
              1115   128  128  128  128  129  128  128  128  129  129  131  132  131  132  133  131  125  104  108  102  100   99  100  100   2911
              1116    99  107  122  123  124  124  109  109   95   96   97   99  100  100  101  103  104  104  107  102  111  108  118  121   2583
              1117    99   96   94   93   93   92   92   94   96   98  101  108  112  120  120  119  108  109  116  117  124  125  124  117   2567
              1118   113  114  117  107   99   98   98  100  102  104  105  113  121  118  110  106  105  105  105  111  125  107  104  101   2588
              1119   101  100  100  103   99   97   96   97   99  101  102  103  104  104  104  104  102  102  102  105  106  106  102  102   2441
              1120   103  105  112  115  119  118  117  118  126  128  128  127  128  126  127  129  128  130  129  129  130  131  131  131   2965
              1121   131  130  130  132  130  131  132  131  133  134  134  128  117  128  116  118  116  113  112  113  114  112  111  111   2957
              1122   111  113  115  110  107  111  107  102  103  106  109  111  112  115  118  130  129  128  128  126  127  131  131  129   2809
              1123   126  123  127  128  127  131  131  130  129  129  129  130  132  131  131  132  131  132  132  131  131  132  132  129   3116
              1124   114  125  120  128  123  106  103  104  105  107  108  110  119  129  129  131  129  128  116  114  114  121  119  118   2820
              1125   109  112  112  119  115  101   98   98   98  100  101  102  102  102  102  102  101  101  101  102  102  104  104  105   2493
              1126   116  119  121  126  131  131  129  125  127  127  129  125  121  122  124  129  126  123  130  135  137  133  109  106   3001
              1127   107  121  106  101  100  100   99   98   99  100  101  102  103  103  104  104  104  103  101   99   99   99  100  100   2453
              1128   100  101  101  103  103  102  102  104  117  127  127  127  131  132  132  129  134  132  122  126  133  133  133  131   2882
              1129   126  127  120  116  125  119  121  123  120  132  138  139  138  138  139  138  142  144  144  144  140  146  147  147   3213
              1130   147  142  142  134  140  135  136  138  139  139  140  138  138  138  139  139  136  130  135  138  136  133  129  129   3290
              ------------------------------------------------------------------------------------------------------------------------------------
              TOTAL 3384 3417 3427 3396 3410 3367 3363 3376 3403 3434 3468 3537 3560 3581 3568 3597 3577 3532 3535 3551 3568 3551 3514 3464  83580
              MEAN   113  114  114  113  114  112  112  113  113  114  116  118  119  119  119  120  119  118  118  118  119  118  117  115   2786
              MAX    147  142  142  134  140  135  136  138  139  139  140  139  138  138  139  143  142  144  144  144  140  146  147  147   3290
                N     30   30   30   30   30   30   30   30   30   30   30   30   30   30   30   30   30   30   30   30   30   30   30   30     30
              NOTE                                                                                                                                
                                                                                                                                                  
                   *): WITH MISSING DATA; TOTAL,MEAN,MAXIMUM ESTIMATED                                                                            
                                                                                                                                                  
                                                                                                                                                  
                                                                                                                                                  
