                                                                                                                                                  
                                                                                                                                                  
                                                                *******************************                                                   
                                                                  DOWNWARD LONGWAVE RADIATION                                                     
                                                                *******************************                                                   
                                                                                                                  COUNTRY = JAPAN                 
                                                                                                                                                  
                                                                                                                                                  
                                                                     UNIT  = 0.01 MJ/m**2                                                         
                        STATION    : Tateno                                                                                                       
                        STATION NO.: 47646                                                                                                        
                        LOCATION   : 140ﾟ08' E                                                                                                    
                                      36ﾟ03' N                                                                                                    
                        ALTITUDE   :   25.2  m                                                                                                    
                        YEAR/MONTH : 2022/09                                                                                                      
                                                                                                                                                  
              DATE   -01  -02  -03  -04  -05  -06  -07  -08  -09  -10  -11  -12  -13  -14  -15  -16  -17  -18  -19  -20  -21  -22  -23  -24  TOTAL
                                                                                                                                                  
               9 1   146  146  149  159  160  157  159  164  160  159  158  158  158  158  159  162  162  164  157  153  156  150  146  155   3755
               9 2   151  155  147  155  157  157  157  156  156  155  154  154  152  152  152  153  153  152  151  146  151  151  151  152   3670
               9 3   151  150  152  152  152  152  152  152  154  153  156  156  156  157  149  155  149  140  138  149  144  137  137  145   3588
               9 4   145  141  149  154  148  142  141  144  150  146  154  159  151  150  147  146  144  146  146  141  144  146  149  152   3535
               9 5   154  154  153  152  154  154  150  146  154  157  158  156  147  146  147  147  143  143  142  144  144  144  157  157   3603
               9 6   154  153  154  152  146  141  140  142  149  158  158  160  152  151  159  164  152  147  146  148  147  147  148  147   3615
               9 7   147  155  154  148  155  159  155  161  161  162  162  163  161  162  162  161  159  159  159  157  157  158  158  158   3793
               9 8   156  154  153  155  155  155  155  153  153  157  157  155  157  156  155  155  155  154  152  153  152  153  153  153   3706
               9 9   153  153  153  152  152  152  153  153  154  155  156  156  158  155  158  157  152  145  142  143  143  141  151  151   3638
               910   150  150  144  142  142  139  137  139  138  139  139  142  145  138  137  135  133  129  128  129  128  130  131  131   3295
               911   138  149  149  149  148  148  144  146  148  146  154  154  154  153  153  153  145  146  150  152  148  137  142  152   3558
               912   153  148  145  142  148  145  146  135  137  139  142  141  143  142  141  142  152  150  148  152  153  152  152  152   3500
               913   152  152  151  152  152  153  154  153  155  156  157  158  158  153  151  150  147  147  145  145  145  144  144  143   3617
               914   142  143  142  143  143  144  144  144  146  146  144  143  138  135  136  140  138  138  134  137  142  147  146  150   3405
               915   150  148  149  149  148  148  148  148  148  150  149  146  149  150  150  150  150  150  149  149  149  149  144  134   3554
               916   125  124  124  123  123  123  123  128  128  130  132  137  143  142  147  141  145  139  141  148  150  149  143  141   3249
               917   150  153  151  135  133  132  134  138  138  142  148  153  154  148  147  148  144  144  145  146  153  157  152  157   3502
               918   157  151  146  145  145  151  145  149  158  161  163  162  161  162  161  160  160  161  159  160  159  156  160  158   3750
               919   158  153  159  159  152  154  148  156  161  153  160  161  161  159  156  152  153  150  148  146  147  147  149  152   3694
               920   156  156  158  159  160  161  157  156  162  161  157  154  154  153  151  150  148  146  145  143  143  143  143  141   3657
               921   140  140  139  139  139  138  139  139  139  139  136  128  136  141  145  140  143  140  136  133  134  130  123  119   3275
               922   120  120  120  136  126  133  130  140  141  139  140  144  146  146  147  151  150  150  149  149  146  144  147  148   3362
               923   147  148  148  147  148  148  149  149  147  144  143  151  153  155  153  155  157  155  156  156  156  158  158  158   3639
               924   156  157  158  156  156  154  153  155  156  157  160  160  157  160  158  157  155  156  155  152  150  148  147  149   3722
               925   147  143  142  147  147  144  146  147  147  139  128  130  129  129  129  128  128  128  127  127  127  127  126  126   3238
               926   125  124  126  125  124  124  125  127  129  131  132  134  135  137  137  136  134  132  132  132  132  132  131  130   3126
               927   130  129  128  129  128  128  136  135  131  140  144  146  143  142  142  137  132  133  131  132  129  127  126  127   3205
               928   134  134  136  139  137  129  119  120  122  123  125  128  129  129  130  131  131  131  133  146  146  144  145  142   3183
               929   136  129  133  135  132  134  134  129  133  132  137  136  136  140  140  142  139  137  138  138  140  142  141  141   3274
               930   142  139  138  133  128  124  128  124  127  141  138  140  134  132  129  127  126  125  126  125  127  127  128  127   3135
              ------------------------------------------------------------------------------------------------------------------------------------
              TOTAL 4365 4351 4350 4363 4338 4323 4301 4328 4382 4410 4441 4465 4450 4433 4428 4425 4379 4337 4308 4331 4342 4317 4328 4348 104843
              MEAN   146  145  145  145  145  144  143  144  146  147  148  149  148  148  148  148  146  145  144  144  145  144  144  145   3495
              MAX    158  157  159  159  160  161  159  164  162  162  163  163  161  162  162  164  162  164  159  160  159  158  160  158   3793
                N     30   30   30   30   30   30   30   30   30   30   30   30   30   30   30   30   30   30   30   30   30   30   30   30     30
              NOTE                                                                                                                                
                                                                                                                                                  
                   *): WITH MISSING DATA; TOTAL,MEAN,MAXIMUM ESTIMATED                                                                            
                                                                                                                                                  
                                                                                                                                                  
                                                                                                                                                  
