                                                                                                                                                  
                                                                                                                                                  
                                                                *******************************                                                   
                                                                  DOWNWARD LONGWAVE RADIATION                                                     
                                                                *******************************                                                   
                                                                                                                  COUNTRY = JAPAN                 
                                                                                                                                                  
                                                                                                                                                  
                                                                     UNIT  = 0.01 MJ/m**2                                                         
                        STATION    : Tateno                                                                                                       
                        STATION NO.: 47646                                                                                                        
                        LOCATION   : 140ﾟ08' E                                                                                                    
                                      36ﾟ03' N                                                                                                    
                        ALTITUDE   :   25.2  m                                                                                                    
                        YEAR/MONTH : 2022/06                                                                                                      
                                                                                                                                                  
              DATE   -01  -02  -03  -04  -05  -06  -07  -08  -09  -10  -11  -12  -13  -14  -15  -16  -17  -18  -19  -20  -21  -22  -23  -24  TOTAL
                                                                                                                                                  
               6 1   128  133  142  129  122  119  117  118  126  129  127  129  127  132  134  135  135  132  133  131  126  125  124  118   3071
               6 2   117  117  118  120  119  119  131  134  137  134  134  134  129  130  131  130  129  129  133  142  130  135  130  128   3090
               6 3   127  125  124  125  125  129  131  135  134  138  136  135  143  145  138  143  140  133  121  121  126  123  117  116   3130
               6 4   114  114  114  115  121  118  118  122  120  125  130  132  133  129  131  132  134  123  121  120  120  120  123  122   2951
               6 5   137  142  142  139  137  142  140  137  142  143  132  140  142  135  132  136  141  144  143  143  142  141  140  139   3351
               6 6   137  136  136  138  138  137  138  138  139  138  138  138  139  139  141  142  142  142  142  142  143  142  141  142   3348
               6 7   142  142  140  140  139  138  131  131  140  141  141  141  142  141  141  138  139  139  138  136  135  134  134  134   3317
               6 8   134  134  134  133  130  134  136  135  136  138  140  140  140  140  138  139  132  135  138  138  139  139  139  139   3280
               6 9   139  138  139  140  139  140  141  140  142  142  142  142  141  128  123  122  123  122  125  131  139  124  137  136   3235
               610   124  121  120  121  122  132  140  142  134  144  140  136  147  147  146  146  144  140  140  142  144  142  143  141   3298
               611   144  145  142  145  146  144  135  142  145  142  145  147  147  150  144  142  142  141  141  140  141  144  147  144   3445
               612   143  143  141  139  137  143  146  142  142  140  142  137  142  144  141  131  132  124  124  123  121  117  115  133   3242
               613   118  113  112  112  112  113  115  113  114  119  121  120  120  120  123  122  122  123  130  137  138  139  139  138   2933
               614   137  133  133  136  136  134  136  139  138  138  136  134  133  133  135  133  132  133  134  133  134  133  133  133   3229
               615   136  137  136  135  136  136  137  138  142  142  141  143  143  144  145  145  144  145  145  144  144  142  141  144   3385
               616   142  138  141  142  143  143  143  143  144  144  145  144  142  139  138  138  138  137  136  139  138  137  136  135   3365
               617   136  136  136  135  133  134  143  140  138  140  141  141  142  142  139  140  141  137  137  136  135  133  132  132   3299
               618   131  131  131  130  132  132  133  136  139  141  143  145  148  147  146  146  146  146  147  148  150  150  142  137   3377
               619   131  130  134  138  141  144  151  152  142  137  142  143  141  140  141  142  143  141  146  142  140  139  140  138   3378
               620   138  138  138  137  137  137  138  139  140  142  144  146  146  147  146  144  143  141  139  139  139  139  143  143   3383
               621   141  146  144  140  138  145  146  147  142  143  146  149  148  147  148  147  147  146  152  153  148  147  145  152   3507
               622   150  152  151  150  150  150  150  151  149  153  153  154  155  155  152  149  152  153  152  151  151  151  151  151   3636
               623   151  150  150  150  151  151  151  152  152  152  151  152  152  152  151  155  154  154  153  152  152  152  152  151   3643
               624   151  152  152  152  152  153  154  156  155  158  157  151  151  149  147  148  148  146  144  143  142  141  141  140   3583
               625   140  141  141  143  143  143  143  143  145  147  147  148  149  150  149  150  149  149  147  147  145  149  147  140   3495
               626   139  138  140  138  141  137  139  140  143  146  149  152  157  157  154  154  155  151  148  143  142  140  139  138   3480
               627   138  138  137  136  136  137  139  141  144  148  151  154  155  156  158  158  156  157  153  153  155  156  143  142   3541
               628   141  141  142  141  141  142  145  148  147  149  151  154  154  154  153  154  154  152  150  148  147  147  147  146   3548
               629   143  142  140  139  139  139  139  141  144  147  150  152  152  151  151  149  148  147  146  145  143  143  143  144   3477
               630   144  143  143  144  142  142  145  148  150  152  154  157  158  157  156  155  153  151  151  148  147  146  144  142   3572
              ------------------------------------------------------------------------------------------------------------------------------------
              TOTAL 4093 4089 4093 4082 4078 4107 4151 4183 4205 4252 4269 4290 4318 4300 4272 4265 4258 4213 4209 4210 4196 4170 4148 4138 100589
              MEAN   136  136  136  136  136  137  138  139  140  142  142  143  144  143  142  142  142  140  140  140  140  139  138  138   3353
              MAX    151  152  152  152  152  153  154  156  155  158  157  157  158  157  158  158  156  157  153  153  155  156  152  152   3643
                N     30   30   30   30   30   30   30   30   30   30   30   30   30   30   30   30   30   30   30   30   30   30   30   30     30
              NOTE                                                                                                                                
                                                                                                                                                  
                   *): WITH MISSING DATA; TOTAL,MEAN,MAXIMUM ESTIMATED                                                                            
                                                                                                                                                  
                                                                                                                                                  
                                                                                                                                                  
