                                                                                                                                                  
                                                                                                                                                  
                                                                *******************************                                                   
                                                                  DOWNWARD LONGWAVE RADIATION                                                     
                                                                *******************************                                                   
                                                                                                                  COUNTRY = JAPAN                 
                                                                                                                                                  
                                                                                                                                                  
                                                                     UNIT  = 0.01 MJ/m**2                                                         
                        STATION    : Tateno                                                                                                       
                        STATION NO.: 47646                                                                                                        
                        LOCATION   : 140ﾟ08' E                                                                                                    
                                      36ﾟ03' N                                                                                                    
                        ALTITUDE   :   25.2  m                                                                                                    
                        YEAR/MONTH : 2022/03                                                                                                      
                                                                                                                                                  
              DATE   -01  -02  -03  -04  -05  -06  -07  -08  -09  -10  -11  -12  -13  -14  -15  -16  -17  -18  -19  -20  -21  -22  -23  -24  TOTAL
                                                                                                                                                  
               3 1    94   93   93   93   93   93   93   92   95  106  108  101  102  101  111  125  120  105  110  116  118  118  117  110   2507
               3 2   100  101  109   96   93   92   92   92   94   95   97   98  102  106  104  103  111  111  110  122  122  123  122  121   2516
               3 3   114  113  104   95   95   90   95   93   91   96   96   94   96   97   98   99  108  118  112   91   89   89   91   88   2352
               3 4    85   84   89  102  103  109  107  102   97   92   90   98   92   92   96   94   96  101  101  105  106  108  121  121   2391
               3 5   118   98  102   95   91  102   95   92   92   92   93   96   98  100  103  105  105  105  104  101  106  120  121  119   2453
               3 6   114   96   99   89   81   81   82   82   83   85   87   88   88   88   95   92   86   85   82   81   81   81   81   81   2088
               3 7    81   81   82   82   82   81   82   84   87   87   88   89   90   93   94   94   94   92   92   93   94   97   96  101   2136
               3 8   112  115  115  115  115  116  118  116  117  117  118  118  118  118  120  120  119  117  117  116  106   93   94   96   2726
               3 9    94   88  104  103  104  102  102   90   90   91   91   92   93   95   96   96   94   95   94   91   90   89   89   89   2262
               310    89   88   88   87   87   88   90   99   90   91   94   97  102  102   97   97   97   97   96   95   93   93   94  100   2251
               311   107  117  102  110  107  101   95   94   95   96   98  100  101  102  105  107  106  105  103  104  109  120  121  116   2521
               312   111  110  100   96   95   94   92   93   95   97   99  101  102  104  109  108  108  108  105  105  104  102  102  101   2441
               313   101  105  108  111  105  106  105  108  115  114  115  116  116  117  119  120  121  121  120  117  116  117  117  115   2725
               314   116  119  124  125  125  125  123  111  110  110  113  114  115  115  116  109  106  107  105  105  106  117  122  123   2761
               315   122  122  122  123  122  123  124  124  124  123  124  109  105  106  107  109  109  106  105  102  100   97   97   98   2703
               316    99  100  101  115  105  116  109  105  105  105  106  111  122  123  125  116  118  120  116  106  106  105  105  103   2642
               317   103  105  108   99   98   98   97   98  101  103  111  120  119  126  129  122  118  123  119  118  120  125  127  124   2711
               318   122  121  120  119  118  118  118  117  117  117  116  116  117  118  117  117  117  117  118  119  120  120  121  120   2840
               319   120  120  120  120  120  122  104   97   98   99  101  106  113  118  115  122  128  130  127  123  123  122  108  111   2767
               320    93   93   90   89   88   87   87   88   90   92   93   94   94   95   95   98  117  119  118  119  119  119  119  119   2415
               321   118  118  116  117  117  116  114  111   99   99  104   99   97   96   97   99   98  100   98  101  107  111  113  116   2561
               322   120  119  119  119  118  118  117  116  115  115  115  114  114  114  114  113  114  113  113  110   99   84   81   80   2654
               323    79   78   78   78   78   78   80   82   86   86   92   99  102  102  101  111  117  116  115  116  116  117  115  115   2337
               324   115  116  115  108  114  115  105   93   99   95   95  101   99   98  100   99  100   98  102  116   96   95   94   92   2460
               325    91   91   91   91   91   90   90   91   93   96   98  100  103  104  104  103  104  104  103  103  109  106  104  105   2365
               326   112  124  126  129  131  125  121  119  124  127  134  137  136  138  135  136  139  138  139  138  139  140  141  142   3170
               327   142  143  144  141  140  138  134  130  136  138  136  140  140  138  131  122  128  129  128  131  131  129  128  128   3225
               328   128  128  127  124  112  113  114  107  108  106  109  109  113  117  121  123  118  112  104  112  109  117  114  120   2765
               329   120  119  120  120  121  122  122  122  122  123  124  124  125  125  125  125  126  126  127  124  127  127  126  127   2969
               330   127  124  121  113  128  128  119  125  127  116  132  133  137  138  139  139  137  135  138  138  135  126  120  128   3103
               331   123  115  134  119  109  109  110  113  116  129  125  119  132  130  126  123  123  128  129  128  126  125  124  123   2938
              ------------------------------------------------------------------------------------------------------------------------------------
              TOTAL 3370 3344 3371 3323 3286 3296 3236 3186 3211 3238 3302 3333 3383 3416 3444 3446 3482 3481 3450 3446 3422 3432 3425 3432  80755
              MEAN   109  108  109  107  106  106  104  103  104  104  107  108  109  110  111  111  112  112  111  111  110  111  110  111   2605
              MAX    142  143  144  141  140  138  134  130  136  138  136  140  140  138  139  139  139  138  139  138  139  140  141  142   3225
                N     31   31   31   31   31   31   31   31   31   31   31   31   31   31   31   31   31   31   31   31   31   31   31   31     31
              NOTE                                                                                                                                
                                                                                                                                                  
                   *): WITH MISSING DATA; TOTAL,MEAN,MAXIMUM ESTIMATED                                                                            
                                                                                                                                                  
                                                                                                                                                  
