                                                                                                                                                  
                                                                                                                                                  
                                                                *******************************                                                   
                                                                  DOWNWARD LONGWAVE RADIATION                                                     
                                                                *******************************                                                   
                                                                                                                  COUNTRY = JAPAN                 
                                                                                                                                                  
                                                                                                                                                  
                                                                     UNIT  = 0.01 MJ/m**2                                                         
                        STATION    : Tateno                                                                                                       
                        STATION NO.: 47646                                                                                                        
                        LOCATION   : 140ﾟ08' E                                                                                                    
                                      36ﾟ03' N                                                                                                    
                        ALTITUDE   :   25.2  m                                                                                                    
                        YEAR/MONTH : 2022/02                                                                                                      
                                                                                                                                                  
              DATE   -01  -02  -03  -04  -05  -06  -07  -08  -09  -10  -11  -12  -13  -14  -15  -16  -17  -18  -19  -20  -21  -22  -23  -24  TOTAL
                                                                                                                                                  
               2 1    80   80   80   80   80   79   79   79   79   80   82   84   84   85   87   88   89   89   89   88   88   88   87   86   2010
               2 2    85   84   83   82   82   81   82   82   82   84   84   84   84   83   83   83   82   83   84   84   84   84   84   84   1997
               2 3    83   83   83   82   82   81   81   81   86   85   85   86   87   89   89   90   90   90   98   99   95   95   94   93   2107
               2 4    93   83   81   82   81   88  101  101  105  107  106   90  104  107  111  112  103  110  109  104   88   87   86   85   2324
               2 5    84   82   81   79   79   78   78   79   80   80   81   81   82   81   83   84   89   92   86   76   76   75   75   75   1936
               2 6    75   75   75   75   75   75   76   77   77   78   79   82   81   86   80   80   79   78   78   77   77   77   77   77   1866
               2 7    77   77   77   77   77   76   76   76   77   78   80   81   82   83   83   84   84   85   85   84   84   84   98  102   1967
               2 8    88   89  107  108  109  109  109  109  108  111  106  108  106   98   94   91   90   91   93   98  100  109  103   92   2426
               2 9    87   85   85   84   83   82   83   81   82   84   84   85   86   86   87   89   91   98   94   91   92   97   97   93   2106
               210   108  112  113  115  114  117  117  116  116  116  116  117  118  118  118  117  116  116  116  115  115  114  114  114   2768
               211   114  114  113  114  114  114  109  101   99   86   87   91   99   94  107  105   97   89   87   85   84   84   83   83   2353
               212    83   83   82   82   83   82   83   84   87   85   87   93   97   94   95   97   92   89   88   88   87   87   87   87   2102
               213    87   88   87   86   86   86   86   90   93  109  117  118  120  119  119  120  120  119  117  116  116  116  115  115   2545
               214   115  114  115  115  114  113  109  108  100   96   98   95   91   90   88   88   89   87   86   86   85   85   85   94   2346
               215    88   86  101  111  108   97   85   86   87  105  115  116  110  118  114  107  112  107  107   93   90   89   89   88   2409
               216    89   88   88   99  108  104   87   85   84   84   86   86   87   88   91  101  116  115  114  108  104   98   98   87   2295
               217    79   78   78   80   88   84   79   78   78   78   79   82   88   89   91   85   86   78   79   78   78   77   77   78   1945
               218    77   77   78   79   79   80   81   83   83   84   86   87   89  103  110  111  111   93   87   88   88   88   87   86   2115
               219    85   85   89   87   90   86   95  107  104  104  108  114  114  118  114  118  119  119  120  123  124  124  125  124   2596
               220   122  122  122  122  122  122  121  120  122  122  122  121  117  118  112  114  103  105  107   92   83   83   80   78   2652
               221    77   76   76   76   75   75   75   75   76   77   81   83   82   82   81   80   79   79   79   78   78   78   78   77   1873
               222    77   77   77   77   77   77   77   78   79   80   81   82   84   87   92   94   87   88   82   80   78   78   78   77   1944
               223    78   78   78   78   77   77   77   77   78   80   81   82   83   84   85   85   85   85   83   81   80   80   83   85   1940
               224    78   78   82   78   77   77   77   77   77   78   79   80   81   82   83   84   84   83   82   81   80   79   78   76   1911
               225    77   76   75   75   75   76   77   78   80   83   85   87   87   88   88   88   88   87   86   86   85   85   85   84   1981
               226    84   83   83   82   81   81   81   82   84   85   87   90   91   92   91   92   97   94   94   94   93   96   98  100   2135
               227    96   99   93   97   89   89   88   88   89   90   92   94   97   98  100   95   91   89   87   85   84   84   84   83   2181
               228    83   83   83   83   84   83   83   84   86   87   89   91   93   94   96  101  105  108  104   96   94   97  106  104   2217
              ------------------------------------------------------------------------------------------------------------------------------------
              TOTAL 2449 2435 2465 2485 2489 2469 2452 2462 2478 2516 2563 2590 2624 2654 2672 2683 2674 2646 2621 2554 2510 2518 2531 2507  61047
              MEAN    87   87   88   89   89   88   88   88   89   90   92   93   94   95   95   96   96   95   94   91   90   90   90   90   2180
              MAX    122  122  122  122  122  122  121  120  122  122  122  121  120  119  119  120  120  119  120  123  124  124  125  124   2768
                N     28   28   28   28   28   28   28   28   28   28   28   28   28   28   28   28   28   28   28   28   28   28   28   28     28
              NOTE                                                                                                                                
                                                                                                                                                  
                   *): WITH MISSING DATA; TOTAL,MEAN,MAXIMUM ESTIMATED                                                                            
                                                                                                                                                  
                                                                                                                                                  
                                                                                                                                                  
                                                                                                                                                  
                                                                                                                                                  
