                                                                                                                                                  
                                                                                                                                                  
                                                                *******************************                                                   
                                                                  DOWNWARD LONGWAVE RADIATION                                                     
                                                                *******************************                                                   
                                                                                                                  COUNTRY = JAPAN                 
                                                                                                                                                  
                                                                                                                                                  
                                                                     UNIT  = 0.01 MJ/m**2                                                         
                        STATION    : Tateno                                                                                                       
                        STATION NO.: 47646                                                                                                        
                        LOCATION   : 140ﾟ08' E                                                                                                    
                                      36ﾟ03' N                                                                                                    
                        ALTITUDE   :   25.2  m                                                                                                    
                        YEAR/MONTH : 2023/03                                                                                                      
                                                                                                                                                  
              DATE   -01  -02  -03  -04  -05  -06  -07  -08  -09  -10  -11  -12  -13  -14  -15  -16  -17  -18  -19  -20  -21  -22  -23  -24  TOTAL
                                                                                                                                                  
               3 1    96   96   94   93   92   94   96   98   98  100  104  104  108  110  107  102  103  108  117  112  114  111  119  122   2498
               3 2   123  122  119  116  116  113  129  130  120  105  105  119  129  129  127  124  122  120  116  117  107   93   86   85   2772
               3 3    84   83   83   83   83   83   83   83   84   86   87   89   90   91   91   92   93   92   93   93   93  104  119  119   2181
               3 4   113  108  119  119  112   91   90   90   91   92   94   95   96   98  103  107  108  102  100   99  104  102  103  109   2445
               3 5   112  111  112  106  109   95   92  100   99   98  107  112  115  111  109  112  109  115  120  120  118  120  120  116   2638
               3 6   117  120  121  121  121  121  122  121  121  124  125  126  127  126  122  116  104  100  100   99   98   98   98   97   2745
               3 7    97   96   96   96   95   94   93   93   94   96   98   99  100  101  102  103  104  102  103  102  101  100  100   98   2363
               3 8    99   99   98   97   95   95   94   94   95   97   99  101  104  103  103  104  104  103  103  103  103  103  104  105   2405
               3 9   106  103  102  101  100   99  102   98  100  102  104  107  109  111  110  110  111  114  110  107  110  116  114  110   2556
               310   119  122  122  124  125  126  125  112  115  122  124  124  112  113  118  127  116  116  114  110  105  103  101   98   2793
               311    96   95   94   94   93   92   92   92   94   98  101  102  104  107  108  107  105  104  103  103  103  103  103  102   2395
               312   102  101  101  100  100  100  100  101  105  109  114  126  122  122  123  122  132  133  130  127  132  132  129  112   2775
               313   121  117  121  127  120  123  115  116  124  129  134  135  137  135  128  130  134  131  129  121  123  125  125  124   3024
               314   122  122  121  121  120  118  117  115  116  115  111   95   98   99  107   99   97   96   96   96   96   95   95   95   2562
               315    96  107  102   98  110  100  116  102   97  100  106  110  109  105  105  105  103  102  101  101  102  101  100  111   2489
               316   120  110  111  101  100   99   98  100  101  104  106  110  111  110  111  111  111  114  113  114  109  114  115  118   2611
               317   124  115  109  109  107  108  107  113  128  126  128  128  126  121  117  115  126  128  128  128  128  127  126  126   2898
               318   125  125  124  124  124  125  126  126  126  126  125  126  127  127  126  126  125  123  121  120  117  116  115  111   2956
               319   111  100   95   90   88   87   86   87   88   89   90   92   93   94   94   95   96   96   94   93   93   94   94  106   2245
               320   112  114  119  116  100   94   93   93   95   97   99  100  102  103  105  108  108  107  107  113  116  118  119  116   2554
               321   111  113  114  106  105  105  105  106  109  120  129  124  123  135  132  123  127  125  124  125  128  124  125  123   2861
               322   123  119  117  111  114  116  113  110  111  114  116  115  115  114  114  113  113  112  113  112  111  111  124  137   2768
               323   138  137  137  137  137  137  137  137  136  138  141  142  143  143  143  144  146  146  146  146  147  147  146  148   3399
               324   147  143  143  142  142  138  130  132  134  135  139  140  142  143  144  141  140  137  137  137  137  136  136  134   3329
               325   133  131  130  128  128  129  129  129  129  129  128  128  127  128  127  128  127  126  126  127  127  127  128  128   3077
               326   129  130  129  127  128  128  129  130  131  132  134  135  136  136  137  137  136  137  136  134  135  134  133  133   3186
               327   132  129  129  127  125  120  104  102  113  117  113  120  122  123  126  126  125  121  123  124  123  124  123  113   2904
               328   121  125  125  122  124  124  124  123  124  124  125  125  124  124  122  116  110  101  102  101  101   99   99  110   2795
               329   100   98   97   97   97   97   97  103  125  110  108  114  122  117  108  107  108  107  117  116  125  125  125  125   2645
               330   125  128  127  126  122  118  107  116  127  121  124  118  127  118  118  113  120  118  109  109  108  109  108  108   2824
               331   108  108  108  107  107  107  112  112  114  110  113  116  117  117  118  120  119  113  109  108  106  105  104  103   2661
              ------------------------------------------------------------------------------------------------------------------------------------
              TOTAL 3562 3527 3519 3466 3439 3376 3363 3364 3444 3465 3531 3577 3617 3614 3605 3583 3582 3549 3540 3517 3520 3516 3536 3542  84354
              MEAN   115  114  114  112  111  109  108  109  111  112  114  115  117  117  116  116  116  114  114  113  114  113  114  114   2721
              MAX    147  143  143  142  142  138  137  137  136  138  141  142  143  143  144  144  146  146  146  146  147  147  146  148   3399
                N     31   31   31   31   31   31   31   31   31   31   31   31   31   31   31   31   31   31   31   31   31   31   31   31     31
              NOTE                                                                                                                                
                                                                                                                                                  
                   *): WITH MISSING DATA; TOTAL,MEAN,MAXIMUM ESTIMATED                                                                            
                                                                                                                                                  
                                                                                                                                                  
