                                                                                                                                                  
                                                                                                                                                  
                                                                *******************************                                                   
                                                                  DOWNWARD LONGWAVE RADIATION                                                     
                                                                *******************************                                                   
                                                                                                                  COUNTRY = JAPAN                 
                                                                                                                                                  
                                                                                                                                                  
                                                                     UNIT  = 0.01 MJ/m**2                                                         
                        STATION    : Tateno                                                                                                       
                        STATION NO.: 47646                                                                                                        
                        LOCATION   : 140ﾟ08' E                                                                                                    
                                      36ﾟ03' N                                                                                                    
                        ALTITUDE   :   25.2  m                                                                                                    
                        YEAR/MONTH : 2023/01                                                                                                      
                                                                                                                                                  
              DATE   -01  -02  -03  -04  -05  -06  -07  -08  -09  -10  -11  -12  -13  -14  -15  -16  -17  -18  -19  -20  -21  -22  -23  -24  TOTAL
                                                                                                                                                  
               1 1    86   85   84   83   83   83   82   83   84   85   87   88   90   91   91   91   92   91   91   91   91   90   89   88   2099
               1 2    88   87   87   86   86   86   84   83   83   85   86   88   89   88   89   95  101   86   84   83   83   82   81   80   2070
               1 3    80   80   79   79   80   80   80   81   81   83   84   85   86   86   87   87   86   86   85   84   85   85   84   83   1996
               1 4    81   81   80   81   81   81   81   81   81   83   84   86   86   86   86   87   86   85   84   83   82   81   80   79   1986
               1 5    78   78   78   78   78   79   79   79   80   82   83   84   85   85   84   83   83   82   82   82   82   82   82   82   1950
               1 6    81   81   81   81   82   82   82   82   83   85   86   87   90   96   97   96   97   99   99  101  109  112  106  112   2207
               1 7   112  111  113  113  114  114  111  110  111  102  103   94   91   92   93   93   91   91   90   90   90   89   89   88   2395
               1 8    87   86   85   85   85   85   85   84   85   87   89   90   91   92   93   93   93   98  111  109  113  105  108  101   2240
               1 9   106   93   91   90   90   89   89   88   89   90   90   92   94   95   95   96   97   96   96   96   96   96   96   94   2244
               110    96   96   99  109   87   83   81   82   82   83   83   84   84   84   84   83   83   82   82   82   82   82   82   82   2057
               111    82   82   83   82   81   80   79   79   80   82   85   87   87   88   88   88   88   87   87   88   86   86   87   86   2028
               112    86   85   84   85   86   84   84   87   84   86   90   91   96   95   92   93   93   93   92   92   91   91   89   88   2137
               113    88   89   89   89   89   88   89   90   91   94   96   99  102  107  108  107  106  112  116  120  123  125  122  113   2452
               114   104  102  101  100  101  102  102  105  128  130  131  131  132  128  125  125  120  121  121  120  116  115  116  115   2791
               115   120  120  124  123  125  126  125  125  125  125  124  124  125  125  125  125  126  126  126  126  126  126  125  125   2992
               116   124  124  124  124  124  124  124  124  124  123  122  121  121  120  119  119  116  114  111   95   86   84   83   83   2733
               117    83   82   81   81   80   81   81   85  100  105  103  111  112  104   93   88   87   98  112  112  115  117  118  118   2347
               118   117  118  118  117  117  118  117  101   89   90   90   92   94  101   98   96  101  115  103  104  115  118  116  111   2556
               119   105   92   89   86   86   85  101  106  104   89   89   91  108  103  107  113  112  113  115  116  117  117  117  117   2478
               120   117  118  119  119  119  117  116  112   94   91   91   91   91   91   90   91   91   91   91   91   89   89   89   88   2386
               121    86   84   83   82   81   79   78   78   79   80   82   82   82   82   83   84   85   85   84   88   84   84   98   86   1999
               122   104  100  101  101  105  105  106  106  105  105  109   93   95   89   92   97   94   88   94  105  104   98   98   98   2392
               123   101  101  106  109  109  110  114  116  118  118  118  117  114  117  119  119  118  117  116  104   96   97  102  105   2661
               124   106  107  103  106  110  111  112  114  115  116  116   99   94   93   93   93  113  107  105  108  106  103   98   89   2517
               125    71   69   70   70   69   69   68   67   69   70   71   78   77   74   74   74   72   72   71   71   71   71   72   72   1712
               126    72   73   73   72   72   72   73   74   75   76   79   82   84   84   85   87   90   92   93   88   87   88   91   92   1954
               127    99   95  101  104  105  105  104  103  106  102  103  108  109  111  112  114  112  111  112  115  113  107  111  109   2571
               128   108  103   87   79   78   77   76   76   77   78   79   80   80   80   80   81   81   81   81   80   80   80   81   79   1962
               129    77   76   75   75   75   75   74   75   76   78   79   80   82   83   84   85   86   85   85   84   85   85   84   83   1926
               130    83   83   84   83   82   81   81   81   81   82   84   84   85   86   88   89   92  101   85   81   79   78   77   76   2006
               131    77   76   76   76   76   76   77   77   78   79   80   80   81   83   83   84   97   94   95  106   95   95   83   83   2007
              ------------------------------------------------------------------------------------------------------------------------------------
              TOTAL 2905 2857 2848 2848 2836 2827 2835 2834 2857 2864 2896 2899 2937 2939 2937 2956 2989 2999 2999 2995 2977 2958 2954 2905  69851
              MEAN    94   92   92   92   91   91   91   91   92   92   93   94   95   95   95   95   96   97   97   97   96   95   95   94   2253
              MAX    124  124  124  124  125  126  125  125  128  130  131  131  132  128  125  125  126  126  126  126  126  126  125  125   2992
                N     31   31   31   31   31   31   31   31   31   31   31   31   31   31   31   31   31   31   31   31   31   31   31   31     31
              NOTE                                                                                                                                
                                                                                                                                                  
                   *): WITH MISSING DATA; TOTAL,MEAN,MAXIMUM ESTIMATED                                                                            
                                                                                                                                                  
                                                                                                                                                  
