                                                                                                                                                  
                                                                                                                                                  
                                                                *******************************                                                   
                                                                  DOWNWARD LONGWAVE RADIATION                                                     
                                                                *******************************                                                   
                                                                                                                  COUNTRY = JAPAN                 
                                                                                                                                                  
                                                                                                                                                  
                                                                     UNIT  = 0.01 MJ/m**2                                                         
                        STATION    : Tateno                                                                                                       
                        STATION NO.: 47646                                                                                                        
                        LOCATION   : 140ﾟ08' E                                                                                                    
                                      36ﾟ03' N                                                                                                    
                        ALTITUDE   :   25.2  m                                                                                                    
                        YEAR/MONTH : 2023/04                                                                                                      
                                                                                                                                                  
              DATE   -01  -02  -03  -04  -05  -06  -07  -08  -09  -10  -11  -12  -13  -14  -15  -16  -17  -18  -19  -20  -21  -22  -23  -24  TOTAL
                                                                                                                                                  
               4 1   102  101  101  102  110  125  114  102  106  108  109  109  108  108  107  105  105  106  107  123  124  116  121  131   2650
               4 2   130  129  128  127  118  120  110  127  119  123  127  129  126  118  115  114  118  116  104  107  106  113  118  102   2844
               4 3    99   98   97   96   98   97   97   98  100  110  112  110  105  102  102  102  100   99   98   99   98   97   97   97   2408
               4 4    96   95   94   94   93   93   93   95   97   98  100  102  104  105  105  107  108  108  110  102  102  103  102  101   2407
               4 5   101  100  100  101  100  104  116  116  109  106  110  111  111  120  120  123  121  126  123  129  129  129  127  129   2761
               4 6   127  129  127  122  118  116  123  134  134  134  136  137  138  134  132  132  127  125  122  121  120  120  127  125   3060
               4 7   128  127  125  124  127  137  142  139  142  142  142  142  138  137  137  139  142  141  142  142  141  143  144  145   3308
               4 8   146  145  141  138  135  136  136  136  135  133  129  132  132  130  128  130  128  127  123  120  117  106   89   89   3061
               4 9    88   87   87   87   88   86   86   87   89   90   91   91   93   94   95   96   96   95   94   94   94   94   93   96   2191
               410    97   97   96   95   93   93   94   95   97   99  101  102  102  105  107  106  106  106  106  106  107  110  111  109   2440
               411   108  106  103  102  101  100  100  102  105  108  112  118  120  118  118  118  117  116  114  115  115  112  114  117   2659
               412   117  123  125  124  124  124  125  125  122  123  122  125  130  136  136  133  140  137  125  128  131  133  123  125   3056
               413   119  102   99   97   96   95   94   96   97   99  100  101  102  103  106  108  107  107  106  106  106  107  107  108   2468
               414   108  116  120  112  109  108  108  112  111  113  120  126  127  128  124  123  128  129  130  128  130  129  130  129   2898
               415   131  130  131  132  134  134  134  134  134  134  135  137  135  135  136  136  137  136  136  137  138  137  136  136   3235
               416   137  136  135  136  135  136  136  136  137  138  136  128  119  126  132  137  128  129  126  121  124  122  123  126   3139
               417   120  127  127  124  123  122  119  110  105  117  113  106  109  107  104  102  102  102  103  103  101  101  101  100   2648
               418   100   99   98   97   97  104  123  126  127  122  119  131  131  131  132  129  130  125  126  120  117  112  119  112   2827
               419   115  113  110  107  106  112  124  110  107  109  112  116  119  123  126  123  120  119  118  118  119  118  119  128   2791
               420   117  116  114  114  116  135  136  140  137  128  122  123  127  124  123  123  122  123  122  123  123  123  123  124   2978
               421   121  120  120  119  120  121  122  122  122  124  126  128  128  127  127  128  132  136  147  141  139  136  139  139   3084
               422   138  137  136  135  133  132  130  130  129  130  130  128  115  108  106  107  107  106  105  104  103  104  103  105   2861
               423   109  106  101   99   98   97   98   99  101  103  106  105  108  104  104  105  109  104  103  103  104  107  118  120   2511
               424   118  119  122  121  119  112  117  115  110  108  112  117  120  120  120  119  118  116  115  113  113  110  105  105   2764
               425   102  101  101   96   97   96   97   98  100  103  107  107  117  127  131  132  133  131  132  132  133  130  128  129   2760
               426   130  131  131  132  133  133  135  136  136  140  142  144  145  146  147  148  144  140  140  139  139  135  134  131   3311
               427   128  127  104   99   99   98   99  100  101  103  106  109  109  108  110  111  112  112  111  111  110  110  110  110   2597
               428   109  109  110  109  108  108  107  109  110  113  117  116  116  116  117  118  118  117  117  117  115  115  113  111   2715
               429   110  110  110  108  107  108  110  113  117  117  118  125  126  123  122  123  124  133  130  134  136  140  139  139   2922
               430   139  141  143  146  147  149  150  150  152  151  147  143  144  146  144  144  144  147  143  142  141  140  139  139   3471
              ------------------------------------------------------------------------------------------------------------------------------------
              TOTAL 3490 3477 3436 3395 3382 3431 3475 3492 3488 3526 3559 3598 3604 3609 3613 3621 3623 3614 3578 3578 3575 3552 3552 3557  84825
              MEAN   116  116  115  113  113  114  116  116  116  118  119  120  120  120  120  121  121  120  119  119  119  118  118  119   2828
              MAX    146  145  143  146  147  149  150  150  152  151  147  144  145  146  147  148  144  147  147  142  141  143  144  145   3471
                N     30   30   30   30   30   30   30   30   30   30   30   30   30   30   30   30   30   30   30   30   30   30   30   30     30
              NOTE                                                                                                                                
                                                                                                                                                  
                   *): WITH MISSING DATA; TOTAL,MEAN,MAXIMUM ESTIMATED                                                                            
                                                                                                                                                  
                                                                                                                                                  
                                                                                                                                                  
