                                                                                                                                                  
                                                                                                                                                  
                                                                *******************************                                                   
                                                                  DOWNWARD LONGWAVE RADIATION                                                     
                                                                *******************************                                                   
                                                                                                                  COUNTRY = JAPAN                 
                                                                                                                                                  
                                                                                                                                                  
                                                                     UNIT  = 0.01 MJ/m**2                                                         
                        STATION    : Tateno                                                                                                       
                        STATION NO.: 47646                                                                                                        
                        LOCATION   : 140ﾟ08' E                                                                                                    
                                      36ﾟ03' N                                                                                                    
                        ALTITUDE   :   25.2  m                                                                                                    
                        YEAR/MONTH : 2023/02                                                                                                      
                                                                                                                                                  
              DATE   -01  -02  -03  -04  -05  -06  -07  -08  -09  -10  -11  -12  -13  -14  -15  -16  -17  -18  -19  -20  -21  -22  -23  -24  TOTAL
                                                                                                                                                  
               2 1    81   82   81   80   80   79   79   80   81   83   86   88   91   92   94   95   96   95   95   94   93   92   92   92   2101
               2 2    91   90   90   88   87   85   83   82   80   78   81   83   84   90   98  102  105  105  103  100  101   98  102  108   2214
               2 3   107  111  111  111  110  108   99  100  109  106  105  105  109  111  111  109  107  107  110  111  109  100  100  101   2567
               2 4   108  104  106   90   98  109  109  105   94  103   93  108  112   99  101  106  106  102   96   95   94   92   90   88   2408
               2 5    87   85   84   83   83   83   83   82   83   84   86   87   88   90   90   91  100   96   97  102   99   93   94   92   2142
               2 6    91   90   89   88   90   88   87   87   88   90   91   92   92   92   93   94   96  101  105  102  105  110  108  107   2276
               2 7   104  111  113  113  108  114  112  114  113  109  103  118  116  113  117  116  115  117  122  119  114  119  123  124   2747
               2 8   118  119  118  115  121  119  120  119  113   94   97  101  107  100   96   96  107  112  119  116   99   92   88   86   2572
               2 9    85   84   82   82   82   81   81   81   82   82   84   85   86   85   88   87   85   84   82   82   82   82   81   81   1996
               210    87   85   97  107  109  110  112  113  113  113  114  114  115  115  116  116  117  118  118  118  118  118  118  119   2680
               211   119  111  101   93   89   87   87   88   89   90   91   92   93   95   95   95   94   93   94   94   98  101  105  107   2301
               212   112  109  108  115  113  104   96   91   98  108   96   98  101  115  112  110  111  111  114  112  111  114  116  116   2591
               213   110  120  124  126  127  126  125  125  126  126  126  126  125  125  124  123  122  122  121  120  120  119  112  102   2922
               214    99   87   86   84   82   82   81   82   82   83   84   86   85   85   84   85   88   94   83   79   78   79   78   79   2015
               215    81   98  100   97   90   77   76   76   78   81   82   81   84   82   83   87   84   80   79   78   78   77   76   76   1981
               216    76   75   75   74   74   74   74   74   75   76   77   78   80   81   82   82   83   83   83   83   84   86  108  107   1944
               217   106   96   84   83   83   89   86   98  100  100  106   98   91   91   93   92   93   92   91   91   91   91   90   90   2225
               218    90   88   87   87   87   85   85   86   87   90   93   95   97   99  112  114  119  111  111  106  103  103  104  105   2344
               219   104  121  124  107  107  112  108  112  116  111  109  112  119  126  123  119  123  117  121  125  125  119  111  109   2780
               220   107  105  105  100   94   92   90   89   90   90   91  107  112  109  112  108  113  117  119  119  115  104  101   92   2481
               221    88   82   86   78   76   76   77   77   78   79   80   84   84   89   91   81   80   79   79   78   78   78   77   77   1932
               222    77   77   76   76   75   75   75   75   76   78   79   80   81   83   84   85   86   88   88   88  105  115  117  116   2055
               223   119  119  119  119  118  119  118  117  114  112  109  103   97  110   98   97   97   97   96   96   95   95   95   97   2556
               224    97   99   96  101  107  103  105  114  117  116  118  122  124  126  121  122  123  123  125  125  123  120  124  123   2774
               225   109   96   94  114  123  121  117  117   92   91   94  103  116  117  117  115  115  113  115  115  110  109  108  102   2623
               226    92   81   78   79   78   78   78   79   80   82   83   85   87   88   89   87   86   85   84   83   84   84   84   84   1998
               227    84   84   83   83   82   82   81   82   83   84   85   87   88   89   90   91   91   91   89   90   91   91   91   91   2083
               228    91   90   89   87   86   85   84   84   86   87   90   93   97  101  102  102  103  101   99   98   97   97   96   96   2241
              ------------------------------------------------------------------------------------------------------------------------------------
              TOTAL 2720 2699 2686 2660 2659 2643 2608 2629 2623 2626 2633 2711 2761 2798 2816 2807 2845 2834 2838 2819 2800 2778 2789 2767  65549
              MEAN    97   96   96   95   95   94   93   94   94   94   94   97   99  100  101  100  102  101  101  101  100   99  100   99   2341
              MAX    119  121  124  126  127  126  125  125  126  126  126  126  125  126  124  123  123  123  125  125  125  120  124  124   2922
                N     28   28   28   28   28   28   28   28   28   28   28   28   28   28   28   28   28   28   28   28   28   28   28   28     28
              NOTE                                                                                                                                
                                                                                                                                                  
                   *): WITH MISSING DATA; TOTAL,MEAN,MAXIMUM ESTIMATED                                                                            
                                                                                                                                                  
                                                                                                                                                  
                                                                                                                                                  
                                                                                                                                                  
                                                                                                                                                  
